FY,FM,Char,Character Title,Sub-obj,Sub-object Title,Fund,Dept,Original Appn Balance,Total  (Original Appn Balance) No.8,Total  (Original Appn Balance) No.7,Total  (Original Appn Balance) No.6,Total  (Original Appn Balance) No.5,Total  (Original Appn Balance) No.4,Total  (Original Appn Balance) No.3,Total  (Original Appn Balance) No.2,Total  (Original Appn Balance) No.1,Fund Title,Department Title
2018,1,1,01 PERSONAL SERVICES,100,SALARY CONTROL                      0100,10,1,100000,100000,100000,100000,100000,100000,100000,100000,100000,010 GENERAL OPERATING FD,01 CITY COUNCIL
2018,1,1,01 PERSONAL SERVICES,101,PERM FULL TIME-CIVILIAN             0101,10,1,200000,300000,300000,300000,300000,300000,14787111,200000,300000,010 GENERAL OPERATING FD,01 CITY COUNCIL
2018,1,1,01 PERSONAL SERVICES,101,PERM FULL TIME-CIVILIAN             0101,10,1,14587111,14887111,14887111,14887111,14887111,14887111,14787111,14787111,14887111,010 GENERAL OPERATING FD,01 CITY COUNCIL
2018,1,1,01 PERSONAL SERVICES,111,PERM PART TIME                      0111,10,1,195000,15082111,15082111,15082111,15082111,15082111,195000,195000,15082111,010 GENERAL OPERATING FD,01 CITY COUNCIL
2018,1,1,01 PERSONAL SERVICES,121,TEMPORARY/SEASONAL                  0121,10,1,125000,15207111,15207111,15207111,15207111,15207111,125000,125000,15207111,010 GENERAL OPERATING FD,01 CITY COUNCIL
2018,1,2,02 PURCHASE OF SERVICES,201,CLEANING AND LAUNDERING             0201,10,1,485,15207596,15207596,15207596,15207596,485,485,485,15207596,010 GENERAL OPERATING FD,01 CITY COUNCIL
2018,1,2,02 PURCHASE OF SERVICES,202,JANITORIAL SERVICES                 0202,10,1,2500,15210096,15210096,15210096,15210096,2985,2500,2500,15210096,010 GENERAL OPERATING FD,01 CITY COUNCIL
2018,1,2,02 PURCHASE OF SERVICES,209,TELEPHONE                           0209,10,1,2000,15212096,15212096,15212096,15212096,4985,2000,2000,15212096,010 GENERAL OPERATING FD,01 CITY COUNCIL
2018,1,2,02 PURCHASE OF SERVICES,210,POSTAGE                             0210,10,1,135000,15347096,15347096,15347096,15347096,139985,135000,135000,15347096,010 GENERAL OPERATING FD,01 CITY COUNCIL
2018,1,2,02 PURCHASE OF SERVICES,211,TRANSPORTATION                      0211,10,1,10000,15357096,15357096,15357096,15357096,149985,10000,10000,15357096,010 GENERAL OPERATING FD,01 CITY COUNCIL
2018,1,2,02 PURCHASE OF SERVICES,216,COMMERCIAL OFF-SHELF COMP SOFTWARE  0216,10,1,10000,15367096,15367096,15367096,15367096,159985,10000,10000,15367096,010 GENERAL OPERATING FD,01 CITY COUNCIL
2018,1,2,02 PURCHASE OF SERVICES,230,MEALS-NON-TRAVEL & OFFICL ENTERTAIN 0230,10,1,5000,15372096,15372096,15372096,15372096,164985,5000,5000,15372096,010 GENERAL OPERATING FD,01 CITY COUNCIL
2018,1,2,02 PURCHASE OF SERVICES,240,ADVERTISING/PROMOTIONAL ACTIVITIES  0240,10,1,600000,15972096,15972096,15972096,15972096,764985,600000,600000,15972096,010 GENERAL OPERATING FD,01 CITY COUNCIL
2018,1,2,02 PURCHASE OF SERVICES,250,PROFESSIONAL CONSULT/SPEC SERVICES  0250,10,1,672400,16644496,16644496,16644496,16644496,1437385,672400,672400,16644496,010 GENERAL OPERATING FD,01 CITY COUNCIL
2018,1,2,02 PURCHASE OF SERVICES,251,INFORMATION TECHNOLOGY-PROF SERVICE 0251,10,1,150000,16794496,16794496,16794496,16794496,1587385,150000,150000,16794496,010 GENERAL OPERATING FD,01 CITY COUNCIL
2018,1,2,02 PURCHASE OF SERVICES,255,DUES                                0255,10,1,2500,16796996,16796996,16796996,16796996,1589885,2500,2500,16796996,010 GENERAL OPERATING FD,01 CITY COUNCIL
2018,1,2,02 PURCHASE OF SERVICES,256,SEMINAR AND TRAINING SESSIONS       0256,10,1,5000,16801996,16801996,16801996,16801996,1594885,5000,5000,16801996,010 GENERAL OPERATING FD,01 CITY COUNCIL
2018,1,2,02 PURCHASE OF SERVICES,258,COURT REPORTERS                     0258,10,1,150000,16951996,16951996,16951996,16951996,1744885,150000,150000,16951996,010 GENERAL OPERATING FD,01 CITY COUNCIL
2018,1,2,02 PURCHASE OF SERVICES,260,REPAIR AND MAINTENANCE CHARGES      0260,10,1,50000,17001996,17001996,17001996,17001996,1794885,50000,50000,17001996,010 GENERAL OPERATING FD,01 CITY COUNCIL
2018,1,2,02 PURCHASE OF SERVICES,266,MAINT/SUPPORT-COMPUTR HARDWARE/SOFT 0266,10,1,25000,17026996,17026996,17026996,17026996,1819885,25000,25000,17026996,010 GENERAL OPERATING FD,01 CITY COUNCIL
2018,1,2,02 PURCHASE OF SERVICES,285,RENTS                               0285,10,1,2000,17028996,17028996,17028996,17028996,1821885,152000,2000,17028996,010 GENERAL OPERATING FD,01 CITY COUNCIL
2018,1,2,02 PURCHASE OF SERVICES,285,RENTS                               0285,10,1,150000,17178996,17178996,17178996,17178996,1971885,152000,152000,17178996,010 GENERAL OPERATING FD,01 CITY COUNCIL
2018,1,3,03 MATERIALS AND SUPPLIES,301,AGRICULTURAL AND BOTANICAL          0301,10,1,750,17179746,17179746,17179746,17179746,750,750,750,17179746,010 GENERAL OPERATING FD,01 CITY COUNCIL
2018,1,3,03 MATERIALS AND SUPPLIES,304,BOOKS AND OTHER PUBLICATIONS        0304,10,1,50000,17229746,17229746,17229746,17229746,50750,160000,50000,17229746,010 GENERAL OPERATING FD,01 CITY COUNCIL
2018,1,3,03 MATERIALS AND SUPPLIES,304,BOOKS AND OTHER PUBLICATIONS        0304,10,1,110000,17339746,17339746,17339746,17339746,160750,160000,160000,17339746,010 GENERAL OPERATING FD,01 CITY COUNCIL
2018,1,3,03 MATERIALS AND SUPPLIES,305,BUILDING AND CONSTRUCTION           0305,10,1,750,17340496,17340496,17340496,17340496,161500,750,750,17340496,010 GENERAL OPERATING FD,01 CITY COUNCIL
2018,1,3,03 MATERIALS AND SUPPLIES,309,CORDAGE AND FIBERS                  0309,10,1,1000,17341496,17341496,17341496,17341496,162500,1000,1000,17341496,010 GENERAL OPERATING FD,01 CITY COUNCIL
2018,1,3,03 MATERIALS AND SUPPLIES,310,ELECTRICAL AND COMMUNICATION        0310,10,1,3500,17344996,17344996,17344996,17344996,166000,3500,3500,17344996,010 GENERAL OPERATING FD,01 CITY COUNCIL
2018,1,3,03 MATERIALS AND SUPPLIES,313,FOOD                                0313,10,1,7500,17352496,17352496,17352496,17352496,173500,7500,7500,17352496,010 GENERAL OPERATING FD,01 CITY COUNCIL
2018,1,3,03 MATERIALS AND SUPPLIES,316,GENERAL HARDWARE AND MINOR TOOLS    0316,10,1,1000,17353496,17353496,17353496,17353496,174500,1000,1000,17353496,010 GENERAL OPERATING FD,01 CITY COUNCIL
2018,1,3,03 MATERIALS AND SUPPLIES,318,"JANITORIAL, LAUNDRY AND HOUSEHOLD   0318",10,1,5000,17358496,17358496,17358496,17358496,179500,5000,5000,17358496,010 GENERAL OPERATING FD,01 CITY COUNCIL
2018,1,3,03 MATERIALS AND SUPPLIES,320,OFFICE MATERIALS AND SUPPLIES       0320,10,1,70000,17428496,17428496,17428496,17428496,249500,70000,70000,17428496,010 GENERAL OPERATING FD,01 CITY COUNCIL
2018,1,3,03 MATERIALS AND SUPPLIES,324,"PRECISION, PHOTOGRAPHIC AND ARTISTS 0324",10,1,1500,17429996,17429996,17429996,17429996,251000,1500,1500,17429996,010 GENERAL OPERATING FD,01 CITY COUNCIL
2018,1,3,03 MATERIALS AND SUPPLIES,325,PRINTING                            0325,10,1,128000,17557996,17557996,17557996,17557996,379000,128000,128000,17557996,010 GENERAL OPERATING FD,01 CITY COUNCIL
2018,1,4,04 EQUIPMENT,420,OFFICE EQUIPMENT                    0420,10,1,25000,17582996,17582996,17582996,17582996,25000,25000,25000,17582996,010 GENERAL OPERATING FD,01 CITY COUNCIL
2018,1,4,04 EQUIPMENT,423,PLUMBING/AIR CONDITIONING/SPACE HTG 0423,10,1,4000,17586996,17586996,17586996,17586996,29000,4000,4000,17586996,010 GENERAL OPERATING FD,01 CITY COUNCIL
2018,1,4,04 EQUIPMENT,427,COMPUTER EQUIPMENT & PERIPHERALS    0427,10,1,60000,17646996,17646996,17646996,17646996,89000,60000,60000,17646996,010 GENERAL OPERATING FD,01 CITY COUNCIL
2018,1,4,04 EQUIPMENT,430,FURNITURE AND FURNISHINGS           0430,10,1,60650,17707646,17707646,17707646,17707646,149650,60650,60650,17707646,010 GENERAL OPERATING FD,01 CITY COUNCIL
2018,1,5,"05 CONTRIBUTIONS,INDEMNITIES,REFDS,TAXES",599,OTHER EXPENSES (NOC)                0599,10,1,100,17707746,17707746,17707746,17707746,100,100,100,17707746,010 GENERAL OPERATING FD,01 CITY COUNCIL
2018,1,8,08 PAYMENTS TO OTHER FUNDS,800,PMT TO OTHER FUNDS CONTROL          0800,10,1,100,17707846,17707846,17707846,17707846,100,100,100,17707846,010 GENERAL OPERATING FD,01 CITY COUNCIL
2018,1,9,09 ADVANCES & OTHER MISC PAYMENTS,999,STANDBY AUTHORIZATIONS              0999,10,1,100,17707946,17707946,17707946,17707946,100,100,100,17707946,010 GENERAL OPERATING FD,01 CITY COUNCIL
2018,1,1,01 PERSONAL SERVICES,100,SALARY CONTROL                      0100,10,3,4508,17712454,17712454,17712454,4508,4508,4508,4508,17712454,010 GENERAL OPERATING FD,03 MAYOR'S OFFICE-LABOR RELATIONS
2018,1,1,01 PERSONAL SERVICES,101,PERM FULL TIME-CIVILIAN             0101,10,3,747333,18459787,18459787,18459787,751841,751841,1583951,747333,18459787,010 GENERAL OPERATING FD,03 MAYOR'S OFFICE-LABOR RELATIONS
2018,1,1,01 PERSONAL SERVICES,101,PERM FULL TIME-CIVILIAN             0101,10,3,836618,19296405,19296405,19296405,1588459,1588459,1583951,1583951,19296405,010 GENERAL OPERATING FD,03 MAYOR'S OFFICE-LABOR RELATIONS
2018,1,2,02 PURCHASE OF SERVICES,209,TELEPHONE                           0209,10,3,1000,19297405,19297405,19297405,1589459,1000,1000,1000,19297405,010 GENERAL OPERATING FD,03 MAYOR'S OFFICE-LABOR RELATIONS
2018,1,2,02 PURCHASE OF SERVICES,211,TRANSPORTATION                      0211,10,3,1500,19298905,19298905,19298905,1590959,2500,2100,1500,19298905,010 GENERAL OPERATING FD,03 MAYOR'S OFFICE-LABOR RELATIONS
2018,1,2,02 PURCHASE OF SERVICES,211,TRANSPORTATION                      0211,10,3,600,19299505,19299505,19299505,1591559,3100,2100,2100,19299505,010 GENERAL OPERATING FD,03 MAYOR'S OFFICE-LABOR RELATIONS
2018,1,2,02 PURCHASE OF SERVICES,250,PROFESSIONAL CONSULT/SPEC SERVICES  0250,10,3,2500,19302005,19302005,19302005,1594059,5600,2500,2500,19302005,010 GENERAL OPERATING FD,03 MAYOR'S OFFICE-LABOR RELATIONS
2018,1,2,02 PURCHASE OF SERVICES,255,DUES                                0255,10,3,500,19302505,19302505,19302505,1594559,6100,500,500,19302505,010 GENERAL OPERATING FD,03 MAYOR'S OFFICE-LABOR RELATIONS
2018,1,2,02 PURCHASE OF SERVICES,256,SEMINAR AND TRAINING SESSIONS       0256,10,3,2500,19305005,19305005,19305005,1597059,8600,11177,2500,19305005,010 GENERAL OPERATING FD,03 MAYOR'S OFFICE-LABOR RELATIONS
2018,1,2,02 PURCHASE OF SERVICES,256,SEMINAR AND TRAINING SESSIONS       0256,10,3,8677,19313682,19313682,19313682,1605736,17277,11177,11177,19313682,010 GENERAL OPERATING FD,03 MAYOR'S OFFICE-LABOR RELATIONS
2018,1,3,03 MATERIALS AND SUPPLIES,304,BOOKS AND OTHER PUBLICATIONS        0304,10,3,5460,19319142,19319142,19319142,1611196,5460,5460,5460,19319142,010 GENERAL OPERATING FD,03 MAYOR'S OFFICE-LABOR RELATIONS
2018,1,3,03 MATERIALS AND SUPPLIES,313,FOOD                                0313,10,3,500,19319642,19319642,19319642,1611696,5960,500,500,19319642,010 GENERAL OPERATING FD,03 MAYOR'S OFFICE-LABOR RELATIONS
2018,1,3,03 MATERIALS AND SUPPLIES,320,OFFICE MATERIALS AND SUPPLIES       0320,10,3,2100,19321742,19321742,19321742,1613796,8060,2900,2100,19321742,010 GENERAL OPERATING FD,03 MAYOR'S OFFICE-LABOR RELATIONS
2018,1,3,03 MATERIALS AND SUPPLIES,320,OFFICE MATERIALS AND SUPPLIES       0320,10,3,800,19322542,19322542,19322542,1614596,8860,2900,2900,19322542,010 GENERAL OPERATING FD,03 MAYOR'S OFFICE-LABOR RELATIONS
2018,1,3,03 MATERIALS AND SUPPLIES,325,PRINTING                            0325,10,3,500,19323042,19323042,19323042,1615096,9360,1200,500,19323042,010 GENERAL OPERATING FD,03 MAYOR'S OFFICE-LABOR RELATIONS
2018,1,3,03 MATERIALS AND SUPPLIES,325,PRINTING                            0325,10,3,700,19323742,19323742,19323742,1615796,10060,1200,1200,19323742,010 GENERAL OPERATING FD,03 MAYOR'S OFFICE-LABOR RELATIONS
2018,1,4,04 EQUIPMENT,420,OFFICE EQUIPMENT                    0420,10,3,1600,19325342,19325342,19325342,1617396,1600,1600,1600,19325342,010 GENERAL OPERATING FD,03 MAYOR'S OFFICE-LABOR RELATIONS
2018,1,1,01 PERSONAL SERVICES,100,SALARY CONTROL                      0100,10,4,71803,19397145,19397145,19397145,71803,71803,177584,71803,19397145,010 GENERAL OPERATING FD,04 MDO-OFFICE OF TECHNOLOGY
2018,1,1,01 PERSONAL SERVICES,100,SALARY CONTROL                      0100,10,4,80000,19477145,19477145,19477145,151803,151803,177584,151803,19477145,010 GENERAL OPERATING FD,04 MDO-OFFICE OF TECHNOLOGY
2018,1,1,01 PERSONAL SERVICES,100,SALARY CONTROL                      0100,10,4,25781,19502926,19502926,19502926,177584,177584,177584,177584,19502926,010 GENERAL OPERATING FD,04 MDO-OFFICE OF TECHNOLOGY
2018,1,1,01 PERSONAL SERVICES,101,PERM FULL TIME-CIVILIAN             0101,10,4,9128185,28631111,28631111,28631111,9305769,9305769,19863386,9128185,28631111,010 GENERAL OPERATING FD,04 MDO-OFFICE OF TECHNOLOGY
2018,1,1,01 PERSONAL SERVICES,101,PERM FULL TIME-CIVILIAN             0101,10,4,7470923,36102034,36102034,36102034,16776692,16776692,19863386,16599108,36102034,010 GENERAL OPERATING FD,04 MDO-OFFICE OF TECHNOLOGY
2018,1,1,01 PERSONAL SERVICES,101,PERM FULL TIME-CIVILIAN             0101,10,4,906588,37008622,37008622,37008622,17683280,17683280,19863386,17505696,37008622,010 GENERAL OPERATING FD,04 MDO-OFFICE OF TECHNOLOGY
2018,1,1,01 PERSONAL SERVICES,101,PERM FULL TIME-CIVILIAN             0101,10,4,2357690,39366312,39366312,39366312,20040970,20040970,19863386,19863386,39366312,010 GENERAL OPERATING FD,04 MDO-OFFICE OF TECHNOLOGY
2018,1,1,01 PERSONAL SERVICES,109,PLUS/MINUS GROSS ADJ                0109,10,4,44144,39410456,39410456,39410456,20085114,20085114,44144,44144,39410456,010 GENERAL OPERATING FD,04 MDO-OFFICE OF TECHNOLOGY
2018,1,1,01 PERSONAL SERVICES,111,PERM PART TIME                      0111,10,4,15000,39425456,39425456,39425456,20100114,20100114,30000,15000,39425456,010 GENERAL OPERATING FD,04 MDO-OFFICE OF TECHNOLOGY
2018,1,1,01 PERSONAL SERVICES,111,PERM PART TIME                      0111,10,4,15000,39440456,39440456,39440456,20115114,20115114,30000,30000,39440456,010 GENERAL OPERATING FD,04 MDO-OFFICE OF TECHNOLOGY
2018,1,1,01 PERSONAL SERVICES,121,TEMPORARY/SEASONAL                  0121,10,4,76992,39517448,39517448,39517448,20192106,20192106,76992,76992,39517448,010 GENERAL OPERATING FD,04 MDO-OFFICE OF TECHNOLOGY
2018,1,1,01 PERSONAL SERVICES,161,OVERTIME-CIVILIAN                   0161,10,4,137662,39655110,39655110,39655110,20329768,20329768,713873,137662,39655110,010 GENERAL OPERATING FD,04 MDO-OFFICE OF TECHNOLOGY
2018,1,1,01 PERSONAL SERVICES,161,OVERTIME-CIVILIAN                   0161,10,4,480000,40135110,40135110,40135110,20809768,20809768,713873,617662,40135110,010 GENERAL OPERATING FD,04 MDO-OFFICE OF TECHNOLOGY
2018,1,1,01 PERSONAL SERVICES,161,OVERTIME-CIVILIAN                   0161,10,4,96211,40231321,40231321,40231321,20905979,20905979,713873,713873,40231321,010 GENERAL OPERATING FD,04 MDO-OFFICE OF TECHNOLOGY
2018,1,1,01 PERSONAL SERVICES,171,"HOLIDAY ""G""(2/3 SHIFTS)             0171",10,4,23000,40254321,40254321,40254321,20928979,20928979,48880,23000,40254321,010 GENERAL OPERATING FD,04 MDO-OFFICE OF TECHNOLOGY
2018,1,1,01 PERSONAL SERVICES,171,"HOLIDAY ""G""(2/3 SHIFTS)             0171",10,4,5880,40260201,40260201,40260201,20934859,20934859,48880,28880,40260201,010 GENERAL OPERATING FD,04 MDO-OFFICE OF TECHNOLOGY
2018,1,1,01 PERSONAL SERVICES,171,"HOLIDAY ""G""(2/3 SHIFTS)             0171",10,4,20000,40280201,40280201,40280201,20954859,20954859,48880,48880,40280201,010 GENERAL OPERATING FD,04 MDO-OFFICE OF TECHNOLOGY
2018,1,1,01 PERSONAL SERVICES,181,SHIFT                               0181,10,4,4208,40284409,40284409,40284409,20959067,20959067,12188,4208,40284409,010 GENERAL OPERATING FD,04 MDO-OFFICE OF TECHNOLOGY
2018,1,1,01 PERSONAL SERVICES,181,SHIFT                               0181,10,4,1980,40286389,40286389,40286389,20961047,20961047,12188,6188,40286389,010 GENERAL OPERATING FD,04 MDO-OFFICE OF TECHNOLOGY
2018,1,1,01 PERSONAL SERVICES,181,SHIFT                               0181,10,4,6000,40292389,40292389,40292389,20967047,20967047,12188,12188,40292389,010 GENERAL OPERATING FD,04 MDO-OFFICE OF TECHNOLOGY
2018,1,1,01 PERSONAL SERVICES,199,SICK PAY(B TIME)-CIVILIAN           0199,10,4,23956,40316345,40316345,40316345,20991003,20991003,51956,23956,40316345,010 GENERAL OPERATING FD,04 MDO-OFFICE OF TECHNOLOGY
2018,1,1,01 PERSONAL SERVICES,199,SICK PAY(B TIME)-CIVILIAN           0199,10,4,8000,40324345,40324345,40324345,20999003,20999003,51956,31956,40324345,010 GENERAL OPERATING FD,04 MDO-OFFICE OF TECHNOLOGY
2018,1,1,01 PERSONAL SERVICES,199,SICK PAY(B TIME)-CIVILIAN           0199,10,4,20000,40344345,40344345,40344345,21019003,21019003,51956,51956,40344345,010 GENERAL OPERATING FD,04 MDO-OFFICE OF TECHNOLOGY
2018,1,2,02 PURCHASE OF SERVICES,201,CLEANING AND LAUNDERING             0201,10,4,30000,40374345,40374345,40374345,21049003,30000,30000,30000,40374345,010 GENERAL OPERATING FD,04 MDO-OFFICE OF TECHNOLOGY
2018,1,2,02 PURCHASE OF SERVICES,209,TELEPHONE                           0209,10,4,1800000,42174345,42174345,42174345,22849003,1830000,11458753,1800000,42174345,010 GENERAL OPERATING FD,04 MDO-OFFICE OF TECHNOLOGY
2018,1,2,02 PURCHASE OF SERVICES,209,TELEPHONE                           0209,10,4,9658753,51833098,51833098,51833098,32507756,11488753,11458753,11458753,51833098,010 GENERAL OPERATING FD,04 MDO-OFFICE OF TECHNOLOGY
2018,1,2,02 PURCHASE OF SERVICES,210,POSTAGE                             0210,10,4,2750,51835848,51835848,51835848,32510506,11491503,2750,2750,51835848,010 GENERAL OPERATING FD,04 MDO-OFFICE OF TECHNOLOGY
2018,1,2,02 PURCHASE OF SERVICES,211,TRANSPORTATION                      0211,10,4,500,51836348,51836348,51836348,32511006,11492003,12268,500,51836348,010 GENERAL OPERATING FD,04 MDO-OFFICE OF TECHNOLOGY
2018,1,2,02 PURCHASE OF SERVICES,211,TRANSPORTATION                      0211,10,4,10268,51846616,51846616,51846616,32521274,11502271,12268,10768,51846616,010 GENERAL OPERATING FD,04 MDO-OFFICE OF TECHNOLOGY
2018,1,2,02 PURCHASE OF SERVICES,211,TRANSPORTATION                      0211,10,4,1500,51848116,51848116,51848116,32522774,11503771,12268,12268,51848116,010 GENERAL OPERATING FD,04 MDO-OFFICE OF TECHNOLOGY
2018,1,2,02 PURCHASE OF SERVICES,216,COMMERCIAL OFF-SHELF COMP SOFTWARE  0216,10,4,807679,52655795,52655795,52655795,33330453,12311450,7511517,807679,52655795,010 GENERAL OPERATING FD,04 MDO-OFFICE OF TECHNOLOGY
2018,1,2,02 PURCHASE OF SERVICES,216,COMMERCIAL OFF-SHELF COMP SOFTWARE  0216,10,4,128769,52784564,52784564,52784564,33459222,12440219,7511517,936448,52784564,010 GENERAL OPERATING FD,04 MDO-OFFICE OF TECHNOLOGY
2018,1,2,02 PURCHASE OF SERVICES,216,COMMERCIAL OFF-SHELF COMP SOFTWARE  0216,10,4,6574469,59359033,59359033,59359033,40033691,19014688,7511517,7510917,59359033,010 GENERAL OPERATING FD,04 MDO-OFFICE OF TECHNOLOGY
2018,1,2,02 PURCHASE OF SERVICES,216,COMMERCIAL OFF-SHELF COMP SOFTWARE  0216,10,4,600,59359633,59359633,59359633,40034291,19015288,7511517,7511517,59359633,010 GENERAL OPERATING FD,04 MDO-OFFICE OF TECHNOLOGY
2018,1,2,02 PURCHASE OF SERVICES,250,PROFESSIONAL CONSULT/SPEC SERVICES  0250,10,4,20000,59379633,59379633,59379633,40054291,19035288,106609,20000,59379633,010 GENERAL OPERATING FD,04 MDO-OFFICE OF TECHNOLOGY
2018,1,2,02 PURCHASE OF SERVICES,250,PROFESSIONAL CONSULT/SPEC SERVICES  0250,10,4,1800,59381433,59381433,59381433,40056091,19037088,106609,21800,59381433,010 GENERAL OPERATING FD,04 MDO-OFFICE OF TECHNOLOGY
2018,1,2,02 PURCHASE OF SERVICES,250,PROFESSIONAL CONSULT/SPEC SERVICES  0250,10,4,65000,59446433,59446433,59446433,40121091,19102088,106609,86800,59446433,010 GENERAL OPERATING FD,04 MDO-OFFICE OF TECHNOLOGY
2018,1,2,02 PURCHASE OF SERVICES,250,PROFESSIONAL CONSULT/SPEC SERVICES  0250,10,4,19809,59466242,59466242,59466242,40140900,19121897,106609,106609,59466242,010 GENERAL OPERATING FD,04 MDO-OFFICE OF TECHNOLOGY
2018,1,2,02 PURCHASE OF SERVICES,251,INFORMATION TECHNOLOGY-PROF SERVICE 0251,10,4,593350,60059592,60059592,60059592,40734250,19715247,20506234,593350,60059592,010 GENERAL OPERATING FD,04 MDO-OFFICE OF TECHNOLOGY
2018,1,2,02 PURCHASE OF SERVICES,251,INFORMATION TECHNOLOGY-PROF SERVICE 0251,10,4,1679393,61738985,61738985,61738985,42413643,21394640,20506234,2272743,61738985,010 GENERAL OPERATING FD,04 MDO-OFFICE OF TECHNOLOGY
2018,1,2,02 PURCHASE OF SERVICES,251,INFORMATION TECHNOLOGY-PROF SERVICE 0251,10,4,8388959,70127944,70127944,70127944,50802602,29783599,20506234,10661702,70127944,010 GENERAL OPERATING FD,04 MDO-OFFICE OF TECHNOLOGY
2018,1,2,02 PURCHASE OF SERVICES,251,INFORMATION TECHNOLOGY-PROF SERVICE 0251,10,4,9844532,79972476,79972476,79972476,60647134,39628131,20506234,20506234,79972476,010 GENERAL OPERATING FD,04 MDO-OFFICE OF TECHNOLOGY
2018,1,2,02 PURCHASE OF SERVICES,255,DUES                                0255,10,4,13675,79986151,79986151,79986151,60660809,39641806,13774,13675,79986151,010 GENERAL OPERATING FD,04 MDO-OFFICE OF TECHNOLOGY
2018,1,2,02 PURCHASE OF SERVICES,255,DUES                                0255,10,4,99,79986250,79986250,79986250,60660908,39641905,13774,13774,79986250,010 GENERAL OPERATING FD,04 MDO-OFFICE OF TECHNOLOGY
2018,1,2,02 PURCHASE OF SERVICES,256,SEMINAR AND TRAINING SESSIONS       0256,10,4,33700,80019950,80019950,80019950,60694608,39675605,96096,33700,80019950,010 GENERAL OPERATING FD,04 MDO-OFFICE OF TECHNOLOGY
2018,1,2,02 PURCHASE OF SERVICES,256,SEMINAR AND TRAINING SESSIONS       0256,10,4,9080,80029030,80029030,80029030,60703688,39684685,96096,42780,80029030,010 GENERAL OPERATING FD,04 MDO-OFFICE OF TECHNOLOGY
2018,1,2,02 PURCHASE OF SERVICES,256,SEMINAR AND TRAINING SESSIONS       0256,10,4,53316,80082346,80082346,80082346,60757004,39738001,96096,96096,80082346,010 GENERAL OPERATING FD,04 MDO-OFFICE OF TECHNOLOGY
2018,1,2,02 PURCHASE OF SERVICES,260,REPAIR AND MAINTENANCE CHARGES      0260,10,4,3340578,83422924,83422924,83422924,64097582,43078579,5115956,3340578,83422924,010 GENERAL OPERATING FD,04 MDO-OFFICE OF TECHNOLOGY
2018,1,2,02 PURCHASE OF SERVICES,260,REPAIR AND MAINTENANCE CHARGES      0260,10,4,132914,83555838,83555838,83555838,64230496,43211493,5115956,3473492,83555838,010 GENERAL OPERATING FD,04 MDO-OFFICE OF TECHNOLOGY
2018,1,2,02 PURCHASE OF SERVICES,260,REPAIR AND MAINTENANCE CHARGES      0260,10,4,1622053,85177891,85177891,85177891,65852549,44833546,5115956,5095545,85177891,010 GENERAL OPERATING FD,04 MDO-OFFICE OF TECHNOLOGY
2018,1,2,02 PURCHASE OF SERVICES,260,REPAIR AND MAINTENANCE CHARGES      0260,10,4,20411,85198302,85198302,85198302,65872960,44853957,5115956,5115956,85198302,010 GENERAL OPERATING FD,04 MDO-OFFICE OF TECHNOLOGY
2018,1,2,02 PURCHASE OF SERVICES,266,MAINT/SUPPORT-COMPUTR HARDWARE/SOFT 0266,10,4,1634347,86832649,86832649,86832649,67507307,46488304,7436510,1634347,86832649,010 GENERAL OPERATING FD,04 MDO-OFFICE OF TECHNOLOGY
2018,1,2,02 PURCHASE OF SERVICES,266,MAINT/SUPPORT-COMPUTR HARDWARE/SOFT 0266,10,4,2377730,89210379,89210379,89210379,69885037,48866034,7436510,4012077,89210379,010 GENERAL OPERATING FD,04 MDO-OFFICE OF TECHNOLOGY
2018,1,2,02 PURCHASE OF SERVICES,266,MAINT/SUPPORT-COMPUTR HARDWARE/SOFT 0266,10,4,1099522,90309901,90309901,90309901,70984559,49965556,7436510,5111599,90309901,010 GENERAL OPERATING FD,04 MDO-OFFICE OF TECHNOLOGY
2018,1,2,02 PURCHASE OF SERVICES,266,MAINT/SUPPORT-COMPUTR HARDWARE/SOFT 0266,10,4,2324911,92634812,92634812,92634812,73309470,52290467,7436510,7436510,92634812,010 GENERAL OPERATING FD,04 MDO-OFFICE OF TECHNOLOGY
2018,1,2,02 PURCHASE OF SERVICES,282,RENT/LEASE-PURCHASE COMPUTER EQUIP  0282,10,4,7000,92641812,92641812,92641812,73316470,52297467,53310,7000,92641812,010 GENERAL OPERATING FD,04 MDO-OFFICE OF TECHNOLOGY
2018,1,2,02 PURCHASE OF SERVICES,282,RENT/LEASE-PURCHASE COMPUTER EQUIP  0282,10,4,46310,92688122,92688122,92688122,73362780,52343777,53310,53310,92688122,010 GENERAL OPERATING FD,04 MDO-OFFICE OF TECHNOLOGY
2018,1,2,02 PURCHASE OF SERVICES,285,RENTS                               0285,10,4,784180,93472302,93472302,93472302,74146960,53127957,784180,784180,93472302,010 GENERAL OPERATING FD,04 MDO-OFFICE OF TECHNOLOGY
2018,1,3,03 MATERIALS AND SUPPLIES,310,ELECTRICAL AND COMMUNICATION        0310,10,4,12901,93485203,93485203,93485203,74159861,12901,1261459,12901,93485203,010 GENERAL OPERATING FD,04 MDO-OFFICE OF TECHNOLOGY
2018,1,3,03 MATERIALS AND SUPPLIES,310,ELECTRICAL AND COMMUNICATION        0310,10,4,1059426,94544629,94544629,94544629,75219287,1072327,1261459,1072327,94544629,010 GENERAL OPERATING FD,04 MDO-OFFICE OF TECHNOLOGY
2018,1,3,03 MATERIALS AND SUPPLIES,310,ELECTRICAL AND COMMUNICATION        0310,10,4,189132,94733761,94733761,94733761,75408419,1261459,1261459,1261459,94733761,010 GENERAL OPERATING FD,04 MDO-OFFICE OF TECHNOLOGY
2018,1,3,03 MATERIALS AND SUPPLIES,312,FIRE FIGHTING AND SAFETY            0312,10,4,19152,94752913,94752913,94752913,75427571,1280611,19152,19152,94752913,010 GENERAL OPERATING FD,04 MDO-OFFICE OF TECHNOLOGY
2018,1,3,03 MATERIALS AND SUPPLIES,320,OFFICE MATERIALS AND SUPPLIES       0320,10,4,69625,94822538,94822538,94822538,75497196,1350236,133323,69625,94822538,010 GENERAL OPERATING FD,04 MDO-OFFICE OF TECHNOLOGY
2018,1,3,03 MATERIALS AND SUPPLIES,320,OFFICE MATERIALS AND SUPPLIES       0320,10,4,63698,94886236,94886236,94886236,75560894,1413934,133323,133323,94886236,010 GENERAL OPERATING FD,04 MDO-OFFICE OF TECHNOLOGY
2018,1,3,03 MATERIALS AND SUPPLIES,324,"PRECISION, PHOTOGRAPHIC AND ARTISTS 0324",10,4,12000,94898236,94898236,94898236,75572894,1425934,12000,12000,94898236,010 GENERAL OPERATING FD,04 MDO-OFFICE OF TECHNOLOGY
2018,1,3,03 MATERIALS AND SUPPLIES,325,PRINTING                            0325,10,4,620,94898856,94898856,94898856,75573514,1426554,620,620,94898856,010 GENERAL OPERATING FD,04 MDO-OFFICE OF TECHNOLOGY
2018,1,3,03 MATERIALS AND SUPPLIES,399,OTHER MATERIALS AND SUPPLIES (NOC)  0399,10,4,7339,94906195,94906195,94906195,75580853,1433893,7339,7339,94906195,010 GENERAL OPERATING FD,04 MDO-OFFICE OF TECHNOLOGY
2018,1,4,04 EQUIPMENT,410,ELECTRICAL LIGHTING COMMUNICATION   0410,10,4,401000,95307195,95307195,95307195,75981853,401000,401000,401000,95307195,010 GENERAL OPERATING FD,04 MDO-OFFICE OF TECHNOLOGY
2018,1,4,04 EQUIPMENT,423,PLUMBING/AIR CONDITIONING/SPACE HTG 0423,10,4,45000,95352195,95352195,95352195,76026853,446000,45000,45000,95352195,010 GENERAL OPERATING FD,04 MDO-OFFICE OF TECHNOLOGY
2018,1,4,04 EQUIPMENT,424,"PRECISION, PHOTOGRAPHIC AND ARTIST  0424",10,4,4000,95356195,95356195,95356195,76030853,450000,4000,4000,95356195,010 GENERAL OPERATING FD,04 MDO-OFFICE OF TECHNOLOGY
2018,1,4,04 EQUIPMENT,427,COMPUTER EQUIPMENT & PERIPHERALS    0427,10,4,84778,95440973,95440973,95440973,76115631,534778,6217761,84778,95440973,010 GENERAL OPERATING FD,04 MDO-OFFICE OF TECHNOLOGY
2018,1,4,04 EQUIPMENT,427,COMPUTER EQUIPMENT & PERIPHERALS    0427,10,4,2433027,97874000,97874000,97874000,78548658,2967805,6217761,2517805,97874000,010 GENERAL OPERATING FD,04 MDO-OFFICE OF TECHNOLOGY
2018,1,4,04 EQUIPMENT,427,COMPUTER EQUIPMENT & PERIPHERALS    0427,10,4,2511553,100385553,100385553,100385553,81060211,5479358,6217761,5029358,100385553,010 GENERAL OPERATING FD,04 MDO-OFFICE OF TECHNOLOGY
2018,1,4,04 EQUIPMENT,427,COMPUTER EQUIPMENT & PERIPHERALS    0427,10,4,1188403,101573956,101573956,101573956,82248614,6667761,6217761,6217761,101573956,010 GENERAL OPERATING FD,04 MDO-OFFICE OF TECHNOLOGY
2018,1,4,04 EQUIPMENT,430,FURNITURE AND FURNISHINGS           0430,10,4,1484196,103058152,103058152,103058152,83732810,8151957,1488894,1484196,103058152,010 GENERAL OPERATING FD,04 MDO-OFFICE OF TECHNOLOGY
2018,1,4,04 EQUIPMENT,430,FURNITURE AND FURNISHINGS           0430,10,4,4698,103062850,103062850,103062850,83737508,8156655,1488894,1488894,103062850,010 GENERAL OPERATING FD,04 MDO-OFFICE OF TECHNOLOGY
2018,1,1,01 PERSONAL SERVICES,100,SALARY CONTROL                      0100,10,5,69581,103132431,103132431,103132431,69581,69581,69581,69581,103132431,010 GENERAL OPERATING FD,05 MAYOR'S OFFICE
2018,1,1,01 PERSONAL SERVICES,101,PERM FULL TIME-CIVILIAN             0101,10,5,256575,103389006,103389006,103389006,326156,326156,3765969,256575,103389006,010 GENERAL OPERATING FD,05 MAYOR'S OFFICE
2018,1,1,01 PERSONAL SERVICES,101,PERM FULL TIME-CIVILIAN             0101,10,5,640373,104029379,104029379,104029379,966529,966529,3765969,896948,104029379,010 GENERAL OPERATING FD,05 MAYOR'S OFFICE
2018,1,1,01 PERSONAL SERVICES,101,PERM FULL TIME-CIVILIAN             0101,10,5,857662,104887041,104887041,104887041,1824191,1824191,3765969,1754610,104887041,010 GENERAL OPERATING FD,05 MAYOR'S OFFICE
2018,1,1,01 PERSONAL SERVICES,101,PERM FULL TIME-CIVILIAN             0101,10,5,477015,105364056,105364056,105364056,2301206,2301206,3765969,2231625,105364056,010 GENERAL OPERATING FD,05 MAYOR'S OFFICE
2018,1,1,01 PERSONAL SERVICES,101,PERM FULL TIME-CIVILIAN             0101,10,5,989334,106353390,106353390,106353390,3290540,3290540,3765969,3220959,106353390,010 GENERAL OPERATING FD,05 MAYOR'S OFFICE
2018,1,1,01 PERSONAL SERVICES,101,PERM FULL TIME-CIVILIAN             0101,10,5,545010,106898400,106898400,106898400,3835550,3835550,3765969,3765969,106898400,010 GENERAL OPERATING FD,05 MAYOR'S OFFICE
2018,1,2,02 PURCHASE OF SERVICES,211,TRANSPORTATION                      0211,10,5,1500,106899900,106899900,106899900,3837050,1500,60500,1500,106899900,010 GENERAL OPERATING FD,05 MAYOR'S OFFICE
2018,1,2,02 PURCHASE OF SERVICES,211,TRANSPORTATION                      0211,10,5,5000,106904900,106904900,106904900,3842050,6500,60500,6500,106904900,010 GENERAL OPERATING FD,05 MAYOR'S OFFICE
2018,1,2,02 PURCHASE OF SERVICES,211,TRANSPORTATION                      0211,10,5,8000,106912900,106912900,106912900,3850050,14500,60500,14500,106912900,010 GENERAL OPERATING FD,05 MAYOR'S OFFICE
2018,1,2,02 PURCHASE OF SERVICES,211,TRANSPORTATION                      0211,10,5,1000,106913900,106913900,106913900,3851050,15500,60500,15500,106913900,010 GENERAL OPERATING FD,05 MAYOR'S OFFICE
2018,1,2,02 PURCHASE OF SERVICES,211,TRANSPORTATION                      0211,10,5,10000,106923900,106923900,106923900,3861050,25500,60500,25500,106923900,010 GENERAL OPERATING FD,05 MAYOR'S OFFICE
2018,1,2,02 PURCHASE OF SERVICES,211,TRANSPORTATION                      0211,10,5,35000,106958900,106958900,106958900,3896050,60500,60500,60500,106958900,010 GENERAL OPERATING FD,05 MAYOR'S OFFICE
2018,1,2,02 PURCHASE OF SERVICES,250,PROFESSIONAL CONSULT/SPEC SERVICES  0250,10,5,104000,107062900,107062900,107062900,4000050,164500,564680,104000,107062900,010 GENERAL OPERATING FD,05 MAYOR'S OFFICE
2018,1,2,02 PURCHASE OF SERVICES,250,PROFESSIONAL CONSULT/SPEC SERVICES  0250,10,5,89000,107151900,107151900,107151900,4089050,253500,564680,193000,107151900,010 GENERAL OPERATING FD,05 MAYOR'S OFFICE
2018,1,2,02 PURCHASE OF SERVICES,250,PROFESSIONAL CONSULT/SPEC SERVICES  0250,10,5,340000,107491900,107491900,107491900,4429050,593500,564680,533000,107491900,010 GENERAL OPERATING FD,05 MAYOR'S OFFICE
2018,1,2,02 PURCHASE OF SERVICES,250,PROFESSIONAL CONSULT/SPEC SERVICES  0250,10,5,5000,107496900,107496900,107496900,4434050,598500,564680,538000,107496900,010 GENERAL OPERATING FD,05 MAYOR'S OFFICE
2018,1,2,02 PURCHASE OF SERVICES,250,PROFESSIONAL CONSULT/SPEC SERVICES  0250,10,5,26680,107523580,107523580,107523580,4460730,625180,564680,564680,107523580,010 GENERAL OPERATING FD,05 MAYOR'S OFFICE
2018,1,2,02 PURCHASE OF SERVICES,255,DUES                                0255,10,5,295,107523875,107523875,107523875,4461025,625475,85295,295,107523875,010 GENERAL OPERATING FD,05 MAYOR'S OFFICE
2018,1,2,02 PURCHASE OF SERVICES,255,DUES                                0255,10,5,85000,107608875,107608875,107608875,4546025,710475,85295,85295,107608875,010 GENERAL OPERATING FD,05 MAYOR'S OFFICE
2018,1,2,02 PURCHASE OF SERVICES,256,SEMINAR AND TRAINING SESSIONS       0256,10,5,1000,107609875,107609875,107609875,4547025,711475,1000,1000,107609875,010 GENERAL OPERATING FD,05 MAYOR'S OFFICE
2018,1,2,02 PURCHASE OF SERVICES,260,REPAIR AND MAINTENANCE CHARGES      0260,10,5,10000,107619875,107619875,107619875,4557025,721475,26000,10000,107619875,010 GENERAL OPERATING FD,05 MAYOR'S OFFICE
2018,1,2,02 PURCHASE OF SERVICES,260,REPAIR AND MAINTENANCE CHARGES      0260,10,5,16000,107635875,107635875,107635875,4573025,737475,26000,26000,107635875,010 GENERAL OPERATING FD,05 MAYOR'S OFFICE
2018,1,2,02 PURCHASE OF SERVICES,266,MAINT/SUPPORT-COMPUTR HARDWARE/SOFT 0266,10,5,5571,107641446,107641446,107641446,4578596,743046,5571,5571,107641446,010 GENERAL OPERATING FD,05 MAYOR'S OFFICE
2018,1,3,03 MATERIALS AND SUPPLIES,304,BOOKS AND OTHER PUBLICATIONS        0304,10,5,3500,107644946,107644946,107644946,4582096,3500,3500,3500,107644946,010 GENERAL OPERATING FD,05 MAYOR'S OFFICE
2018,1,3,03 MATERIALS AND SUPPLIES,313,FOOD                                0313,10,5,6000,107650946,107650946,107650946,4588096,9500,18050,6000,107650946,010 GENERAL OPERATING FD,05 MAYOR'S OFFICE
2018,1,3,03 MATERIALS AND SUPPLIES,313,FOOD                                0313,10,5,6000,107656946,107656946,107656946,4594096,15500,18050,12000,107656946,010 GENERAL OPERATING FD,05 MAYOR'S OFFICE
2018,1,3,03 MATERIALS AND SUPPLIES,313,FOOD                                0313,10,5,1050,107657996,107657996,107657996,4595146,16550,18050,13050,107657996,010 GENERAL OPERATING FD,05 MAYOR'S OFFICE
2018,1,3,03 MATERIALS AND SUPPLIES,313,FOOD                                0313,10,5,5000,107662996,107662996,107662996,4600146,21550,18050,18050,107662996,010 GENERAL OPERATING FD,05 MAYOR'S OFFICE
2018,1,3,03 MATERIALS AND SUPPLIES,320,OFFICE MATERIALS AND SUPPLIES       0320,10,5,3000,107665996,107665996,107665996,4603146,24550,20104,3000,107665996,010 GENERAL OPERATING FD,05 MAYOR'S OFFICE
2018,1,3,03 MATERIALS AND SUPPLIES,320,OFFICE MATERIALS AND SUPPLIES       0320,10,5,1000,107666996,107666996,107666996,4604146,25550,20104,4000,107666996,010 GENERAL OPERATING FD,05 MAYOR'S OFFICE
2018,1,3,03 MATERIALS AND SUPPLIES,320,OFFICE MATERIALS AND SUPPLIES       0320,10,5,12604,107679600,107679600,107679600,4616750,38154,20104,16604,107679600,010 GENERAL OPERATING FD,05 MAYOR'S OFFICE
2018,1,3,03 MATERIALS AND SUPPLIES,320,OFFICE MATERIALS AND SUPPLIES       0320,10,5,2000,107681600,107681600,107681600,4618750,40154,20104,18604,107681600,010 GENERAL OPERATING FD,05 MAYOR'S OFFICE
2018,1,3,03 MATERIALS AND SUPPLIES,320,OFFICE MATERIALS AND SUPPLIES       0320,10,5,1500,107683100,107683100,107683100,4620250,41654,20104,20104,107683100,010 GENERAL OPERATING FD,05 MAYOR'S OFFICE
2018,1,3,03 MATERIALS AND SUPPLIES,325,PRINTING                            0325,10,5,10000,107693100,107693100,107693100,4630250,51654,11500,10000,107693100,010 GENERAL OPERATING FD,05 MAYOR'S OFFICE
2018,1,3,03 MATERIALS AND SUPPLIES,325,PRINTING                            0325,10,5,1500,107694600,107694600,107694600,4631750,53154,11500,11500,107694600,010 GENERAL OPERATING FD,05 MAYOR'S OFFICE
2018,1,4,04 EQUIPMENT,423,PLUMBING/AIR CONDITIONING/SPACE HTG 0423,10,5,2391,107696991,107696991,107696991,4634141,2391,2391,2391,107696991,010 GENERAL OPERATING FD,05 MAYOR'S OFFICE
2018,1,5,"05 CONTRIBUTIONS,INDEMNITIES,REFDS,TAXES",504,MERITORIOUS AWARDS                  0504,10,5,200000,107896991,107896991,107896991,4834141,200000,200000,200000,107896991,010 GENERAL OPERATING FD,05 MAYOR'S OFFICE
2018,1,1,01 PERSONAL SERVICES,101,PERM FULL TIME-CIVILIAN             0101,10,8,230000,108126991,108126991,108126991,230000,230000,230000,230000,108126991,010 GENERAL OPERATING FD,08 MAYOR'S OFFICE-COMMUNITY SERVICES
2018,1,2,02 PURCHASE OF SERVICES,250,PROFESSIONAL CONSULT/SPEC SERVICES  0250,10,8,1445000,109571991,109571991,109571991,1675000,1445000,1445000,1445000,109571991,010 GENERAL OPERATING FD,08 MAYOR'S OFFICE-COMMUNITY SERVICES
2018,1,1,01 PERSONAL SERVICES,101,PERM FULL TIME-CIVILIAN             0101,10,10,1109407,110681398,110681398,110681398,1109407,1109407,19186245,1109407,110681398,010 GENERAL OPERATING FD,10 MANAGING DIRECTOR
2018,1,1,01 PERSONAL SERVICES,101,PERM FULL TIME-CIVILIAN             0101,10,10,366683,111048081,111048081,111048081,1476090,1476090,19186245,1476090,111048081,010 GENERAL OPERATING FD,10 MANAGING DIRECTOR
2018,1,1,01 PERSONAL SERVICES,101,PERM FULL TIME-CIVILIAN             0101,10,10,539950,111588031,111588031,111588031,2016040,2016040,19186245,2016040,111588031,010 GENERAL OPERATING FD,10 MANAGING DIRECTOR
2018,1,1,01 PERSONAL SERVICES,101,PERM FULL TIME-CIVILIAN             0101,10,10,2328828,113916859,113916859,113916859,4344868,4344868,19186245,4344868,113916859,010 GENERAL OPERATING FD,10 MANAGING DIRECTOR
2018,1,1,01 PERSONAL SERVICES,101,PERM FULL TIME-CIVILIAN             0101,10,10,695488,114612347,114612347,114612347,5040356,5040356,19186245,5040356,114612347,010 GENERAL OPERATING FD,10 MANAGING DIRECTOR
2018,1,1,01 PERSONAL SERVICES,101,PERM FULL TIME-CIVILIAN             0101,10,10,787220,115399567,115399567,115399567,5827576,5827576,19186245,5827576,115399567,010 GENERAL OPERATING FD,10 MANAGING DIRECTOR
2018,1,1,01 PERSONAL SERVICES,101,PERM FULL TIME-CIVILIAN             0101,10,10,585000,115984567,115984567,115984567,6412576,6412576,19186245,6412576,115984567,010 GENERAL OPERATING FD,10 MANAGING DIRECTOR
2018,1,1,01 PERSONAL SERVICES,101,PERM FULL TIME-CIVILIAN             0101,10,10,240000,116224567,116224567,116224567,6652576,6652576,19186245,6652576,116224567,010 GENERAL OPERATING FD,10 MANAGING DIRECTOR
2018,1,1,01 PERSONAL SERVICES,101,PERM FULL TIME-CIVILIAN             0101,10,10,2075063,118299630,118299630,118299630,8727639,8727639,19186245,8727639,118299630,010 GENERAL OPERATING FD,10 MANAGING DIRECTOR
2018,1,1,01 PERSONAL SERVICES,101,PERM FULL TIME-CIVILIAN             0101,10,10,604256,118903886,118903886,118903886,9331895,9331895,19186245,9331895,118903886,010 GENERAL OPERATING FD,10 MANAGING DIRECTOR
2018,1,1,01 PERSONAL SERVICES,101,PERM FULL TIME-CIVILIAN             0101,10,10,577345,119481231,119481231,119481231,9909240,9909240,19186245,9909240,119481231,010 GENERAL OPERATING FD,10 MANAGING DIRECTOR
2018,1,1,01 PERSONAL SERVICES,101,PERM FULL TIME-CIVILIAN             0101,10,10,374093,119855324,119855324,119855324,10283333,10283333,19186245,10283333,119855324,010 GENERAL OPERATING FD,10 MANAGING DIRECTOR
2018,1,1,01 PERSONAL SERVICES,101,PERM FULL TIME-CIVILIAN             0101,10,10,786636,120641960,120641960,120641960,11069969,11069969,19186245,11069969,120641960,010 GENERAL OPERATING FD,10 MANAGING DIRECTOR
2018,1,1,01 PERSONAL SERVICES,101,PERM FULL TIME-CIVILIAN             0101,10,10,721002,121362962,121362962,121362962,11790971,11790971,19186245,11790971,121362962,010 GENERAL OPERATING FD,10 MANAGING DIRECTOR
2018,1,1,01 PERSONAL SERVICES,101,PERM FULL TIME-CIVILIAN             0101,10,10,2443306,123806268,123806268,123806268,14234277,14234277,19186245,14234277,123806268,010 GENERAL OPERATING FD,10 MANAGING DIRECTOR
2018,1,1,01 PERSONAL SERVICES,101,PERM FULL TIME-CIVILIAN             0101,10,10,4951968,128758236,128758236,128758236,19186245,19186245,19186245,19186245,128758236,010 GENERAL OPERATING FD,10 MANAGING DIRECTOR
2018,1,1,01 PERSONAL SERVICES,105,PERM FULL TIME-UNIFORM              0105,10,10,111000,128869236,128869236,128869236,19297245,19297245,111000,111000,128869236,010 GENERAL OPERATING FD,10 MANAGING DIRECTOR
2018,1,1,01 PERSONAL SERVICES,111,PERM PART TIME                      0111,10,10,220780,129090016,129090016,129090016,19518025,19518025,220780,220780,129090016,010 GENERAL OPERATING FD,10 MANAGING DIRECTOR
2018,1,1,01 PERSONAL SERVICES,121,TEMPORARY/SEASONAL                  0121,10,10,92065,129182081,129182081,129182081,19610090,19610090,309507,92065,129182081,010 GENERAL OPERATING FD,10 MANAGING DIRECTOR
2018,1,1,01 PERSONAL SERVICES,121,TEMPORARY/SEASONAL                  0121,10,10,217442,129399523,129399523,129399523,19827532,19827532,309507,309507,129399523,010 GENERAL OPERATING FD,10 MANAGING DIRECTOR
2018,1,1,01 PERSONAL SERVICES,161,OVERTIME-CIVILIAN                   0161,10,10,96980,129496503,129496503,129496503,19924512,19924512,397676,96980,129496503,010 GENERAL OPERATING FD,10 MANAGING DIRECTOR
2018,1,1,01 PERSONAL SERVICES,161,OVERTIME-CIVILIAN                   0161,10,10,300696,129797199,129797199,129797199,20225208,20225208,397676,397676,129797199,010 GENERAL OPERATING FD,10 MANAGING DIRECTOR
2018,1,1,01 PERSONAL SERVICES,171,"HOLIDAY ""G""(2/3 SHIFTS)             0171",10,10,4000,129801199,129801199,129801199,20229208,20229208,4000,4000,129801199,010 GENERAL OPERATING FD,10 MANAGING DIRECTOR
2018,1,1,01 PERSONAL SERVICES,181,SHIFT                               0181,10,10,1140,129802339,129802339,129802339,20230348,20230348,1140,1140,129802339,010 GENERAL OPERATING FD,10 MANAGING DIRECTOR
2018,1,1,01 PERSONAL SERVICES,199,SICK PAY(B TIME)-CIVILIAN           0199,10,10,658,129802997,129802997,129802997,20231006,20231006,658,658,129802997,010 GENERAL OPERATING FD,10 MANAGING DIRECTOR
2018,1,2,02 PURCHASE OF SERVICES,205,REFUSE/GARBAGE/SILT/SLUDGE REMOVAL  0205,10,10,1000,129803997,129803997,129803997,20232006,1000,1000,1000,129803997,010 GENERAL OPERATING FD,10 MANAGING DIRECTOR
2018,1,2,02 PURCHASE OF SERVICES,209,TELEPHONE                           0209,10,10,1000,129804997,129804997,129804997,20233006,2000,2000,1000,129804997,010 GENERAL OPERATING FD,10 MANAGING DIRECTOR
2018,1,2,02 PURCHASE OF SERVICES,209,TELEPHONE                           0209,10,10,1000,129805997,129805997,129805997,20234006,3000,2000,2000,129805997,010 GENERAL OPERATING FD,10 MANAGING DIRECTOR
2018,1,2,02 PURCHASE OF SERVICES,210,POSTAGE                             0210,10,10,1000,129806997,129806997,129806997,20235006,4000,21000,1000,129806997,010 GENERAL OPERATING FD,10 MANAGING DIRECTOR
2018,1,2,02 PURCHASE OF SERVICES,210,POSTAGE                             0210,10,10,20000,129826997,129826997,129826997,20255006,24000,21000,21000,129826997,010 GENERAL OPERATING FD,10 MANAGING DIRECTOR
2018,1,2,02 PURCHASE OF SERVICES,211,TRANSPORTATION                      0211,10,10,1000,129827997,129827997,129827997,20256006,25000,21500,1000,129827997,010 GENERAL OPERATING FD,10 MANAGING DIRECTOR
2018,1,2,02 PURCHASE OF SERVICES,211,TRANSPORTATION                      0211,10,10,1500,129829497,129829497,129829497,20257506,26500,21500,2500,129829497,010 GENERAL OPERATING FD,10 MANAGING DIRECTOR
2018,1,2,02 PURCHASE OF SERVICES,211,TRANSPORTATION                      0211,10,10,2000,129831497,129831497,129831497,20259506,28500,21500,4500,129831497,010 GENERAL OPERATING FD,10 MANAGING DIRECTOR
2018,1,2,02 PURCHASE OF SERVICES,211,TRANSPORTATION                      0211,10,10,3000,129834497,129834497,129834497,20262506,31500,21500,7500,129834497,010 GENERAL OPERATING FD,10 MANAGING DIRECTOR
2018,1,2,02 PURCHASE OF SERVICES,211,TRANSPORTATION                      0211,10,10,3000,129837497,129837497,129837497,20265506,34500,21500,10500,129837497,010 GENERAL OPERATING FD,10 MANAGING DIRECTOR
2018,1,2,02 PURCHASE OF SERVICES,211,TRANSPORTATION                      0211,10,10,10000,129847497,129847497,129847497,20275506,44500,21500,20500,129847497,010 GENERAL OPERATING FD,10 MANAGING DIRECTOR
2018,1,2,02 PURCHASE OF SERVICES,211,TRANSPORTATION                      0211,10,10,1000,129848497,129848497,129848497,20276506,45500,21500,21500,129848497,010 GENERAL OPERATING FD,10 MANAGING DIRECTOR
2018,1,2,02 PURCHASE OF SERVICES,216,COMMERCIAL OFF-SHELF COMP SOFTWARE  0216,10,10,613,129849110,129849110,129849110,20277119,46113,613,613,129849110,010 GENERAL OPERATING FD,10 MANAGING DIRECTOR
2018,1,2,02 PURCHASE OF SERVICES,250,PROFESSIONAL CONSULT/SPEC SERVICES  0250,10,10,12000,129861110,129861110,129861110,20289119,58113,9130883,12000,129861110,010 GENERAL OPERATING FD,10 MANAGING DIRECTOR
2018,1,2,02 PURCHASE OF SERVICES,250,PROFESSIONAL CONSULT/SPEC SERVICES  0250,10,10,30000,129891110,129891110,129891110,20319119,88113,9130883,42000,129891110,010 GENERAL OPERATING FD,10 MANAGING DIRECTOR
2018,1,2,02 PURCHASE OF SERVICES,250,PROFESSIONAL CONSULT/SPEC SERVICES  0250,10,10,272855,130163965,130163965,130163965,20591974,360968,9130883,314855,130163965,010 GENERAL OPERATING FD,10 MANAGING DIRECTOR
2018,1,2,02 PURCHASE OF SERVICES,250,PROFESSIONAL CONSULT/SPEC SERVICES  0250,10,10,743000,130906965,130906965,130906965,21334974,1103968,9130883,1057855,130906965,010 GENERAL OPERATING FD,10 MANAGING DIRECTOR
2018,1,2,02 PURCHASE OF SERVICES,250,PROFESSIONAL CONSULT/SPEC SERVICES  0250,10,10,5000,130911965,130911965,130911965,21339974,1108968,9130883,1062855,130911965,010 GENERAL OPERATING FD,10 MANAGING DIRECTOR
2018,1,2,02 PURCHASE OF SERVICES,250,PROFESSIONAL CONSULT/SPEC SERVICES  0250,10,10,608930,131520895,131520895,131520895,21948904,1717898,9130883,1671785,131520895,010 GENERAL OPERATING FD,10 MANAGING DIRECTOR
2018,1,2,02 PURCHASE OF SERVICES,250,PROFESSIONAL CONSULT/SPEC SERVICES  0250,10,10,2541761,134062656,134062656,134062656,24490665,4259659,9130883,4213546,134062656,010 GENERAL OPERATING FD,10 MANAGING DIRECTOR
2018,1,2,02 PURCHASE OF SERVICES,250,PROFESSIONAL CONSULT/SPEC SERVICES  0250,10,10,10000,134072656,134072656,134072656,24500665,4269659,9130883,4223546,134072656,010 GENERAL OPERATING FD,10 MANAGING DIRECTOR
2018,1,2,02 PURCHASE OF SERVICES,250,PROFESSIONAL CONSULT/SPEC SERVICES  0250,10,10,4269942,138342598,138342598,138342598,28770607,8539601,9130883,8493488,138342598,010 GENERAL OPERATING FD,10 MANAGING DIRECTOR
2018,1,2,02 PURCHASE OF SERVICES,250,PROFESSIONAL CONSULT/SPEC SERVICES  0250,10,10,10000,138352598,138352598,138352598,28780607,8549601,9130883,8503488,138352598,010 GENERAL OPERATING FD,10 MANAGING DIRECTOR
2018,1,2,02 PURCHASE OF SERVICES,250,PROFESSIONAL CONSULT/SPEC SERVICES  0250,10,10,477395,138829993,138829993,138829993,29258002,9026996,9130883,8980883,138829993,010 GENERAL OPERATING FD,10 MANAGING DIRECTOR
2018,1,2,02 PURCHASE OF SERVICES,250,PROFESSIONAL CONSULT/SPEC SERVICES  0250,10,10,150000,138979993,138979993,138979993,29408002,9176996,9130883,9130883,138979993,010 GENERAL OPERATING FD,10 MANAGING DIRECTOR
2018,1,2,02 PURCHASE OF SERVICES,251,INFORMATION TECHNOLOGY-PROF SERVICE 0251,10,10,232500,139212493,139212493,139212493,29640502,9409496,232500,232500,139212493,010 GENERAL OPERATING FD,10 MANAGING DIRECTOR
2018,1,2,02 PURCHASE OF SERVICES,253,LEGAL SERVICES                      0253,10,10,8840000,148052493,148052493,148052493,38480502,18249496,57254381,8840000,148052493,010 GENERAL OPERATING FD,10 MANAGING DIRECTOR
2018,1,2,02 PURCHASE OF SERVICES,253,LEGAL SERVICES                      0253,10,10,48414381,196466874,196466874,196466874,86894883,66663877,57254381,57254381,196466874,010 GENERAL OPERATING FD,10 MANAGING DIRECTOR
2018,1,2,02 PURCHASE OF SERVICES,256,SEMINAR AND TRAINING SESSIONS       0256,10,10,5000,196471874,196471874,196471874,86899883,66668877,14000,5000,196471874,010 GENERAL OPERATING FD,10 MANAGING DIRECTOR
2018,1,2,02 PURCHASE OF SERVICES,256,SEMINAR AND TRAINING SESSIONS       0256,10,10,4000,196475874,196475874,196475874,86903883,66672877,14000,9000,196475874,010 GENERAL OPERATING FD,10 MANAGING DIRECTOR
2018,1,2,02 PURCHASE OF SERVICES,256,SEMINAR AND TRAINING SESSIONS       0256,10,10,5000,196480874,196480874,196480874,86908883,66677877,14000,14000,196480874,010 GENERAL OPERATING FD,10 MANAGING DIRECTOR
2018,1,2,02 PURCHASE OF SERVICES,260,REPAIR AND MAINTENANCE CHARGES      0260,10,10,150000,196630874,196630874,196630874,87058883,66827877,150600,150000,196630874,010 GENERAL OPERATING FD,10 MANAGING DIRECTOR
2018,1,2,02 PURCHASE OF SERVICES,260,REPAIR AND MAINTENANCE CHARGES      0260,10,10,600,196631474,196631474,196631474,87059483,66828477,150600,150600,196631474,010 GENERAL OPERATING FD,10 MANAGING DIRECTOR
2018,1,2,02 PURCHASE OF SERVICES,277,WITNESS FEES                        0277,10,10,260000,196891474,196891474,196891474,87319483,67088477,260000,260000,196891474,010 GENERAL OPERATING FD,10 MANAGING DIRECTOR
2018,1,2,02 PURCHASE OF SERVICES,285,RENTS                               0285,10,10,130000,197021474,197021474,197021474,87449483,67218477,410500,130000,197021474,010 GENERAL OPERATING FD,10 MANAGING DIRECTOR
2018,1,2,02 PURCHASE OF SERVICES,285,RENTS                               0285,10,10,10000,197031474,197031474,197031474,87459483,67228477,410500,140000,197031474,010 GENERAL OPERATING FD,10 MANAGING DIRECTOR
2018,1,2,02 PURCHASE OF SERVICES,285,RENTS                               0285,10,10,8000,197039474,197039474,197039474,87467483,67236477,410500,148000,197039474,010 GENERAL OPERATING FD,10 MANAGING DIRECTOR
2018,1,2,02 PURCHASE OF SERVICES,285,RENTS                               0285,10,10,200000,197239474,197239474,197239474,87667483,67436477,410500,348000,197239474,010 GENERAL OPERATING FD,10 MANAGING DIRECTOR
2018,1,2,02 PURCHASE OF SERVICES,285,RENTS                               0285,10,10,10500,197249974,197249974,197249974,87677983,67446977,410500,358500,197249974,010 GENERAL OPERATING FD,10 MANAGING DIRECTOR
2018,1,2,02 PURCHASE OF SERVICES,285,RENTS                               0285,10,10,15000,197264974,197264974,197264974,87692983,67461977,410500,373500,197264974,010 GENERAL OPERATING FD,10 MANAGING DIRECTOR
2018,1,2,02 PURCHASE OF SERVICES,285,RENTS                               0285,10,10,6000,197270974,197270974,197270974,87698983,67467977,410500,379500,197270974,010 GENERAL OPERATING FD,10 MANAGING DIRECTOR
2018,1,2,02 PURCHASE OF SERVICES,285,RENTS                               0285,10,10,6000,197276974,197276974,197276974,87704983,67473977,410500,385500,197276974,010 GENERAL OPERATING FD,10 MANAGING DIRECTOR
2018,1,2,02 PURCHASE OF SERVICES,285,RENTS                               0285,10,10,25000,197301974,197301974,197301974,87729983,67498977,410500,410500,197301974,010 GENERAL OPERATING FD,10 MANAGING DIRECTOR
2018,1,2,02 PURCHASE OF SERVICES,299,OTHER EXPENSES (NOT OTHRWSE CLSSFD) 0299,10,10,135000,197436974,197436974,197436974,87864983,67633977,202755,135000,197436974,010 GENERAL OPERATING FD,10 MANAGING DIRECTOR
2018,1,2,02 PURCHASE OF SERVICES,299,OTHER EXPENSES (NOT OTHRWSE CLSSFD) 0299,10,10,66950,197503924,197503924,197503924,87931933,67700927,202755,201950,197503924,010 GENERAL OPERATING FD,10 MANAGING DIRECTOR
2018,1,2,02 PURCHASE OF SERVICES,299,OTHER EXPENSES (NOT OTHRWSE CLSSFD) 0299,10,10,805,197504729,197504729,197504729,87932738,67701732,202755,202755,197504729,010 GENERAL OPERATING FD,10 MANAGING DIRECTOR
2018,1,3,03 MATERIALS AND SUPPLIES,305,BUILDING AND CONSTRUCTION           0305,10,10,140000,197644729,197644729,197644729,88072738,140000,140000,140000,197644729,010 GENERAL OPERATING FD,10 MANAGING DIRECTOR
2018,1,3,03 MATERIALS AND SUPPLIES,306,LIBRARY MATERIALS                   0306,10,10,32000,197676729,197676729,197676729,88104738,172000,32000,32000,197676729,010 GENERAL OPERATING FD,10 MANAGING DIRECTOR
2018,1,3,03 MATERIALS AND SUPPLIES,308,DRY GOODS/NOTIONS/WEARING APPAREL   0308,10,10,40000,197716729,197716729,197716729,88144738,212000,40000,40000,197716729,010 GENERAL OPERATING FD,10 MANAGING DIRECTOR
2018,1,3,03 MATERIALS AND SUPPLIES,311,GENERAL EQUIPMENT AND MACHINERY     0311,10,10,30000,197746729,197746729,197746729,88174738,242000,30000,30000,197746729,010 GENERAL OPERATING FD,10 MANAGING DIRECTOR
2018,1,3,03 MATERIALS AND SUPPLIES,313,FOOD                                0313,10,10,13500,197760229,197760229,197760229,88188238,255500,13500,13500,197760229,010 GENERAL OPERATING FD,10 MANAGING DIRECTOR
2018,1,3,03 MATERIALS AND SUPPLIES,318,"JANITORIAL, LAUNDRY AND HOUSEHOLD   0318",10,10,120000,197880229,197880229,197880229,88308238,375500,120000,120000,197880229,010 GENERAL OPERATING FD,10 MANAGING DIRECTOR
2018,1,3,03 MATERIALS AND SUPPLIES,320,OFFICE MATERIALS AND SUPPLIES       0320,10,10,14621,197894850,197894850,197894850,88322859,390121,70321,14621,197894850,010 GENERAL OPERATING FD,10 MANAGING DIRECTOR
2018,1,3,03 MATERIALS AND SUPPLIES,320,OFFICE MATERIALS AND SUPPLIES       0320,10,10,2000,197896850,197896850,197896850,88324859,392121,70321,16621,197896850,010 GENERAL OPERATING FD,10 MANAGING DIRECTOR
2018,1,3,03 MATERIALS AND SUPPLIES,320,OFFICE MATERIALS AND SUPPLIES       0320,10,10,2000,197898850,197898850,197898850,88326859,394121,70321,18621,197898850,010 GENERAL OPERATING FD,10 MANAGING DIRECTOR
2018,1,3,03 MATERIALS AND SUPPLIES,320,OFFICE MATERIALS AND SUPPLIES       0320,10,10,15000,197913850,197913850,197913850,88341859,409121,70321,33621,197913850,010 GENERAL OPERATING FD,10 MANAGING DIRECTOR
2018,1,3,03 MATERIALS AND SUPPLIES,320,OFFICE MATERIALS AND SUPPLIES       0320,10,10,2000,197915850,197915850,197915850,88343859,411121,70321,35621,197915850,010 GENERAL OPERATING FD,10 MANAGING DIRECTOR
2018,1,3,03 MATERIALS AND SUPPLIES,320,OFFICE MATERIALS AND SUPPLIES       0320,10,10,11700,197927550,197927550,197927550,88355559,422821,70321,47321,197927550,010 GENERAL OPERATING FD,10 MANAGING DIRECTOR
2018,1,3,03 MATERIALS AND SUPPLIES,320,OFFICE MATERIALS AND SUPPLIES       0320,10,10,2000,197929550,197929550,197929550,88357559,424821,70321,49321,197929550,010 GENERAL OPERATING FD,10 MANAGING DIRECTOR
2018,1,3,03 MATERIALS AND SUPPLIES,320,OFFICE MATERIALS AND SUPPLIES       0320,10,10,19000,197948550,197948550,197948550,88376559,443821,70321,68321,197948550,010 GENERAL OPERATING FD,10 MANAGING DIRECTOR
2018,1,3,03 MATERIALS AND SUPPLIES,320,OFFICE MATERIALS AND SUPPLIES       0320,10,10,2000,197950550,197950550,197950550,88378559,445821,70321,70321,197950550,010 GENERAL OPERATING FD,10 MANAGING DIRECTOR
2018,1,3,03 MATERIALS AND SUPPLIES,322,SMALL POWER TOOLS AND HAND TOOLS    0322,10,10,10000,197960550,197960550,197960550,88388559,455821,10000,10000,197960550,010 GENERAL OPERATING FD,10 MANAGING DIRECTOR
2018,1,3,03 MATERIALS AND SUPPLIES,324,"PRECISION, PHOTOGRAPHIC AND ARTISTS 0324",10,10,2000,197962550,197962550,197962550,88390559,457821,2000,2000,197962550,010 GENERAL OPERATING FD,10 MANAGING DIRECTOR
2018,1,3,03 MATERIALS AND SUPPLIES,325,PRINTING                            0325,10,10,1000,197963550,197963550,197963550,88391559,458821,8300,1000,197963550,010 GENERAL OPERATING FD,10 MANAGING DIRECTOR
2018,1,3,03 MATERIALS AND SUPPLIES,325,PRINTING                            0325,10,10,2000,197965550,197965550,197965550,88393559,460821,8300,3000,197965550,010 GENERAL OPERATING FD,10 MANAGING DIRECTOR
2018,1,3,03 MATERIALS AND SUPPLIES,325,PRINTING                            0325,10,10,5000,197970550,197970550,197970550,88398559,465821,8300,8000,197970550,010 GENERAL OPERATING FD,10 MANAGING DIRECTOR
2018,1,3,03 MATERIALS AND SUPPLIES,325,PRINTING                            0325,10,10,300,197970850,197970850,197970850,88398859,466121,8300,8300,197970850,010 GENERAL OPERATING FD,10 MANAGING DIRECTOR
2018,1,3,03 MATERIALS AND SUPPLIES,328,MOTOR VEHICLE PARTS AND ACCESSORIES 0328,10,10,3034,197973884,197973884,197973884,88401893,469155,3034,3034,197973884,010 GENERAL OPERATING FD,10 MANAGING DIRECTOR
2018,1,4,04 EQUIPMENT,410,ELECTRICAL LIGHTING COMMUNICATION   0410,10,10,5000,197978884,197978884,197978884,88406893,5000,5000,5000,197978884,010 GENERAL OPERATING FD,10 MANAGING DIRECTOR
2018,1,4,04 EQUIPMENT,420,OFFICE EQUIPMENT                    0420,10,10,10000,197988884,197988884,197988884,88416893,15000,17700,10000,197988884,010 GENERAL OPERATING FD,10 MANAGING DIRECTOR
2018,1,4,04 EQUIPMENT,420,OFFICE EQUIPMENT                    0420,10,10,2700,197991584,197991584,197991584,88419593,17700,17700,12700,197991584,010 GENERAL OPERATING FD,10 MANAGING DIRECTOR
2018,1,4,04 EQUIPMENT,420,OFFICE EQUIPMENT                    0420,10,10,5000,197996584,197996584,197996584,88424593,22700,17700,17700,197996584,010 GENERAL OPERATING FD,10 MANAGING DIRECTOR
2018,1,4,04 EQUIPMENT,424,"PRECISION, PHOTOGRAPHIC AND ARTIST  0424",10,10,5000,198001584,198001584,198001584,88429593,27700,5000,5000,198001584,010 GENERAL OPERATING FD,10 MANAGING DIRECTOR
2018,1,4,04 EQUIPMENT,427,COMPUTER EQUIPMENT & PERIPHERALS    0427,10,10,10000,198011584,198011584,198011584,88439593,37700,11000,10000,198011584,010 GENERAL OPERATING FD,10 MANAGING DIRECTOR
2018,1,4,04 EQUIPMENT,427,COMPUTER EQUIPMENT & PERIPHERALS    0427,10,10,1000,198012584,198012584,198012584,88440593,38700,11000,11000,198012584,010 GENERAL OPERATING FD,10 MANAGING DIRECTOR
2018,1,4,04 EQUIPMENT,428,VEHICLES -- MOTOR AND MOTORLESS     0428,10,10,200000,198212584,198212584,198212584,88640593,238700,200000,200000,198212584,010 GENERAL OPERATING FD,10 MANAGING DIRECTOR
2018,1,4,04 EQUIPMENT,430,FURNITURE AND FURNISHINGS           0430,10,10,5000,198217584,198217584,198217584,88645593,243700,15000,5000,198217584,010 GENERAL OPERATING FD,10 MANAGING DIRECTOR
2018,1,4,04 EQUIPMENT,430,FURNITURE AND FURNISHINGS           0430,10,10,10000,198227584,198227584,198227584,88655593,253700,15000,15000,198227584,010 GENERAL OPERATING FD,10 MANAGING DIRECTOR
2018,1,4,04 EQUIPMENT,499,OTHER EQUIPMENT (NOC)               0499,10,10,44624,198272208,198272208,198272208,88700217,298324,44624,44624,198272208,010 GENERAL OPERATING FD,10 MANAGING DIRECTOR
2018,1,1,01 PERSONAL SERVICES,100,SALARY CONTROL                      0100,10,11,3512013,201784221,201784221,201784221,3512013,3512013,6062013,3512013,201784221,010 GENERAL OPERATING FD,11 POLICE
2018,1,1,01 PERSONAL SERVICES,100,SALARY CONTROL                      0100,10,11,350000,202134221,202134221,202134221,3862013,3862013,6062013,3862013,202134221,010 GENERAL OPERATING FD,11 POLICE
2018,1,1,01 PERSONAL SERVICES,100,SALARY CONTROL                      0100,10,11,2200000,204334221,204334221,204334221,6062013,6062013,6062013,6062013,204334221,010 GENERAL OPERATING FD,11 POLICE
2018,1,1,01 PERSONAL SERVICES,101,PERM FULL TIME-CIVILIAN             0101,10,11,7530178,211864399,211864399,211864399,13592191,13592191,38484519,7530178,211864399,010 GENERAL OPERATING FD,11 POLICE
2018,1,1,01 PERSONAL SERVICES,101,PERM FULL TIME-CIVILIAN             0101,10,11,26116509,237980908,237980908,237980908,39708700,39708700,38484519,33646687,237980908,010 GENERAL OPERATING FD,11 POLICE
2018,1,1,01 PERSONAL SERVICES,101,PERM FULL TIME-CIVILIAN             0101,10,11,4837832,242818740,242818740,242818740,44546532,44546532,38484519,38484519,242818740,010 GENERAL OPERATING FD,11 POLICE
2018,1,1,01 PERSONAL SERVICES,105,PERM FULL TIME-UNIFORM              0105,10,11,370764002,613582742,613582742,613582742,415310534,415310534,437127012,370764002,613582742,010 GENERAL OPERATING FD,11 POLICE
2018,1,1,01 PERSONAL SERVICES,105,PERM FULL TIME-UNIFORM              0105,10,11,24900848,638483590,638483590,638483590,440211382,440211382,437127012,395664850,638483590,010 GENERAL OPERATING FD,11 POLICE
2018,1,1,01 PERSONAL SERVICES,105,PERM FULL TIME-UNIFORM              0105,10,11,41462162,679945752,679945752,679945752,481673544,481673544,437127012,437127012,679945752,010 GENERAL OPERATING FD,11 POLICE
2018,1,1,01 PERSONAL SERVICES,109,PLUS/MINUS GROSS ADJ                0109,10,11,300000,680245752,680245752,680245752,481973544,481973544,1881090,300000,680245752,010 GENERAL OPERATING FD,11 POLICE
2018,1,1,01 PERSONAL SERVICES,109,PLUS/MINUS GROSS ADJ                0109,10,11,1330331,681576083,681576083,681576083,483303875,483303875,1881090,1630331,681576083,010 GENERAL OPERATING FD,11 POLICE
2018,1,1,01 PERSONAL SERVICES,109,PLUS/MINUS GROSS ADJ                0109,10,11,250759,681826842,681826842,681826842,483554634,483554634,1881090,1881090,681826842,010 GENERAL OPERATING FD,11 POLICE
2018,1,1,01 PERSONAL SERVICES,110,UNIFORM STRESS PAY                  0110,10,11,1747782,683574624,683574624,683574624,485302416,485302416,32423274,1747782,683574624,010 GENERAL OPERATING FD,11 POLICE
2018,1,1,01 PERSONAL SERVICES,110,UNIFORM STRESS PAY                  0110,10,11,28262091,711836715,711836715,711836715,513564507,513564507,32423274,30009873,711836715,010 GENERAL OPERATING FD,11 POLICE
2018,1,1,01 PERSONAL SERVICES,110,UNIFORM STRESS PAY                  0110,10,11,2413401,714250116,714250116,714250116,515977908,515977908,32423274,32423274,714250116,010 GENERAL OPERATING FD,11 POLICE
2018,1,1,01 PERSONAL SERVICES,141,SCHOOL CROSSING GUARDS              0141,10,11,12080893,726331009,726331009,726331009,528058801,528058801,12080893,12080893,726331009,010 GENERAL OPERATING FD,11 POLICE
2018,1,1,01 PERSONAL SERVICES,152,UNIFORM IOD PAY (HEART & LUNG)      0152,10,11,3217863,729548872,729548872,729548872,531276664,531276664,22842751,3217863,729548872,010 GENERAL OPERATING FD,11 POLICE
2018,1,1,01 PERSONAL SERVICES,152,UNIFORM IOD PAY (HEART & LUNG)      0152,10,11,129788,729678660,729678660,729678660,531406452,531406452,22842751,3347651,729678660,010 GENERAL OPERATING FD,11 POLICE
2018,1,1,01 PERSONAL SERVICES,152,UNIFORM IOD PAY (HEART & LUNG)      0152,10,11,19495100,749173760,749173760,749173760,550901552,550901552,22842751,22842751,749173760,010 GENERAL OPERATING FD,11 POLICE
2018,1,1,01 PERSONAL SERVICES,161,OVERTIME-CIVILIAN                   0161,10,11,3397246,752571006,752571006,752571006,554298798,554298798,3750000,3397246,752571006,010 GENERAL OPERATING FD,11 POLICE
2018,1,1,01 PERSONAL SERVICES,161,OVERTIME-CIVILIAN                   0161,10,11,242754,752813760,752813760,752813760,554541552,554541552,3750000,3640000,752813760,010 GENERAL OPERATING FD,11 POLICE
2018,1,1,01 PERSONAL SERVICES,161,OVERTIME-CIVILIAN                   0161,10,11,110000,752923760,752923760,752923760,554651552,554651552,3750000,3750000,752923760,010 GENERAL OPERATING FD,11 POLICE
2018,1,1,01 PERSONAL SERVICES,165,OVERTIME/SHIFT-UNIFORM              0165,10,11,48498878,801422638,801422638,801422638,603150430,603150430,53825000,48498878,801422638,010 GENERAL OPERATING FD,11 POLICE
2018,1,1,01 PERSONAL SERVICES,165,OVERTIME/SHIFT-UNIFORM              0165,10,11,2826122,804248760,804248760,804248760,605976552,605976552,53825000,51325000,804248760,010 GENERAL OPERATING FD,11 POLICE
2018,1,1,01 PERSONAL SERVICES,165,OVERTIME/SHIFT-UNIFORM              0165,10,11,2500000,806748760,806748760,806748760,608476552,608476552,53825000,53825000,806748760,010 GENERAL OPERATING FD,11 POLICE
2018,1,1,01 PERSONAL SERVICES,171,"HOLIDAY ""G""(2/3 SHIFTS)             0171",10,11,203419,806952179,806952179,806952179,608679971,608679971,935000,203419,806952179,010 GENERAL OPERATING FD,11 POLICE
2018,1,1,01 PERSONAL SERVICES,171,"HOLIDAY ""G""(2/3 SHIFTS)             0171",10,11,62885,807015064,807015064,807015064,608742856,608742856,935000,266304,807015064,010 GENERAL OPERATING FD,11 POLICE
2018,1,1,01 PERSONAL SERVICES,171,"HOLIDAY ""G""(2/3 SHIFTS)             0171",10,11,668696,807683760,807683760,807683760,609411552,609411552,935000,935000,807683760,010 GENERAL OPERATING FD,11 POLICE
2018,1,1,01 PERSONAL SERVICES,175,HOLIDAY PAY-ANNUAL                  0175,10,11,19148436,826832196,826832196,826832196,628559988,628559988,21960786,19148436,826832196,010 GENERAL OPERATING FD,11 POLICE
2018,1,1,01 PERSONAL SERVICES,175,HOLIDAY PAY-ANNUAL                  0175,10,11,1342350,828174546,828174546,828174546,629902338,629902338,21960786,20490786,828174546,010 GENERAL OPERATING FD,11 POLICE
2018,1,1,01 PERSONAL SERVICES,175,HOLIDAY PAY-ANNUAL                  0175,10,11,1470000,829644546,829644546,829644546,631372338,631372338,21960786,21960786,829644546,010 GENERAL OPERATING FD,11 POLICE
2018,1,2,02 PURCHASE OF SERVICES,201,CLEANING AND LAUNDERING             0201,10,11,2682000,832326546,832326546,832326546,634054338,2682000,3088500,2682000,832326546,010 GENERAL OPERATING FD,11 POLICE
2018,1,2,02 PURCHASE OF SERVICES,201,CLEANING AND LAUNDERING             0201,10,11,252000,832578546,832578546,832578546,634306338,2934000,3088500,2934000,832578546,010 GENERAL OPERATING FD,11 POLICE
2018,1,2,02 PURCHASE OF SERVICES,201,CLEANING AND LAUNDERING             0201,10,11,154500,832733046,832733046,832733046,634460838,3088500,3088500,3088500,832733046,010 GENERAL OPERATING FD,11 POLICE
2018,1,2,02 PURCHASE OF SERVICES,202,JANITORIAL SERVICES                 0202,10,11,7000,832740046,832740046,832740046,634467838,3095500,7000,7000,832740046,010 GENERAL OPERATING FD,11 POLICE
2018,1,2,02 PURCHASE OF SERVICES,205,REFUSE/GARBAGE/SILT/SLUDGE REMOVAL  0205,10,11,10725,832750771,832750771,832750771,634478563,3106225,60316,10725,832750771,010 GENERAL OPERATING FD,11 POLICE
2018,1,2,02 PURCHASE OF SERVICES,205,REFUSE/GARBAGE/SILT/SLUDGE REMOVAL  0205,10,11,16355,832767126,832767126,832767126,634494918,3122580,60316,27080,832767126,010 GENERAL OPERATING FD,11 POLICE
2018,1,2,02 PURCHASE OF SERVICES,205,REFUSE/GARBAGE/SILT/SLUDGE REMOVAL  0205,10,11,33236,832800362,832800362,832800362,634528154,3155816,60316,60316,832800362,010 GENERAL OPERATING FD,11 POLICE
2018,1,2,02 PURCHASE OF SERVICES,209,TELEPHONE                           0209,10,11,2352,832802714,832802714,832802714,634530506,3158168,2352,2352,832802714,010 GENERAL OPERATING FD,11 POLICE
2018,1,2,02 PURCHASE OF SERVICES,210,POSTAGE                             0210,10,11,99000,832901714,832901714,832901714,634629506,3257168,99000,99000,832901714,010 GENERAL OPERATING FD,11 POLICE
2018,1,2,02 PURCHASE OF SERVICES,211,TRANSPORTATION                      0211,10,11,3103,832904817,832904817,832904817,634632609,3260271,112551,3103,832904817,010 GENERAL OPERATING FD,11 POLICE
2018,1,2,02 PURCHASE OF SERVICES,211,TRANSPORTATION                      0211,10,11,12000,832916817,832916817,832916817,634644609,3272271,112551,15103,832916817,010 GENERAL OPERATING FD,11 POLICE
2018,1,2,02 PURCHASE OF SERVICES,211,TRANSPORTATION                      0211,10,11,97448,833014265,833014265,833014265,634742057,3369719,112551,112551,833014265,010 GENERAL OPERATING FD,11 POLICE
2018,1,2,02 PURCHASE OF SERVICES,212,RETURN OF FUGITIVES                 0212,10,11,63513,833077778,833077778,833077778,634805570,3433232,63513,63513,833077778,010 GENERAL OPERATING FD,11 POLICE
2018,1,2,02 PURCHASE OF SERVICES,216,COMMERCIAL OFF-SHELF COMP SOFTWARE  0216,10,11,10534,833088312,833088312,833088312,634816104,3443766,242377,10534,833088312,010 GENERAL OPERATING FD,11 POLICE
2018,1,2,02 PURCHASE OF SERVICES,216,COMMERCIAL OFF-SHELF COMP SOFTWARE  0216,10,11,231843,833320155,833320155,833320155,635047947,3675609,242377,242377,833320155,010 GENERAL OPERATING FD,11 POLICE
2018,1,2,02 PURCHASE OF SERVICES,231,OVERTIME MEALS                      0231,10,11,402000,833722155,833722155,833722155,635449947,4077609,402000,402000,833722155,010 GENERAL OPERATING FD,11 POLICE
2018,1,2,02 PURCHASE OF SERVICES,240,ADVERTISING/PROMOTIONAL ACTIVITIES  0240,10,11,1500,833723655,833723655,833723655,635451447,4079109,1500,1500,833723655,010 GENERAL OPERATING FD,11 POLICE
2018,1,2,02 PURCHASE OF SERVICES,250,PROFESSIONAL CONSULT/SPEC SERVICES  0250,10,11,1264813,834988468,834988468,834988468,636716260,5343922,1997411,1264813,834988468,010 GENERAL OPERATING FD,11 POLICE
2018,1,2,02 PURCHASE OF SERVICES,250,PROFESSIONAL CONSULT/SPEC SERVICES  0250,10,11,533563,835522031,835522031,835522031,637249823,5877485,1997411,1798376,835522031,010 GENERAL OPERATING FD,11 POLICE
2018,1,2,02 PURCHASE OF SERVICES,250,PROFESSIONAL CONSULT/SPEC SERVICES  0250,10,11,199035,835721066,835721066,835721066,637448858,6076520,1997411,1997411,835721066,010 GENERAL OPERATING FD,11 POLICE
2018,1,2,02 PURCHASE OF SERVICES,251,INFORMATION TECHNOLOGY-PROF SERVICE 0251,10,11,81382,835802448,835802448,835802448,637530240,6157902,82102,81382,835802448,010 GENERAL OPERATING FD,11 POLICE
2018,1,2,02 PURCHASE OF SERVICES,251,INFORMATION TECHNOLOGY-PROF SERVICE 0251,10,11,720,835803168,835803168,835803168,637530960,6158622,82102,82102,835803168,010 GENERAL OPERATING FD,11 POLICE
2018,1,2,02 PURCHASE OF SERVICES,255,DUES                                0255,10,11,2000,835805168,835805168,835805168,637532960,6160622,5100,2000,835805168,010 GENERAL OPERATING FD,11 POLICE
2018,1,2,02 PURCHASE OF SERVICES,255,DUES                                0255,10,11,2100,835807268,835807268,835807268,637535060,6162722,5100,4100,835807268,010 GENERAL OPERATING FD,11 POLICE
2018,1,2,02 PURCHASE OF SERVICES,255,DUES                                0255,10,11,1000,835808268,835808268,835808268,637536060,6163722,5100,5100,835808268,010 GENERAL OPERATING FD,11 POLICE
2018,1,2,02 PURCHASE OF SERVICES,256,SEMINAR AND TRAINING SESSIONS       0256,10,11,290000,836098268,836098268,836098268,637826060,6453722,292700,290000,836098268,010 GENERAL OPERATING FD,11 POLICE
2018,1,2,02 PURCHASE OF SERVICES,256,SEMINAR AND TRAINING SESSIONS       0256,10,11,700,836098968,836098968,836098968,637826760,6454422,292700,290700,836098968,010 GENERAL OPERATING FD,11 POLICE
2018,1,2,02 PURCHASE OF SERVICES,256,SEMINAR AND TRAINING SESSIONS       0256,10,11,2000,836100968,836100968,836100968,637828760,6456422,292700,292700,836100968,010 GENERAL OPERATING FD,11 POLICE
2018,1,2,02 PURCHASE OF SERVICES,260,REPAIR AND MAINTENANCE CHARGES      0260,10,11,268054,836369022,836369022,836369022,638096814,6724476,775877,268054,836369022,010 GENERAL OPERATING FD,11 POLICE
2018,1,2,02 PURCHASE OF SERVICES,260,REPAIR AND MAINTENANCE CHARGES      0260,10,11,231968,836600990,836600990,836600990,638328782,6956444,775877,500022,836600990,010 GENERAL OPERATING FD,11 POLICE
2018,1,2,02 PURCHASE OF SERVICES,260,REPAIR AND MAINTENANCE CHARGES      0260,10,11,275855,836876845,836876845,836876845,638604637,7232299,775877,775877,836876845,010 GENERAL OPERATING FD,11 POLICE
2018,1,2,02 PURCHASE OF SERVICES,266,MAINT/SUPPORT-COMPUTR HARDWARE/SOFT 0266,10,11,22241,836899086,836899086,836899086,638626878,7254540,30315,22241,836899086,010 GENERAL OPERATING FD,11 POLICE
2018,1,2,02 PURCHASE OF SERVICES,266,MAINT/SUPPORT-COMPUTR HARDWARE/SOFT 0266,10,11,8074,836907160,836907160,836907160,638634952,7262614,30315,30315,836907160,010 GENERAL OPERATING FD,11 POLICE
2018,1,2,02 PURCHASE OF SERVICES,285,RENTS                               0285,10,11,178225,837085385,837085385,837085385,638813177,7440839,200193,178225,837085385,010 GENERAL OPERATING FD,11 POLICE
2018,1,2,02 PURCHASE OF SERVICES,285,RENTS                               0285,10,11,16848,837102233,837102233,837102233,638830025,7457687,200193,195073,837102233,010 GENERAL OPERATING FD,11 POLICE
2018,1,2,02 PURCHASE OF SERVICES,285,RENTS                               0285,10,11,5120,837107353,837107353,837107353,638835145,7462807,200193,200193,837107353,010 GENERAL OPERATING FD,11 POLICE
2018,1,3,03 MATERIALS AND SUPPLIES,302,"ANIMAL, LIVESTOCK AND MARINE LIFE   0302",10,11,125000,837232353,837232353,837232353,638960145,125000,125000,125000,837232353,010 GENERAL OPERATING FD,11 POLICE
2018,1,3,03 MATERIALS AND SUPPLIES,304,BOOKS AND OTHER PUBLICATIONS        0304,10,11,56409,837288762,837288762,837288762,639016554,181409,58379,56409,837288762,010 GENERAL OPERATING FD,11 POLICE
2018,1,3,03 MATERIALS AND SUPPLIES,304,BOOKS AND OTHER PUBLICATIONS        0304,10,11,1500,837290262,837290262,837290262,639018054,182909,58379,57909,837290262,010 GENERAL OPERATING FD,11 POLICE
2018,1,3,03 MATERIALS AND SUPPLIES,304,BOOKS AND OTHER PUBLICATIONS        0304,10,11,470,837290732,837290732,837290732,639018524,183379,58379,58379,837290732,010 GENERAL OPERATING FD,11 POLICE
2018,1,3,03 MATERIALS AND SUPPLIES,305,BUILDING AND CONSTRUCTION           0305,10,11,3681,837294413,837294413,837294413,639022205,187060,42569,3681,837294413,010 GENERAL OPERATING FD,11 POLICE
2018,1,3,03 MATERIALS AND SUPPLIES,305,BUILDING AND CONSTRUCTION           0305,10,11,38888,837333301,837333301,837333301,639061093,225948,42569,42569,837333301,010 GENERAL OPERATING FD,11 POLICE
2018,1,3,03 MATERIALS AND SUPPLIES,307,CHEMICALS AND GASES                 0307,10,11,4460,837337761,837337761,837337761,639065553,230408,21210,4460,837337761,010 GENERAL OPERATING FD,11 POLICE
2018,1,3,03 MATERIALS AND SUPPLIES,307,CHEMICALS AND GASES                 0307,10,11,15250,837353011,837353011,837353011,639080803,245658,21210,19710,837353011,010 GENERAL OPERATING FD,11 POLICE
2018,1,3,03 MATERIALS AND SUPPLIES,307,CHEMICALS AND GASES                 0307,10,11,1500,837354511,837354511,837354511,639082303,247158,21210,21210,837354511,010 GENERAL OPERATING FD,11 POLICE
2018,1,3,03 MATERIALS AND SUPPLIES,308,DRY GOODS/NOTIONS/WEARING APPAREL   0308,10,11,2187226,839541737,839541737,839541737,641269529,2434384,5984750,2187226,839541737,010 GENERAL OPERATING FD,11 POLICE
2018,1,3,03 MATERIALS AND SUPPLIES,308,DRY GOODS/NOTIONS/WEARING APPAREL   0308,10,11,205870,839747607,839747607,839747607,641475399,2640254,5984750,2393096,839747607,010 GENERAL OPERATING FD,11 POLICE
2018,1,3,03 MATERIALS AND SUPPLIES,308,DRY GOODS/NOTIONS/WEARING APPAREL   0308,10,11,3591654,843339261,843339261,843339261,645067053,6231908,5984750,5984750,843339261,010 GENERAL OPERATING FD,11 POLICE
2018,1,3,03 MATERIALS AND SUPPLIES,309,CORDAGE AND FIBERS                  0309,10,11,6544,843345805,843345805,843345805,645073597,6238452,6544,6544,843345805,010 GENERAL OPERATING FD,11 POLICE
2018,1,3,03 MATERIALS AND SUPPLIES,310,ELECTRICAL AND COMMUNICATION        0310,10,11,39551,843385356,843385356,843385356,645113148,6278003,49131,39551,843385356,010 GENERAL OPERATING FD,11 POLICE
2018,1,3,03 MATERIALS AND SUPPLIES,310,ELECTRICAL AND COMMUNICATION        0310,10,11,1700,843387056,843387056,843387056,645114848,6279703,49131,41251,843387056,010 GENERAL OPERATING FD,11 POLICE
2018,1,3,03 MATERIALS AND SUPPLIES,310,ELECTRICAL AND COMMUNICATION        0310,10,11,7880,843394936,843394936,843394936,645122728,6287583,49131,49131,843394936,010 GENERAL OPERATING FD,11 POLICE
2018,1,3,03 MATERIALS AND SUPPLIES,311,GENERAL EQUIPMENT AND MACHINERY     0311,10,11,1500,843396436,843396436,843396436,645124228,6289083,41325,1500,843396436,010 GENERAL OPERATING FD,11 POLICE
2018,1,3,03 MATERIALS AND SUPPLIES,311,GENERAL EQUIPMENT AND MACHINERY     0311,10,11,39825,843436261,843436261,843436261,645164053,6328908,41325,41325,843436261,010 GENERAL OPERATING FD,11 POLICE
2018,1,3,03 MATERIALS AND SUPPLIES,312,FIRE FIGHTING AND SAFETY            0312,10,11,3407,843439668,843439668,843439668,645167460,6332315,1582734,3407,843439668,010 GENERAL OPERATING FD,11 POLICE
2018,1,3,03 MATERIALS AND SUPPLIES,312,FIRE FIGHTING AND SAFETY            0312,10,11,88254,843527922,843527922,843527922,645255714,6420569,1582734,91661,843527922,010 GENERAL OPERATING FD,11 POLICE
2018,1,3,03 MATERIALS AND SUPPLIES,312,FIRE FIGHTING AND SAFETY            0312,10,11,1491073,845018995,845018995,845018995,646746787,7911642,1582734,1582734,845018995,010 GENERAL OPERATING FD,11 POLICE
2018,1,3,03 MATERIALS AND SUPPLIES,313,FOOD                                0313,10,11,1025,845020020,845020020,845020020,646747812,7912667,187075,1025,845020020,010 GENERAL OPERATING FD,11 POLICE
2018,1,3,03 MATERIALS AND SUPPLIES,313,FOOD                                0313,10,11,550,845020570,845020570,845020570,646748362,7913217,187075,1575,845020570,010 GENERAL OPERATING FD,11 POLICE
2018,1,3,03 MATERIALS AND SUPPLIES,313,FOOD                                0313,10,11,185500,845206070,845206070,845206070,646933862,8098717,187075,187075,845206070,010 GENERAL OPERATING FD,11 POLICE
2018,1,3,03 MATERIALS AND SUPPLIES,316,GENERAL HARDWARE AND MINOR TOOLS    0316,10,11,8000,845214070,845214070,845214070,646941862,8106717,16211,8000,845214070,010 GENERAL OPERATING FD,11 POLICE
2018,1,3,03 MATERIALS AND SUPPLIES,316,GENERAL HARDWARE AND MINOR TOOLS    0316,10,11,400,845214470,845214470,845214470,646942262,8107117,16211,8400,845214470,010 GENERAL OPERATING FD,11 POLICE
2018,1,3,03 MATERIALS AND SUPPLIES,316,GENERAL HARDWARE AND MINOR TOOLS    0316,10,11,7811,845222281,845222281,845222281,646950073,8114928,16211,16211,845222281,010 GENERAL OPERATING FD,11 POLICE
2018,1,3,03 MATERIALS AND SUPPLIES,317,HOSPITAL AND LABORATORY             0317,10,11,77617,845299898,845299898,845299898,647027690,8192545,1156329,77617,845299898,010 GENERAL OPERATING FD,11 POLICE
2018,1,3,03 MATERIALS AND SUPPLIES,317,HOSPITAL AND LABORATORY             0317,10,11,1073312,846373210,846373210,846373210,648101002,9265857,1156329,1150929,846373210,010 GENERAL OPERATING FD,11 POLICE
2018,1,3,03 MATERIALS AND SUPPLIES,317,HOSPITAL AND LABORATORY             0317,10,11,5400,846378610,846378610,846378610,648106402,9271257,1156329,1156329,846378610,010 GENERAL OPERATING FD,11 POLICE
2018,1,3,03 MATERIALS AND SUPPLIES,318,"JANITORIAL, LAUNDRY AND HOUSEHOLD   0318",10,11,233914,846612524,846612524,846612524,648340316,9505171,234914,233914,846612524,010 GENERAL OPERATING FD,11 POLICE
2018,1,3,03 MATERIALS AND SUPPLIES,318,"JANITORIAL, LAUNDRY AND HOUSEHOLD   0318",10,11,1000,846613524,846613524,846613524,648341316,9506171,234914,234914,846613524,010 GENERAL OPERATING FD,11 POLICE
2018,1,3,03 MATERIALS AND SUPPLIES,319,NAUTICAL AND AERONAUTICAL           0319,10,11,361368,846974892,846974892,846974892,648702684,9867539,361368,361368,846974892,010 GENERAL OPERATING FD,11 POLICE
2018,1,3,03 MATERIALS AND SUPPLIES,320,OFFICE MATERIALS AND SUPPLIES       0320,10,11,6132,846981024,846981024,846981024,648708816,9873671,544273,6132,846981024,010 GENERAL OPERATING FD,11 POLICE
2018,1,3,03 MATERIALS AND SUPPLIES,320,OFFICE MATERIALS AND SUPPLIES       0320,10,11,7498,846988522,846988522,846988522,648716314,9881169,544273,13630,846988522,010 GENERAL OPERATING FD,11 POLICE
2018,1,3,03 MATERIALS AND SUPPLIES,320,OFFICE MATERIALS AND SUPPLIES       0320,10,11,530643,847519165,847519165,847519165,649246957,10411812,544273,544273,847519165,010 GENERAL OPERATING FD,11 POLICE
2018,1,3,03 MATERIALS AND SUPPLIES,322,SMALL POWER TOOLS AND HAND TOOLS    0322,10,11,450,847519615,847519615,847519615,649247407,10412262,450,450,847519615,010 GENERAL OPERATING FD,11 POLICE
2018,1,3,03 MATERIALS AND SUPPLIES,324,"PRECISION, PHOTOGRAPHIC AND ARTISTS 0324",10,11,25056,847544671,847544671,847544671,649272463,10437318,752347,25056,847544671,010 GENERAL OPERATING FD,11 POLICE
2018,1,3,03 MATERIALS AND SUPPLIES,324,"PRECISION, PHOTOGRAPHIC AND ARTISTS 0324",10,11,5950,847550621,847550621,847550621,649278413,10443268,752347,31006,847550621,010 GENERAL OPERATING FD,11 POLICE
2018,1,3,03 MATERIALS AND SUPPLIES,324,"PRECISION, PHOTOGRAPHIC AND ARTISTS 0324",10,11,721341,848271962,848271962,848271962,649999754,11164609,752347,752347,848271962,010 GENERAL OPERATING FD,11 POLICE
2018,1,3,03 MATERIALS AND SUPPLIES,325,PRINTING                            0325,10,11,4050,848276012,848276012,848276012,650003804,11168659,177337,4050,848276012,010 GENERAL OPERATING FD,11 POLICE
2018,1,3,03 MATERIALS AND SUPPLIES,325,PRINTING                            0325,10,11,173287,848449299,848449299,848449299,650177091,11341946,177337,177337,848449299,010 GENERAL OPERATING FD,11 POLICE
2018,1,3,03 MATERIALS AND SUPPLIES,328,MOTOR VEHICLE PARTS AND ACCESSORIES 0328,10,11,42000,848491299,848491299,848491299,650219091,11383946,42000,42000,848491299,010 GENERAL OPERATING FD,11 POLICE
2018,1,3,03 MATERIALS AND SUPPLIES,340,#2 DIESEL FUEL                      0340,10,11,3000,848494299,848494299,848494299,650222091,11386946,3000,3000,848494299,010 GENERAL OPERATING FD,11 POLICE
2018,1,3,03 MATERIALS AND SUPPLIES,342,LIQUID PROPANE GAS (LPG)            0342,10,11,5050,848499349,848499349,848499349,650227141,11391996,6050,5050,848499349,010 GENERAL OPERATING FD,11 POLICE
2018,1,3,03 MATERIALS AND SUPPLIES,342,LIQUID PROPANE GAS (LPG)            0342,10,11,1000,848500349,848500349,848500349,650228141,11392996,6050,6050,848500349,010 GENERAL OPERATING FD,11 POLICE
2018,1,3,03 MATERIALS AND SUPPLIES,345,GASOLINE                            0345,10,11,135000,848635349,848635349,848635349,650363141,11527996,135000,135000,848635349,010 GENERAL OPERATING FD,11 POLICE
2018,1,4,04 EQUIPMENT,410,ELECTRICAL LIGHTING COMMUNICATION   0410,10,11,1500,848636849,848636849,848636849,650364641,1500,10658,1500,848636849,010 GENERAL OPERATING FD,11 POLICE
2018,1,4,04 EQUIPMENT,410,ELECTRICAL LIGHTING COMMUNICATION   0410,10,11,3966,848640815,848640815,848640815,650368607,5466,10658,5466,848640815,010 GENERAL OPERATING FD,11 POLICE
2018,1,4,04 EQUIPMENT,410,ELECTRICAL LIGHTING COMMUNICATION   0410,10,11,5192,848646007,848646007,848646007,650373799,10658,10658,10658,848646007,010 GENERAL OPERATING FD,11 POLICE
2018,1,4,04 EQUIPMENT,412,FIRE FIGHTING AND EMERGENCY         0412,10,11,1102950,849748957,849748957,849748957,651476749,1113608,1102950,1102950,849748957,010 GENERAL OPERATING FD,11 POLICE
2018,1,4,04 EQUIPMENT,417,HOSPITAL AND LABORATORY             0417,10,11,10991,849759948,849759948,849759948,651487740,1124599,10991,10991,849759948,010 GENERAL OPERATING FD,11 POLICE
2018,1,4,04 EQUIPMENT,420,OFFICE EQUIPMENT                    0420,10,11,7903,849767851,849767851,849767851,651495643,1132502,71251,7903,849767851,010 GENERAL OPERATING FD,11 POLICE
2018,1,4,04 EQUIPMENT,420,OFFICE EQUIPMENT                    0420,10,11,3743,849771594,849771594,849771594,651499386,1136245,71251,11646,849771594,010 GENERAL OPERATING FD,11 POLICE
2018,1,4,04 EQUIPMENT,420,OFFICE EQUIPMENT                    0420,10,11,59605,849831199,849831199,849831199,651558991,1195850,71251,71251,849831199,010 GENERAL OPERATING FD,11 POLICE
2018,1,4,04 EQUIPMENT,424,"PRECISION, PHOTOGRAPHIC AND ARTIST  0424",10,11,1500,849832699,849832699,849832699,651560491,1197350,351500,1500,849832699,010 GENERAL OPERATING FD,11 POLICE
2018,1,4,04 EQUIPMENT,424,"PRECISION, PHOTOGRAPHIC AND ARTIST  0424",10,11,350000,850182699,850182699,850182699,651910491,1547350,351500,351500,850182699,010 GENERAL OPERATING FD,11 POLICE
2018,1,4,04 EQUIPMENT,426,RECREATIONAL AND EDUCATIONAL        0426,10,11,125,850182824,850182824,850182824,651910616,1547475,125,125,850182824,010 GENERAL OPERATING FD,11 POLICE
2018,1,4,04 EQUIPMENT,427,COMPUTER EQUIPMENT & PERIPHERALS    0427,10,11,60302,850243126,850243126,850243126,651970918,1607777,67063,60302,850243126,010 GENERAL OPERATING FD,11 POLICE
2018,1,4,04 EQUIPMENT,427,COMPUTER EQUIPMENT & PERIPHERALS    0427,10,11,6761,850249887,850249887,850249887,651977679,1614538,67063,67063,850249887,010 GENERAL OPERATING FD,11 POLICE
2018,1,4,04 EQUIPMENT,430,FURNITURE AND FURNISHINGS           0430,10,11,23000,850272887,850272887,850272887,652000679,1637538,127000,23000,850272887,010 GENERAL OPERATING FD,11 POLICE
2018,1,4,04 EQUIPMENT,430,FURNITURE AND FURNISHINGS           0430,10,11,4000,850276887,850276887,850276887,652004679,1641538,127000,27000,850276887,010 GENERAL OPERATING FD,11 POLICE
2018,1,4,04 EQUIPMENT,430,FURNITURE AND FURNISHINGS           0430,10,11,100000,850376887,850376887,850376887,652104679,1741538,127000,127000,850376887,010 GENERAL OPERATING FD,11 POLICE
2018,1,4,04 EQUIPMENT,499,OTHER EQUIPMENT (NOC)               0499,10,11,1418,850378305,850378305,850378305,652106097,1742956,1418,1418,850378305,010 GENERAL OPERATING FD,11 POLICE
2018,1,1,01 PERSONAL SERVICES,100,SALARY CONTROL                      0100,10,12,6340,850384645,850384645,850384645,6340,6340,460691,6340,850384645,010 GENERAL OPERATING FD,12 STREETS
2018,1,1,01 PERSONAL SERVICES,100,SALARY CONTROL                      0100,10,12,4300,850388945,850388945,850388945,10640,10640,460691,10640,850388945,010 GENERAL OPERATING FD,12 STREETS
2018,1,1,01 PERSONAL SERVICES,100,SALARY CONTROL                      0100,10,12,4300,850393245,850393245,850393245,14940,14940,460691,14940,850393245,010 GENERAL OPERATING FD,12 STREETS
2018,1,1,01 PERSONAL SERVICES,100,SALARY CONTROL                      0100,10,12,1502,850394747,850394747,850394747,16442,16442,460691,16442,850394747,010 GENERAL OPERATING FD,12 STREETS
2018,1,1,01 PERSONAL SERVICES,100,SALARY CONTROL                      0100,10,12,277456,850672203,850672203,850672203,293898,293898,460691,293898,850672203,010 GENERAL OPERATING FD,12 STREETS
2018,1,1,01 PERSONAL SERVICES,100,SALARY CONTROL                      0100,10,12,6696,850678899,850678899,850678899,300594,300594,460691,300594,850678899,010 GENERAL OPERATING FD,12 STREETS
2018,1,1,01 PERSONAL SERVICES,100,SALARY CONTROL                      0100,10,12,70116,850749015,850749015,850749015,370710,370710,460691,370710,850749015,010 GENERAL OPERATING FD,12 STREETS
2018,1,1,01 PERSONAL SERVICES,100,SALARY CONTROL                      0100,10,12,20384,850769399,850769399,850769399,391094,391094,460691,391094,850769399,010 GENERAL OPERATING FD,12 STREETS
2018,1,1,01 PERSONAL SERVICES,100,SALARY CONTROL                      0100,10,12,50961,850820360,850820360,850820360,442055,442055,460691,442055,850820360,010 GENERAL OPERATING FD,12 STREETS
2018,1,1,01 PERSONAL SERVICES,100,SALARY CONTROL                      0100,10,12,18636,850838996,850838996,850838996,460691,460691,460691,460691,850838996,010 GENERAL OPERATING FD,12 STREETS
2018,1,1,01 PERSONAL SERVICES,101,PERM FULL TIME-CIVILIAN             0101,10,12,2797090,853636086,853636086,853636086,3257781,3257781,67802819,2797090,853636086,010 GENERAL OPERATING FD,12 STREETS
2018,1,1,01 PERSONAL SERVICES,101,PERM FULL TIME-CIVILIAN             0101,10,12,1364635,855000721,855000721,855000721,4622416,4622416,67802819,4161725,855000721,010 GENERAL OPERATING FD,12 STREETS
2018,1,1,01 PERSONAL SERVICES,101,PERM FULL TIME-CIVILIAN             0101,10,12,7559318,862560039,862560039,862560039,12181734,12181734,67802819,11721043,862560039,010 GENERAL OPERATING FD,12 STREETS
2018,1,1,01 PERSONAL SERVICES,101,PERM FULL TIME-CIVILIAN             0101,10,12,2711576,865271615,865271615,865271615,14893310,14893310,67802819,14432619,865271615,010 GENERAL OPERATING FD,12 STREETS
2018,1,1,01 PERSONAL SERVICES,101,PERM FULL TIME-CIVILIAN             0101,10,12,9131227,874402842,874402842,874402842,24024537,24024537,67802819,23563846,874402842,010 GENERAL OPERATING FD,12 STREETS
2018,1,1,01 PERSONAL SERVICES,101,PERM FULL TIME-CIVILIAN             0101,10,12,33739657,908142499,908142499,908142499,57764194,57764194,67802819,57303503,908142499,010 GENERAL OPERATING FD,12 STREETS
2018,1,1,01 PERSONAL SERVICES,101,PERM FULL TIME-CIVILIAN             0101,10,12,3159144,911301643,911301643,911301643,60923338,60923338,67802819,60462647,911301643,010 GENERAL OPERATING FD,12 STREETS
2018,1,1,01 PERSONAL SERVICES,101,PERM FULL TIME-CIVILIAN             0101,10,12,3437658,914739301,914739301,914739301,64360996,64360996,67802819,63900305,914739301,010 GENERAL OPERATING FD,12 STREETS
2018,1,1,01 PERSONAL SERVICES,101,PERM FULL TIME-CIVILIAN             0101,10,12,2862166,917601467,917601467,917601467,67223162,67223162,67802819,66762471,917601467,010 GENERAL OPERATING FD,12 STREETS
2018,1,1,01 PERSONAL SERVICES,101,PERM FULL TIME-CIVILIAN             0101,10,12,1040348,918641815,918641815,918641815,68263510,68263510,67802819,67802819,918641815,010 GENERAL OPERATING FD,12 STREETS
2018,1,1,01 PERSONAL SERVICES,109,PLUS/MINUS GROSS ADJ                0109,10,12,32000,918673815,918673815,918673815,68295510,68295510,74000,32000,918673815,010 GENERAL OPERATING FD,12 STREETS
2018,1,1,01 PERSONAL SERVICES,109,PLUS/MINUS GROSS ADJ                0109,10,12,4000,918677815,918677815,918677815,68299510,68299510,74000,36000,918677815,010 GENERAL OPERATING FD,12 STREETS
2018,1,1,01 PERSONAL SERVICES,109,PLUS/MINUS GROSS ADJ                0109,10,12,12000,918689815,918689815,918689815,68311510,68311510,74000,48000,918689815,010 GENERAL OPERATING FD,12 STREETS
2018,1,1,01 PERSONAL SERVICES,109,PLUS/MINUS GROSS ADJ                0109,10,12,2000,918691815,918691815,918691815,68313510,68313510,74000,50000,918691815,010 GENERAL OPERATING FD,12 STREETS
2018,1,1,01 PERSONAL SERVICES,109,PLUS/MINUS GROSS ADJ                0109,10,12,4000,918695815,918695815,918695815,68317510,68317510,74000,54000,918695815,010 GENERAL OPERATING FD,12 STREETS
2018,1,1,01 PERSONAL SERVICES,109,PLUS/MINUS GROSS ADJ                0109,10,12,4000,918699815,918699815,918699815,68321510,68321510,74000,58000,918699815,010 GENERAL OPERATING FD,12 STREETS
2018,1,1,01 PERSONAL SERVICES,109,PLUS/MINUS GROSS ADJ                0109,10,12,16000,918715815,918715815,918715815,68337510,68337510,74000,74000,918715815,010 GENERAL OPERATING FD,12 STREETS
2018,1,1,01 PERSONAL SERVICES,111,PERM PART TIME                      0111,10,12,30400,918746215,918746215,918746215,68367910,68367910,56429,30400,918746215,010 GENERAL OPERATING FD,12 STREETS
2018,1,1,01 PERSONAL SERVICES,111,PERM PART TIME                      0111,10,12,26029,918772244,918772244,918772244,68393939,68393939,56429,56429,918772244,010 GENERAL OPERATING FD,12 STREETS
2018,1,1,01 PERSONAL SERVICES,121,TEMPORARY/SEASONAL                  0121,10,12,110721,918882965,918882965,918882965,68504660,68504660,453207,110721,918882965,010 GENERAL OPERATING FD,12 STREETS
2018,1,1,01 PERSONAL SERVICES,121,TEMPORARY/SEASONAL                  0121,10,12,160086,919043051,919043051,919043051,68664746,68664746,453207,270807,919043051,010 GENERAL OPERATING FD,12 STREETS
2018,1,1,01 PERSONAL SERVICES,121,TEMPORARY/SEASONAL                  0121,10,12,152000,919195051,919195051,919195051,68816746,68816746,453207,422807,919195051,010 GENERAL OPERATING FD,12 STREETS
2018,1,1,01 PERSONAL SERVICES,121,TEMPORARY/SEASONAL                  0121,10,12,30400,919225451,919225451,919225451,68847146,68847146,453207,453207,919225451,010 GENERAL OPERATING FD,12 STREETS
2018,1,1,01 PERSONAL SERVICES,161,OVERTIME-CIVILIAN                   0161,10,12,1469900,920695351,920695351,920695351,70317046,70317046,9075000,1469900,920695351,010 GENERAL OPERATING FD,12 STREETS
2018,1,1,01 PERSONAL SERVICES,161,OVERTIME-CIVILIAN                   0161,10,12,73518,920768869,920768869,920768869,70390564,70390564,9075000,1543418,920768869,010 GENERAL OPERATING FD,12 STREETS
2018,1,1,01 PERSONAL SERVICES,161,OVERTIME-CIVILIAN                   0161,10,12,55100,920823969,920823969,920823969,70445664,70445664,9075000,1598518,920823969,010 GENERAL OPERATING FD,12 STREETS
2018,1,1,01 PERSONAL SERVICES,161,OVERTIME-CIVILIAN                   0161,10,12,5912842,926736811,926736811,926736811,76358506,76358506,9075000,7511360,926736811,010 GENERAL OPERATING FD,12 STREETS
2018,1,1,01 PERSONAL SERVICES,161,OVERTIME-CIVILIAN                   0161,10,12,844511,927581322,927581322,927581322,77203017,77203017,9075000,8355871,927581322,010 GENERAL OPERATING FD,12 STREETS
2018,1,1,01 PERSONAL SERVICES,161,OVERTIME-CIVILIAN                   0161,10,12,295000,927876322,927876322,927876322,77498017,77498017,9075000,8650871,927876322,010 GENERAL OPERATING FD,12 STREETS
2018,1,1,01 PERSONAL SERVICES,161,OVERTIME-CIVILIAN                   0161,10,12,172129,928048451,928048451,928048451,77670146,77670146,9075000,8823000,928048451,010 GENERAL OPERATING FD,12 STREETS
2018,1,1,01 PERSONAL SERVICES,161,OVERTIME-CIVILIAN                   0161,10,12,136000,928184451,928184451,928184451,77806146,77806146,9075000,8959000,928184451,010 GENERAL OPERATING FD,12 STREETS
2018,1,1,01 PERSONAL SERVICES,161,OVERTIME-CIVILIAN                   0161,10,12,64000,928248451,928248451,928248451,77870146,77870146,9075000,9023000,928248451,010 GENERAL OPERATING FD,12 STREETS
2018,1,1,01 PERSONAL SERVICES,161,OVERTIME-CIVILIAN                   0161,10,12,52000,928300451,928300451,928300451,77922146,77922146,9075000,9075000,928300451,010 GENERAL OPERATING FD,12 STREETS
2018,1,1,01 PERSONAL SERVICES,171,"HOLIDAY ""G""(2/3 SHIFTS)             0171",10,12,90037,928390488,928390488,928390488,78012183,78012183,205259,90037,928390488,010 GENERAL OPERATING FD,12 STREETS
2018,1,1,01 PERSONAL SERVICES,171,"HOLIDAY ""G""(2/3 SHIFTS)             0171",10,12,1237,928391725,928391725,928391725,78013420,78013420,205259,91274,928391725,010 GENERAL OPERATING FD,12 STREETS
2018,1,1,01 PERSONAL SERVICES,171,"HOLIDAY ""G""(2/3 SHIFTS)             0171",10,12,578,928392303,928392303,928392303,78013998,78013998,205259,91852,928392303,010 GENERAL OPERATING FD,12 STREETS
2018,1,1,01 PERSONAL SERVICES,171,"HOLIDAY ""G""(2/3 SHIFTS)             0171",10,12,7672,928399975,928399975,928399975,78021670,78021670,205259,99524,928399975,010 GENERAL OPERATING FD,12 STREETS
2018,1,1,01 PERSONAL SERVICES,171,"HOLIDAY ""G""(2/3 SHIFTS)             0171",10,12,5108,928405083,928405083,928405083,78026778,78026778,205259,104632,928405083,010 GENERAL OPERATING FD,12 STREETS
2018,1,1,01 PERSONAL SERVICES,171,"HOLIDAY ""G""(2/3 SHIFTS)             0171",10,12,18284,928423367,928423367,928423367,78045062,78045062,205259,122916,928423367,010 GENERAL OPERATING FD,12 STREETS
2018,1,1,01 PERSONAL SERVICES,171,"HOLIDAY ""G""(2/3 SHIFTS)             0171",10,12,70116,928493483,928493483,928493483,78115178,78115178,205259,193032,928493483,010 GENERAL OPERATING FD,12 STREETS
2018,1,1,01 PERSONAL SERVICES,171,"HOLIDAY ""G""(2/3 SHIFTS)             0171",10,12,12227,928505710,928505710,928505710,78127405,78127405,205259,205259,928505710,010 GENERAL OPERATING FD,12 STREETS
2018,1,1,01 PERSONAL SERVICES,181,SHIFT                               0181,10,12,196394,928702104,928702104,928702104,78323799,78323799,271291,196394,928702104,010 GENERAL OPERATING FD,12 STREETS
2018,1,1,01 PERSONAL SERVICES,181,SHIFT                               0181,10,12,1000,928703104,928703104,928703104,78324799,78324799,271291,197394,928703104,010 GENERAL OPERATING FD,12 STREETS
2018,1,1,01 PERSONAL SERVICES,181,SHIFT                               0181,10,12,849,928703953,928703953,928703953,78325648,78325648,271291,198243,928703953,010 GENERAL OPERATING FD,12 STREETS
2018,1,1,01 PERSONAL SERVICES,181,SHIFT                               0181,10,12,7039,928710992,928710992,928710992,78332687,78332687,271291,205282,928710992,010 GENERAL OPERATING FD,12 STREETS
2018,1,1,01 PERSONAL SERVICES,181,SHIFT                               0181,10,12,37542,928748534,928748534,928748534,78370229,78370229,271291,242824,928748534,010 GENERAL OPERATING FD,12 STREETS
2018,1,1,01 PERSONAL SERVICES,181,SHIFT                               0181,10,12,27200,928775734,928775734,928775734,78397429,78397429,271291,270024,928775734,010 GENERAL OPERATING FD,12 STREETS
2018,1,1,01 PERSONAL SERVICES,181,SHIFT                               0181,10,12,1267,928777001,928777001,928777001,78398696,78398696,271291,271291,928777001,010 GENERAL OPERATING FD,12 STREETS
2018,1,1,01 PERSONAL SERVICES,199,SICK PAY(B TIME)-CIVILIAN           0199,10,12,23999,928801000,928801000,928801000,78422695,78422695,83072,23999,928801000,010 GENERAL OPERATING FD,12 STREETS
2018,1,1,01 PERSONAL SERVICES,199,SICK PAY(B TIME)-CIVILIAN           0199,10,12,23493,928824493,928824493,928824493,78446188,78446188,83072,47492,928824493,010 GENERAL OPERATING FD,12 STREETS
2018,1,1,01 PERSONAL SERVICES,199,SICK PAY(B TIME)-CIVILIAN           0199,10,12,8295,928832788,928832788,928832788,78454483,78454483,83072,55787,928832788,010 GENERAL OPERATING FD,12 STREETS
2018,1,1,01 PERSONAL SERVICES,199,SICK PAY(B TIME)-CIVILIAN           0199,10,12,18853,928851641,928851641,928851641,78473336,78473336,83072,74640,928851641,010 GENERAL OPERATING FD,12 STREETS
2018,1,1,01 PERSONAL SERVICES,199,SICK PAY(B TIME)-CIVILIAN           0199,10,12,8432,928860073,928860073,928860073,78481768,78481768,83072,83072,928860073,010 GENERAL OPERATING FD,12 STREETS
2018,1,2,02 PURCHASE OF SERVICES,201,CLEANING AND LAUNDERING             0201,10,12,1917,928861990,928861990,928861990,78483685,1917,4917,1917,928861990,010 GENERAL OPERATING FD,12 STREETS
2018,1,2,02 PURCHASE OF SERVICES,201,CLEANING AND LAUNDERING             0201,10,12,3000,928864990,928864990,928864990,78486685,4917,4917,4917,928864990,010 GENERAL OPERATING FD,12 STREETS
2018,1,2,02 PURCHASE OF SERVICES,205,REFUSE/GARBAGE/SILT/SLUDGE REMOVAL  0205,10,12,2620000,931484990,931484990,931484990,81106685,2624917,37778532,2620000,931484990,010 GENERAL OPERATING FD,12 STREETS
2018,1,2,02 PURCHASE OF SERVICES,205,REFUSE/GARBAGE/SILT/SLUDGE REMOVAL  0205,10,12,48500,931533490,931533490,931533490,81155185,2673417,37778532,2668500,931533490,010 GENERAL OPERATING FD,12 STREETS
2018,1,2,02 PURCHASE OF SERVICES,205,REFUSE/GARBAGE/SILT/SLUDGE REMOVAL  0205,10,12,9750,931543240,931543240,931543240,81164935,2683167,37778532,2678250,931543240,010 GENERAL OPERATING FD,12 STREETS
2018,1,2,02 PURCHASE OF SERVICES,205,REFUSE/GARBAGE/SILT/SLUDGE REMOVAL  0205,10,12,35100282,966643522,966643522,966643522,116265217,37783449,37778532,37778532,966643522,010 GENERAL OPERATING FD,12 STREETS
2018,1,2,02 PURCHASE OF SERVICES,209,TELEPHONE                           0209,10,12,835,966644357,966644357,966644357,116266052,37784284,3626,835,966644357,010 GENERAL OPERATING FD,12 STREETS
2018,1,2,02 PURCHASE OF SERVICES,209,TELEPHONE                           0209,10,12,835,966645192,966645192,966645192,116266887,37785119,3626,1670,966645192,010 GENERAL OPERATING FD,12 STREETS
2018,1,2,02 PURCHASE OF SERVICES,209,TELEPHONE                           0209,10,12,613,966645805,966645805,966645805,116267500,37785732,3626,2283,966645805,010 GENERAL OPERATING FD,12 STREETS
2018,1,2,02 PURCHASE OF SERVICES,209,TELEPHONE                           0209,10,12,621,966646426,966646426,966646426,116268121,37786353,3626,2904,966646426,010 GENERAL OPERATING FD,12 STREETS
2018,1,2,02 PURCHASE OF SERVICES,209,TELEPHONE                           0209,10,12,722,966647148,966647148,966647148,116268843,37787075,3626,3626,966647148,010 GENERAL OPERATING FD,12 STREETS
2018,1,2,02 PURCHASE OF SERVICES,210,POSTAGE                             0210,10,12,1000,966648148,966648148,966648148,116269843,37788075,1000,1000,966648148,010 GENERAL OPERATING FD,12 STREETS
2018,1,2,02 PURCHASE OF SERVICES,211,TRANSPORTATION                      0211,10,12,631,966648779,966648779,966648779,116270474,37788706,36070,631,966648779,010 GENERAL OPERATING FD,12 STREETS
2018,1,2,02 PURCHASE OF SERVICES,211,TRANSPORTATION                      0211,10,12,26239,966675018,966675018,966675018,116296713,37814945,36070,26870,966675018,010 GENERAL OPERATING FD,12 STREETS
2018,1,2,02 PURCHASE OF SERVICES,211,TRANSPORTATION                      0211,10,12,9000,966684018,966684018,966684018,116305713,37823945,36070,35870,966684018,010 GENERAL OPERATING FD,12 STREETS
2018,1,2,02 PURCHASE OF SERVICES,211,TRANSPORTATION                      0211,10,12,200,966684218,966684218,966684218,116305913,37824145,36070,36070,966684218,010 GENERAL OPERATING FD,12 STREETS
2018,1,2,02 PURCHASE OF SERVICES,215,LICENSES PERMITS INSPECTION CHARGES 0215,10,12,1350,966685568,966685568,966685568,116307263,37825495,1350,1350,966685568,010 GENERAL OPERATING FD,12 STREETS
2018,1,2,02 PURCHASE OF SERVICES,240,ADVERTISING/PROMOTIONAL ACTIVITIES  0240,10,12,472000,967157568,967157568,967157568,116779263,38297495,477891,472000,967157568,010 GENERAL OPERATING FD,12 STREETS
2018,1,2,02 PURCHASE OF SERVICES,240,ADVERTISING/PROMOTIONAL ACTIVITIES  0240,10,12,2502,967160070,967160070,967160070,116781765,38299997,477891,474502,967160070,010 GENERAL OPERATING FD,12 STREETS
2018,1,2,02 PURCHASE OF SERVICES,240,ADVERTISING/PROMOTIONAL ACTIVITIES  0240,10,12,3389,967163459,967163459,967163459,116785154,38303386,477891,477891,967163459,010 GENERAL OPERATING FD,12 STREETS
2018,1,2,02 PURCHASE OF SERVICES,250,PROFESSIONAL CONSULT/SPEC SERVICES  0250,10,12,440867,967604326,967604326,967604326,117226021,38744253,5020861,440867,967604326,010 GENERAL OPERATING FD,12 STREETS
2018,1,2,02 PURCHASE OF SERVICES,250,PROFESSIONAL CONSULT/SPEC SERVICES  0250,10,12,263000,967867326,967867326,967867326,117489021,39007253,5020861,703867,967867326,010 GENERAL OPERATING FD,12 STREETS
2018,1,2,02 PURCHASE OF SERVICES,250,PROFESSIONAL CONSULT/SPEC SERVICES  0250,10,12,7600,967874926,967874926,967874926,117496621,39014853,5020861,711467,967874926,010 GENERAL OPERATING FD,12 STREETS
2018,1,2,02 PURCHASE OF SERVICES,250,PROFESSIONAL CONSULT/SPEC SERVICES  0250,10,12,1650000,969524926,969524926,969524926,119146621,40664853,5020861,2361467,969524926,010 GENERAL OPERATING FD,12 STREETS
2018,1,2,02 PURCHASE OF SERVICES,250,PROFESSIONAL CONSULT/SPEC SERVICES  0250,10,12,558303,970083229,970083229,970083229,119704924,41223156,5020861,2919770,970083229,010 GENERAL OPERATING FD,12 STREETS
2018,1,2,02 PURCHASE OF SERVICES,250,PROFESSIONAL CONSULT/SPEC SERVICES  0250,10,12,1629259,971712488,971712488,971712488,121334183,42852415,5020861,4549029,971712488,010 GENERAL OPERATING FD,12 STREETS
2018,1,2,02 PURCHASE OF SERVICES,250,PROFESSIONAL CONSULT/SPEC SERVICES  0250,10,12,214330,971926818,971926818,971926818,121548513,43066745,5020861,4763359,971926818,010 GENERAL OPERATING FD,12 STREETS
2018,1,2,02 PURCHASE OF SERVICES,250,PROFESSIONAL CONSULT/SPEC SERVICES  0250,10,12,92397,972019215,972019215,972019215,121640910,43159142,5020861,4855756,972019215,010 GENERAL OPERATING FD,12 STREETS
2018,1,2,02 PURCHASE OF SERVICES,250,PROFESSIONAL CONSULT/SPEC SERVICES  0250,10,12,165105,972184320,972184320,972184320,121806015,43324247,5020861,5020861,972184320,010 GENERAL OPERATING FD,12 STREETS
2018,1,2,02 PURCHASE OF SERVICES,255,DUES                                0255,10,12,12510,972196830,972196830,972196830,121818525,43336757,12510,12510,972196830,010 GENERAL OPERATING FD,12 STREETS
2018,1,2,02 PURCHASE OF SERVICES,256,SEMINAR AND TRAINING SESSIONS       0256,10,12,15000,972211830,972211830,972211830,121833525,43351757,45778,15000,972211830,010 GENERAL OPERATING FD,12 STREETS
2018,1,2,02 PURCHASE OF SERVICES,256,SEMINAR AND TRAINING SESSIONS       0256,10,12,3250,972215080,972215080,972215080,121836775,43355007,45778,18250,972215080,010 GENERAL OPERATING FD,12 STREETS
2018,1,2,02 PURCHASE OF SERVICES,256,SEMINAR AND TRAINING SESSIONS       0256,10,12,9750,972224830,972224830,972224830,121846525,43364757,45778,28000,972224830,010 GENERAL OPERATING FD,12 STREETS
2018,1,2,02 PURCHASE OF SERVICES,256,SEMINAR AND TRAINING SESSIONS       0256,10,12,1443,972226273,972226273,972226273,121847968,43366200,45778,29443,972226273,010 GENERAL OPERATING FD,12 STREETS
2018,1,2,02 PURCHASE OF SERVICES,256,SEMINAR AND TRAINING SESSIONS       0256,10,12,335,972226608,972226608,972226608,121848303,43366535,45778,29778,972226608,010 GENERAL OPERATING FD,12 STREETS
2018,1,2,02 PURCHASE OF SERVICES,256,SEMINAR AND TRAINING SESSIONS       0256,10,12,16000,972242608,972242608,972242608,121864303,43382535,45778,45778,972242608,010 GENERAL OPERATING FD,12 STREETS
2018,1,2,02 PURCHASE OF SERVICES,257,ARCHITECTURAL & ENGINEERING SRVCS   0257,10,12,20000,972262608,972262608,972262608,121884303,43402535,20000,20000,972262608,010 GENERAL OPERATING FD,12 STREETS
2018,1,2,02 PURCHASE OF SERVICES,260,REPAIR AND MAINTENANCE CHARGES      0260,10,12,279878,972542486,972542486,972542486,122164181,43682413,942073,279878,972542486,010 GENERAL OPERATING FD,12 STREETS
2018,1,2,02 PURCHASE OF SERVICES,260,REPAIR AND MAINTENANCE CHARGES      0260,10,12,1482,972543968,972543968,972543968,122165663,43683895,942073,281360,972543968,010 GENERAL OPERATING FD,12 STREETS
2018,1,2,02 PURCHASE OF SERVICES,260,REPAIR AND MAINTENANCE CHARGES      0260,10,12,77700,972621668,972621668,972621668,122243363,43761595,942073,359060,972621668,010 GENERAL OPERATING FD,12 STREETS
2018,1,2,02 PURCHASE OF SERVICES,260,REPAIR AND MAINTENANCE CHARGES      0260,10,12,8914,972630582,972630582,972630582,122252277,43770509,942073,367974,972630582,010 GENERAL OPERATING FD,12 STREETS
2018,1,2,02 PURCHASE OF SERVICES,260,REPAIR AND MAINTENANCE CHARGES      0260,10,12,436029,973066611,973066611,973066611,122688306,44206538,942073,804003,973066611,010 GENERAL OPERATING FD,12 STREETS
2018,1,2,02 PURCHASE OF SERVICES,260,REPAIR AND MAINTENANCE CHARGES      0260,10,12,95223,973161834,973161834,973161834,122783529,44301761,942073,899226,973161834,010 GENERAL OPERATING FD,12 STREETS
2018,1,2,02 PURCHASE OF SERVICES,260,REPAIR AND MAINTENANCE CHARGES      0260,10,12,8914,973170748,973170748,973170748,122792443,44310675,942073,908140,973170748,010 GENERAL OPERATING FD,12 STREETS
2018,1,2,02 PURCHASE OF SERVICES,260,REPAIR AND MAINTENANCE CHARGES      0260,10,12,33933,973204681,973204681,973204681,122826376,44344608,942073,942073,973204681,010 GENERAL OPERATING FD,12 STREETS
2018,1,2,02 PURCHASE OF SERVICES,285,RENTS                               0285,10,12,5275243,978479924,978479924,978479924,128101619,49619851,5348228,5275243,978479924,010 GENERAL OPERATING FD,12 STREETS
2018,1,2,02 PURCHASE OF SERVICES,285,RENTS                               0285,10,12,35342,978515266,978515266,978515266,128136961,49655193,5348228,5310585,978515266,010 GENERAL OPERATING FD,12 STREETS
2018,1,2,02 PURCHASE OF SERVICES,285,RENTS                               0285,10,12,1527,978516793,978516793,978516793,128138488,49656720,5348228,5312112,978516793,010 GENERAL OPERATING FD,12 STREETS
2018,1,2,02 PURCHASE OF SERVICES,285,RENTS                               0285,10,12,210,978517003,978517003,978517003,128138698,49656930,5348228,5312322,978517003,010 GENERAL OPERATING FD,12 STREETS
2018,1,2,02 PURCHASE OF SERVICES,285,RENTS                               0285,10,12,9962,978526965,978526965,978526965,128148660,49666892,5348228,5322284,978526965,010 GENERAL OPERATING FD,12 STREETS
2018,1,2,02 PURCHASE OF SERVICES,285,RENTS                               0285,10,12,25944,978552909,978552909,978552909,128174604,49692836,5348228,5348228,978552909,010 GENERAL OPERATING FD,12 STREETS
2018,1,2,02 PURCHASE OF SERVICES,295,PURCHASE SERVICES-IMPREST ADVANCES  0295,10,12,1000,978553909,978553909,978553909,128175604,49693836,2649,1000,978553909,010 GENERAL OPERATING FD,12 STREETS
2018,1,2,02 PURCHASE OF SERVICES,295,PURCHASE SERVICES-IMPREST ADVANCES  0295,10,12,1649,978555558,978555558,978555558,128177253,49695485,2649,2649,978555558,010 GENERAL OPERATING FD,12 STREETS
2018,1,2,02 PURCHASE OF SERVICES,299,OTHER EXPENSES (NOT OTHRWSE CLSSFD) 0299,10,12,28600,978584158,978584158,978584158,128205853,49724085,30776,28600,978584158,010 GENERAL OPERATING FD,12 STREETS
2018,1,2,02 PURCHASE OF SERVICES,299,OTHER EXPENSES (NOT OTHRWSE CLSSFD) 0299,10,12,406,978584564,978584564,978584564,128206259,49724491,30776,29006,978584564,010 GENERAL OPERATING FD,12 STREETS
2018,1,2,02 PURCHASE OF SERVICES,299,OTHER EXPENSES (NOT OTHRWSE CLSSFD) 0299,10,12,1770,978586334,978586334,978586334,128208029,49726261,30776,30776,978586334,010 GENERAL OPERATING FD,12 STREETS
2018,1,3,03 MATERIALS AND SUPPLIES,304,BOOKS AND OTHER PUBLICATIONS        0304,10,12,7753,978594087,978594087,978594087,128215782,7753,17618,7753,978594087,010 GENERAL OPERATING FD,12 STREETS
2018,1,3,03 MATERIALS AND SUPPLIES,304,BOOKS AND OTHER PUBLICATIONS        0304,10,12,1500,978595587,978595587,978595587,128217282,9253,17618,9253,978595587,010 GENERAL OPERATING FD,12 STREETS
2018,1,3,03 MATERIALS AND SUPPLIES,304,BOOKS AND OTHER PUBLICATIONS        0304,10,12,8000,978603587,978603587,978603587,128225282,17253,17618,17253,978603587,010 GENERAL OPERATING FD,12 STREETS
2018,1,3,03 MATERIALS AND SUPPLIES,304,BOOKS AND OTHER PUBLICATIONS        0304,10,12,365,978603952,978603952,978603952,128225647,17618,17618,17618,978603952,010 GENERAL OPERATING FD,12 STREETS
2018,1,3,03 MATERIALS AND SUPPLIES,305,BUILDING AND CONSTRUCTION           0305,10,12,396892,979000844,979000844,979000844,128622539,414510,650546,396892,979000844,010 GENERAL OPERATING FD,12 STREETS
2018,1,3,03 MATERIALS AND SUPPLIES,305,BUILDING AND CONSTRUCTION           0305,10,12,146523,979147367,979147367,979147367,128769062,561033,650546,543415,979147367,010 GENERAL OPERATING FD,12 STREETS
2018,1,3,03 MATERIALS AND SUPPLIES,305,BUILDING AND CONSTRUCTION           0305,10,12,98434,979245801,979245801,979245801,128867496,659467,650546,641849,979245801,010 GENERAL OPERATING FD,12 STREETS
2018,1,3,03 MATERIALS AND SUPPLIES,305,BUILDING AND CONSTRUCTION           0305,10,12,1007,979246808,979246808,979246808,128868503,660474,650546,642856,979246808,010 GENERAL OPERATING FD,12 STREETS
2018,1,3,03 MATERIALS AND SUPPLIES,305,BUILDING AND CONSTRUCTION           0305,10,12,1384,979248192,979248192,979248192,128869887,661858,650546,644240,979248192,010 GENERAL OPERATING FD,12 STREETS
2018,1,3,03 MATERIALS AND SUPPLIES,305,BUILDING AND CONSTRUCTION           0305,10,12,6306,979254498,979254498,979254498,128876193,668164,650546,650546,979254498,010 GENERAL OPERATING FD,12 STREETS
2018,1,3,03 MATERIALS AND SUPPLIES,307,CHEMICALS AND GASES                 0307,10,12,7853,979262351,979262351,979262351,128884046,676017,21511,7853,979262351,010 GENERAL OPERATING FD,12 STREETS
2018,1,3,03 MATERIALS AND SUPPLIES,307,CHEMICALS AND GASES                 0307,10,12,13658,979276009,979276009,979276009,128897704,689675,21511,21511,979276009,010 GENERAL OPERATING FD,12 STREETS
2018,1,3,03 MATERIALS AND SUPPLIES,308,DRY GOODS/NOTIONS/WEARING APPAREL   0308,10,12,43000,979319009,979319009,979319009,128940704,732675,192937,43000,979319009,010 GENERAL OPERATING FD,12 STREETS
2018,1,3,03 MATERIALS AND SUPPLIES,308,DRY GOODS/NOTIONS/WEARING APPAREL   0308,10,12,14301,979333310,979333310,979333310,128955005,746976,192937,57301,979333310,010 GENERAL OPERATING FD,12 STREETS
2018,1,3,03 MATERIALS AND SUPPLIES,308,DRY GOODS/NOTIONS/WEARING APPAREL   0308,10,12,20790,979354100,979354100,979354100,128975795,767766,192937,78091,979354100,010 GENERAL OPERATING FD,12 STREETS
2018,1,3,03 MATERIALS AND SUPPLIES,308,DRY GOODS/NOTIONS/WEARING APPAREL   0308,10,12,112000,979466100,979466100,979466100,129087795,879766,192937,190091,979466100,010 GENERAL OPERATING FD,12 STREETS
2018,1,3,03 MATERIALS AND SUPPLIES,308,DRY GOODS/NOTIONS/WEARING APPAREL   0308,10,12,1600,979467700,979467700,979467700,129089395,881366,192937,191691,979467700,010 GENERAL OPERATING FD,12 STREETS
2018,1,3,03 MATERIALS AND SUPPLIES,308,DRY GOODS/NOTIONS/WEARING APPAREL   0308,10,12,400,979468100,979468100,979468100,129089795,881766,192937,192091,979468100,010 GENERAL OPERATING FD,12 STREETS
2018,1,3,03 MATERIALS AND SUPPLIES,308,DRY GOODS/NOTIONS/WEARING APPAREL   0308,10,12,846,979468946,979468946,979468946,129090641,882612,192937,192937,979468946,010 GENERAL OPERATING FD,12 STREETS
2018,1,3,03 MATERIALS AND SUPPLIES,310,ELECTRICAL AND COMMUNICATION        0310,10,12,1000,979469946,979469946,979469946,129091641,883612,773316,1000,979469946,010 GENERAL OPERATING FD,12 STREETS
2018,1,3,03 MATERIALS AND SUPPLIES,310,ELECTRICAL AND COMMUNICATION        0310,10,12,429,979470375,979470375,979470375,129092070,884041,773316,1429,979470375,010 GENERAL OPERATING FD,12 STREETS
2018,1,3,03 MATERIALS AND SUPPLIES,310,ELECTRICAL AND COMMUNICATION        0310,10,12,434363,979904738,979904738,979904738,129526433,1318404,773316,435792,979904738,010 GENERAL OPERATING FD,12 STREETS
2018,1,3,03 MATERIALS AND SUPPLIES,310,ELECTRICAL AND COMMUNICATION        0310,10,12,237506,980142244,980142244,980142244,129763939,1555910,773316,673298,980142244,010 GENERAL OPERATING FD,12 STREETS
2018,1,3,03 MATERIALS AND SUPPLIES,310,ELECTRICAL AND COMMUNICATION        0310,10,12,18448,980160692,980160692,980160692,129782387,1574358,773316,691746,980160692,010 GENERAL OPERATING FD,12 STREETS
2018,1,3,03 MATERIALS AND SUPPLIES,310,ELECTRICAL AND COMMUNICATION        0310,10,12,81570,980242262,980242262,980242262,129863957,1655928,773316,773316,980242262,010 GENERAL OPERATING FD,12 STREETS
2018,1,3,03 MATERIALS AND SUPPLIES,311,GENERAL EQUIPMENT AND MACHINERY     0311,10,12,200,980242462,980242462,980242462,129864157,1656128,47200,200,980242462,010 GENERAL OPERATING FD,12 STREETS
2018,1,3,03 MATERIALS AND SUPPLIES,311,GENERAL EQUIPMENT AND MACHINERY     0311,10,12,44000,980286462,980286462,980286462,129908157,1700128,47200,44200,980286462,010 GENERAL OPERATING FD,12 STREETS
2018,1,3,03 MATERIALS AND SUPPLIES,311,GENERAL EQUIPMENT AND MACHINERY     0311,10,12,3000,980289462,980289462,980289462,129911157,1703128,47200,47200,980289462,010 GENERAL OPERATING FD,12 STREETS
2018,1,3,03 MATERIALS AND SUPPLIES,312,FIRE FIGHTING AND SAFETY            0312,10,12,15000,980304462,980304462,980304462,129926157,1718128,26180,15000,980304462,010 GENERAL OPERATING FD,12 STREETS
2018,1,3,03 MATERIALS AND SUPPLIES,312,FIRE FIGHTING AND SAFETY            0312,10,12,10368,980314830,980314830,980314830,129936525,1728496,26180,25368,980314830,010 GENERAL OPERATING FD,12 STREETS
2018,1,3,03 MATERIALS AND SUPPLIES,312,FIRE FIGHTING AND SAFETY            0312,10,12,812,980315642,980315642,980315642,129937337,1729308,26180,26180,980315642,010 GENERAL OPERATING FD,12 STREETS
2018,1,3,03 MATERIALS AND SUPPLIES,313,FOOD                                0313,10,12,1344,980316986,980316986,980316986,129938681,1730652,1544,1344,980316986,010 GENERAL OPERATING FD,12 STREETS
2018,1,3,03 MATERIALS AND SUPPLIES,313,FOOD                                0313,10,12,200,980317186,980317186,980317186,129938881,1730852,1544,1544,980317186,010 GENERAL OPERATING FD,12 STREETS
2018,1,3,03 MATERIALS AND SUPPLIES,314,FUEL -- HEATING AND LIGHTING        0314,10,12,10000,980327186,980327186,980327186,129948881,1740852,313625,10000,980327186,010 GENERAL OPERATING FD,12 STREETS
2018,1,3,03 MATERIALS AND SUPPLIES,314,FUEL -- HEATING AND LIGHTING        0314,10,12,303625,980630811,980630811,980630811,130252506,2044477,313625,313625,980630811,010 GENERAL OPERATING FD,12 STREETS
2018,1,3,03 MATERIALS AND SUPPLIES,316,GENERAL HARDWARE AND MINOR TOOLS    0316,10,12,500,980631311,980631311,980631311,130253006,2044977,325448,500,980631311,010 GENERAL OPERATING FD,12 STREETS
2018,1,3,03 MATERIALS AND SUPPLIES,316,GENERAL HARDWARE AND MINOR TOOLS    0316,10,12,4000,980635311,980635311,980635311,130257006,2048977,325448,4500,980635311,010 GENERAL OPERATING FD,12 STREETS
2018,1,3,03 MATERIALS AND SUPPLIES,316,GENERAL HARDWARE AND MINOR TOOLS    0316,10,12,8000,980643311,980643311,980643311,130265006,2056977,325448,12500,980643311,010 GENERAL OPERATING FD,12 STREETS
2018,1,3,03 MATERIALS AND SUPPLIES,316,GENERAL HARDWARE AND MINOR TOOLS    0316,10,12,25025,980668336,980668336,980668336,130290031,2082002,325448,37525,980668336,010 GENERAL OPERATING FD,12 STREETS
2018,1,3,03 MATERIALS AND SUPPLIES,316,GENERAL HARDWARE AND MINOR TOOLS    0316,10,12,220000,980888336,980888336,980888336,130510031,2302002,325448,257525,980888336,010 GENERAL OPERATING FD,12 STREETS
2018,1,3,03 MATERIALS AND SUPPLIES,316,GENERAL HARDWARE AND MINOR TOOLS    0316,10,12,35000,980923336,980923336,980923336,130545031,2337002,325448,292525,980923336,010 GENERAL OPERATING FD,12 STREETS
2018,1,3,03 MATERIALS AND SUPPLIES,316,GENERAL HARDWARE AND MINOR TOOLS    0316,10,12,32923,980956259,980956259,980956259,130577954,2369925,325448,325448,980956259,010 GENERAL OPERATING FD,12 STREETS
2018,1,3,03 MATERIALS AND SUPPLIES,317,HOSPITAL AND LABORATORY             0317,10,12,520,980956779,980956779,980956779,130578474,2370445,10520,520,980956779,010 GENERAL OPERATING FD,12 STREETS
2018,1,3,03 MATERIALS AND SUPPLIES,317,HOSPITAL AND LABORATORY             0317,10,12,10000,980966779,980966779,980966779,130588474,2380445,10520,10520,980966779,010 GENERAL OPERATING FD,12 STREETS
2018,1,3,03 MATERIALS AND SUPPLIES,318,"JANITORIAL, LAUNDRY AND HOUSEHOLD   0318",10,12,160615,981127394,981127394,981127394,130749089,2541060,180682,160615,981127394,010 GENERAL OPERATING FD,12 STREETS
2018,1,3,03 MATERIALS AND SUPPLIES,318,"JANITORIAL, LAUNDRY AND HOUSEHOLD   0318",10,12,6336,981133730,981133730,981133730,130755425,2547396,180682,166951,981133730,010 GENERAL OPERATING FD,12 STREETS
2018,1,3,03 MATERIALS AND SUPPLIES,318,"JANITORIAL, LAUNDRY AND HOUSEHOLD   0318",10,12,200,981133930,981133930,981133930,130755625,2547596,180682,167151,981133930,010 GENERAL OPERATING FD,12 STREETS
2018,1,3,03 MATERIALS AND SUPPLIES,318,"JANITORIAL, LAUNDRY AND HOUSEHOLD   0318",10,12,9682,981143612,981143612,981143612,130765307,2557278,180682,176833,981143612,010 GENERAL OPERATING FD,12 STREETS
2018,1,3,03 MATERIALS AND SUPPLIES,318,"JANITORIAL, LAUNDRY AND HOUSEHOLD   0318",10,12,1593,981145205,981145205,981145205,130766900,2558871,180682,178426,981145205,010 GENERAL OPERATING FD,12 STREETS
2018,1,3,03 MATERIALS AND SUPPLIES,318,"JANITORIAL, LAUNDRY AND HOUSEHOLD   0318",10,12,2066,981147271,981147271,981147271,130768966,2560937,180682,180492,981147271,010 GENERAL OPERATING FD,12 STREETS
2018,1,3,03 MATERIALS AND SUPPLIES,318,"JANITORIAL, LAUNDRY AND HOUSEHOLD   0318",10,12,190,981147461,981147461,981147461,130769156,2561127,180682,180682,981147461,010 GENERAL OPERATING FD,12 STREETS
2018,1,3,03 MATERIALS AND SUPPLIES,320,OFFICE MATERIALS AND SUPPLIES       0320,10,12,7669,981155130,981155130,981155130,130776825,2568796,102764,7669,981155130,010 GENERAL OPERATING FD,12 STREETS
2018,1,3,03 MATERIALS AND SUPPLIES,320,OFFICE MATERIALS AND SUPPLIES       0320,10,12,6274,981161404,981161404,981161404,130783099,2575070,102764,13943,981161404,010 GENERAL OPERATING FD,12 STREETS
2018,1,3,03 MATERIALS AND SUPPLIES,320,OFFICE MATERIALS AND SUPPLIES       0320,10,12,2782,981164186,981164186,981164186,130785881,2577852,102764,16725,981164186,010 GENERAL OPERATING FD,12 STREETS
2018,1,3,03 MATERIALS AND SUPPLIES,320,OFFICE MATERIALS AND SUPPLIES       0320,10,12,14693,981178879,981178879,981178879,130800574,2592545,102764,31418,981178879,010 GENERAL OPERATING FD,12 STREETS
2018,1,3,03 MATERIALS AND SUPPLIES,320,OFFICE MATERIALS AND SUPPLIES       0320,10,12,1300,981180179,981180179,981180179,130801874,2593845,102764,32718,981180179,010 GENERAL OPERATING FD,12 STREETS
2018,1,3,03 MATERIALS AND SUPPLIES,320,OFFICE MATERIALS AND SUPPLIES       0320,10,12,12046,981192225,981192225,981192225,130813920,2605891,102764,44764,981192225,010 GENERAL OPERATING FD,12 STREETS
2018,1,3,03 MATERIALS AND SUPPLIES,320,OFFICE MATERIALS AND SUPPLIES       0320,10,12,6300,981198525,981198525,981198525,130820220,2612191,102764,51064,981198525,010 GENERAL OPERATING FD,12 STREETS
2018,1,3,03 MATERIALS AND SUPPLIES,320,OFFICE MATERIALS AND SUPPLIES       0320,10,12,28700,981227225,981227225,981227225,130848920,2640891,102764,79764,981227225,010 GENERAL OPERATING FD,12 STREETS
2018,1,3,03 MATERIALS AND SUPPLIES,320,OFFICE MATERIALS AND SUPPLIES       0320,10,12,23000,981250225,981250225,981250225,130871920,2663891,102764,102764,981250225,010 GENERAL OPERATING FD,12 STREETS
2018,1,3,03 MATERIALS AND SUPPLIES,322,SMALL POWER TOOLS AND HAND TOOLS    0322,10,12,3994,981254219,981254219,981254219,130875914,2667885,52361,3994,981254219,010 GENERAL OPERATING FD,12 STREETS
2018,1,3,03 MATERIALS AND SUPPLIES,322,SMALL POWER TOOLS AND HAND TOOLS    0322,10,12,18367,981272586,981272586,981272586,130894281,2686252,52361,22361,981272586,010 GENERAL OPERATING FD,12 STREETS
2018,1,3,03 MATERIALS AND SUPPLIES,322,SMALL POWER TOOLS AND HAND TOOLS    0322,10,12,30000,981302586,981302586,981302586,130924281,2716252,52361,52361,981302586,010 GENERAL OPERATING FD,12 STREETS
2018,1,3,03 MATERIALS AND SUPPLIES,323,PLUMBING/AIR CONDITIONING/SPACE HTG 0323,10,12,1000,981303586,981303586,981303586,130925281,2717252,52000,1000,981303586,010 GENERAL OPERATING FD,12 STREETS
2018,1,3,03 MATERIALS AND SUPPLIES,323,PLUMBING/AIR CONDITIONING/SPACE HTG 0323,10,12,9000,981312586,981312586,981312586,130934281,2726252,52000,10000,981312586,010 GENERAL OPERATING FD,12 STREETS
2018,1,3,03 MATERIALS AND SUPPLIES,323,PLUMBING/AIR CONDITIONING/SPACE HTG 0323,10,12,42000,981354586,981354586,981354586,130976281,2768252,52000,52000,981354586,010 GENERAL OPERATING FD,12 STREETS
2018,1,3,03 MATERIALS AND SUPPLIES,324,"PRECISION, PHOTOGRAPHIC AND ARTISTS 0324",10,12,10928,981365514,981365514,981365514,130987209,2779180,58806,10928,981365514,010 GENERAL OPERATING FD,12 STREETS
2018,1,3,03 MATERIALS AND SUPPLIES,324,"PRECISION, PHOTOGRAPHIC AND ARTISTS 0324",10,12,25500,981391014,981391014,981391014,131012709,2804680,58806,36428,981391014,010 GENERAL OPERATING FD,12 STREETS
2018,1,3,03 MATERIALS AND SUPPLIES,324,"PRECISION, PHOTOGRAPHIC AND ARTISTS 0324",10,12,3235,981394249,981394249,981394249,131015944,2807915,58806,39663,981394249,010 GENERAL OPERATING FD,12 STREETS
2018,1,3,03 MATERIALS AND SUPPLIES,324,"PRECISION, PHOTOGRAPHIC AND ARTISTS 0324",10,12,500,981394749,981394749,981394749,131016444,2808415,58806,40163,981394749,010 GENERAL OPERATING FD,12 STREETS
2018,1,3,03 MATERIALS AND SUPPLIES,324,"PRECISION, PHOTOGRAPHIC AND ARTISTS 0324",10,12,3643,981398392,981398392,981398392,131020087,2812058,58806,43806,981398392,010 GENERAL OPERATING FD,12 STREETS
2018,1,3,03 MATERIALS AND SUPPLIES,324,"PRECISION, PHOTOGRAPHIC AND ARTISTS 0324",10,12,15000,981413392,981413392,981413392,131035087,2827058,58806,58806,981413392,010 GENERAL OPERATING FD,12 STREETS
2018,1,3,03 MATERIALS AND SUPPLIES,325,PRINTING                            0325,10,12,1360,981414752,981414752,981414752,131036447,2828418,47024,1360,981414752,010 GENERAL OPERATING FD,12 STREETS
2018,1,3,03 MATERIALS AND SUPPLIES,325,PRINTING                            0325,10,12,55,981414807,981414807,981414807,131036502,2828473,47024,1415,981414807,010 GENERAL OPERATING FD,12 STREETS
2018,1,3,03 MATERIALS AND SUPPLIES,325,PRINTING                            0325,10,12,775,981415582,981415582,981415582,131037277,2829248,47024,2190,981415582,010 GENERAL OPERATING FD,12 STREETS
2018,1,3,03 MATERIALS AND SUPPLIES,325,PRINTING                            0325,10,12,2250,981417832,981417832,981417832,131039527,2831498,47024,4440,981417832,010 GENERAL OPERATING FD,12 STREETS
2018,1,3,03 MATERIALS AND SUPPLIES,325,PRINTING                            0325,10,12,340,981418172,981418172,981418172,131039867,2831838,47024,4780,981418172,010 GENERAL OPERATING FD,12 STREETS
2018,1,3,03 MATERIALS AND SUPPLIES,325,PRINTING                            0325,10,12,33000,981451172,981451172,981451172,131072867,2864838,47024,37780,981451172,010 GENERAL OPERATING FD,12 STREETS
2018,1,3,03 MATERIALS AND SUPPLIES,325,PRINTING                            0325,10,12,1225,981452397,981452397,981452397,131074092,2866063,47024,39005,981452397,010 GENERAL OPERATING FD,12 STREETS
2018,1,3,03 MATERIALS AND SUPPLIES,325,PRINTING                            0325,10,12,8019,981460416,981460416,981460416,131082111,2874082,47024,47024,981460416,010 GENERAL OPERATING FD,12 STREETS
2018,1,3,03 MATERIALS AND SUPPLIES,328,MOTOR VEHICLE PARTS AND ACCESSORIES 0328,10,12,3730,981464146,981464146,981464146,131085841,2877812,3730,3730,981464146,010 GENERAL OPERATING FD,12 STREETS
2018,1,3,03 MATERIALS AND SUPPLIES,335,LUBRICANTS                          0335,10,12,36731,981500877,981500877,981500877,131122572,2914543,36731,36731,981500877,010 GENERAL OPERATING FD,12 STREETS
2018,1,3,03 MATERIALS AND SUPPLIES,342,LIQUID PROPANE GAS (LPG)            0342,10,12,1000,981501877,981501877,981501877,131123572,2915543,85424,1000,981501877,010 GENERAL OPERATING FD,12 STREETS
2018,1,3,03 MATERIALS AND SUPPLIES,342,LIQUID PROPANE GAS (LPG)            0342,10,12,1955,981503832,981503832,981503832,131125527,2917498,85424,2955,981503832,010 GENERAL OPERATING FD,12 STREETS
2018,1,3,03 MATERIALS AND SUPPLIES,342,LIQUID PROPANE GAS (LPG)            0342,10,12,82469,981586301,981586301,981586301,131207996,2999967,85424,85424,981586301,010 GENERAL OPERATING FD,12 STREETS
2018,1,3,03 MATERIALS AND SUPPLIES,399,OTHER MATERIALS AND SUPPLIES (NOC)  0399,10,12,1000,981587301,981587301,981587301,131208996,3000967,274771,1000,981587301,010 GENERAL OPERATING FD,12 STREETS
2018,1,3,03 MATERIALS AND SUPPLIES,399,OTHER MATERIALS AND SUPPLIES (NOC)  0399,10,12,42851,981630152,981630152,981630152,131251847,3043818,274771,43851,981630152,010 GENERAL OPERATING FD,12 STREETS
2018,1,3,03 MATERIALS AND SUPPLIES,399,OTHER MATERIALS AND SUPPLIES (NOC)  0399,10,12,125000,981755152,981755152,981755152,131376847,3168818,274771,168851,981755152,010 GENERAL OPERATING FD,12 STREETS
2018,1,3,03 MATERIALS AND SUPPLIES,399,OTHER MATERIALS AND SUPPLIES (NOC)  0399,10,12,272,981755424,981755424,981755424,131377119,3169090,274771,169123,981755424,010 GENERAL OPERATING FD,12 STREETS
2018,1,3,03 MATERIALS AND SUPPLIES,399,OTHER MATERIALS AND SUPPLIES (NOC)  0399,10,12,100000,981855424,981855424,981855424,131477119,3269090,274771,269123,981855424,010 GENERAL OPERATING FD,12 STREETS
2018,1,3,03 MATERIALS AND SUPPLIES,399,OTHER MATERIALS AND SUPPLIES (NOC)  0399,10,12,5648,981861072,981861072,981861072,131482767,3274738,274771,274771,981861072,010 GENERAL OPERATING FD,12 STREETS
2018,1,4,04 EQUIPMENT,405,"CONSTRUCTION, DREDGING, CONVEYING   0405",10,12,2455,981863527,981863527,981863527,131485222,2455,2455,2455,981863527,010 GENERAL OPERATING FD,12 STREETS
2018,1,4,04 EQUIPMENT,410,ELECTRICAL LIGHTING COMMUNICATION   0410,10,12,13200,981876727,981876727,981876727,131498422,15655,26448,13200,981876727,010 GENERAL OPERATING FD,12 STREETS
2018,1,4,04 EQUIPMENT,410,ELECTRICAL LIGHTING COMMUNICATION   0410,10,12,5660,981882387,981882387,981882387,131504082,21315,26448,18860,981882387,010 GENERAL OPERATING FD,12 STREETS
2018,1,4,04 EQUIPMENT,410,ELECTRICAL LIGHTING COMMUNICATION   0410,10,12,1018,981883405,981883405,981883405,131505100,22333,26448,19878,981883405,010 GENERAL OPERATING FD,12 STREETS
2018,1,4,04 EQUIPMENT,410,ELECTRICAL LIGHTING COMMUNICATION   0410,10,12,6570,981889975,981889975,981889975,131511670,28903,26448,26448,981889975,010 GENERAL OPERATING FD,12 STREETS
2018,1,4,04 EQUIPMENT,411,GENERAL EQUIPMENT AND MACHINERY     0411,10,12,16100,981906075,981906075,981906075,131527770,45003,61764,16100,981906075,010 GENERAL OPERATING FD,12 STREETS
2018,1,4,04 EQUIPMENT,411,GENERAL EQUIPMENT AND MACHINERY     0411,10,12,40664,981946739,981946739,981946739,131568434,85667,61764,56764,981946739,010 GENERAL OPERATING FD,12 STREETS
2018,1,4,04 EQUIPMENT,411,GENERAL EQUIPMENT AND MACHINERY     0411,10,12,5000,981951739,981951739,981951739,131573434,90667,61764,61764,981951739,010 GENERAL OPERATING FD,12 STREETS
2018,1,4,04 EQUIPMENT,420,OFFICE EQUIPMENT                    0420,10,12,530,981952269,981952269,981952269,131573964,91197,19393,530,981952269,010 GENERAL OPERATING FD,12 STREETS
2018,1,4,04 EQUIPMENT,420,OFFICE EQUIPMENT                    0420,10,12,7122,981959391,981959391,981959391,131581086,98319,19393,7652,981959391,010 GENERAL OPERATING FD,12 STREETS
2018,1,4,04 EQUIPMENT,420,OFFICE EQUIPMENT                    0420,10,12,2521,981961912,981961912,981961912,131583607,100840,19393,10173,981961912,010 GENERAL OPERATING FD,12 STREETS
2018,1,4,04 EQUIPMENT,420,OFFICE EQUIPMENT                    0420,10,12,9220,981971132,981971132,981971132,131592827,110060,19393,19393,981971132,010 GENERAL OPERATING FD,12 STREETS
2018,1,4,04 EQUIPMENT,423,PLUMBING/AIR CONDITIONING/SPACE HTG 0423,10,12,15527,981986659,981986659,981986659,131608354,125587,32161,15527,981986659,010 GENERAL OPERATING FD,12 STREETS
2018,1,4,04 EQUIPMENT,423,PLUMBING/AIR CONDITIONING/SPACE HTG 0423,10,12,4827,981991486,981991486,981991486,131613181,130414,32161,20354,981991486,010 GENERAL OPERATING FD,12 STREETS
2018,1,4,04 EQUIPMENT,423,PLUMBING/AIR CONDITIONING/SPACE HTG 0423,10,12,11807,982003293,982003293,982003293,131624988,142221,32161,32161,982003293,010 GENERAL OPERATING FD,12 STREETS
2018,1,4,04 EQUIPMENT,424,"PRECISION, PHOTOGRAPHIC AND ARTIST  0424",10,12,51158,982054451,982054451,982054451,131676146,193379,54255,51158,982054451,010 GENERAL OPERATING FD,12 STREETS
2018,1,4,04 EQUIPMENT,424,"PRECISION, PHOTOGRAPHIC AND ARTIST  0424",10,12,826,982055277,982055277,982055277,131676972,194205,54255,51984,982055277,010 GENERAL OPERATING FD,12 STREETS
2018,1,4,04 EQUIPMENT,424,"PRECISION, PHOTOGRAPHIC AND ARTIST  0424",10,12,2271,982057548,982057548,982057548,131679243,196476,54255,54255,982057548,010 GENERAL OPERATING FD,12 STREETS
2018,1,4,04 EQUIPMENT,427,COMPUTER EQUIPMENT & PERIPHERALS    0427,10,12,372,982057920,982057920,982057920,131679615,196848,1975411,372,982057920,010 GENERAL OPERATING FD,12 STREETS
2018,1,4,04 EQUIPMENT,427,COMPUTER EQUIPMENT & PERIPHERALS    0427,10,12,11172,982069092,982069092,982069092,131690787,208020,1975411,11544,982069092,010 GENERAL OPERATING FD,12 STREETS
2018,1,4,04 EQUIPMENT,427,COMPUTER EQUIPMENT & PERIPHERALS    0427,10,12,872453,982941545,982941545,982941545,132563240,1080473,1975411,883997,982941545,010 GENERAL OPERATING FD,12 STREETS
2018,1,4,04 EQUIPMENT,427,COMPUTER EQUIPMENT & PERIPHERALS    0427,10,12,1091414,984032959,984032959,984032959,133654654,2171887,1975411,1975411,984032959,010 GENERAL OPERATING FD,12 STREETS
2018,1,4,04 EQUIPMENT,428,VEHICLES -- MOTOR AND MOTORLESS     0428,10,12,3372395,987405354,987405354,987405354,137027049,5544282,3508395,3372395,987405354,010 GENERAL OPERATING FD,12 STREETS
2018,1,4,04 EQUIPMENT,428,VEHICLES -- MOTOR AND MOTORLESS     0428,10,12,136000,987541354,987541354,987541354,137163049,5680282,3508395,3508395,987541354,010 GENERAL OPERATING FD,12 STREETS
2018,1,4,04 EQUIPMENT,430,FURNITURE AND FURNISHINGS           0430,10,12,18151,987559505,987559505,987559505,137181200,5698433,50823,18151,987559505,010 GENERAL OPERATING FD,12 STREETS
2018,1,4,04 EQUIPMENT,430,FURNITURE AND FURNISHINGS           0430,10,12,10000,987569505,987569505,987569505,137191200,5708433,50823,28151,987569505,010 GENERAL OPERATING FD,12 STREETS
2018,1,4,04 EQUIPMENT,430,FURNITURE AND FURNISHINGS           0430,10,12,3150,987572655,987572655,987572655,137194350,5711583,50823,31301,987572655,010 GENERAL OPERATING FD,12 STREETS
2018,1,4,04 EQUIPMENT,430,FURNITURE AND FURNISHINGS           0430,10,12,164,987572819,987572819,987572819,137194514,5711747,50823,31465,987572819,010 GENERAL OPERATING FD,12 STREETS
2018,1,4,04 EQUIPMENT,430,FURNITURE AND FURNISHINGS           0430,10,12,8600,987581419,987581419,987581419,137203114,5720347,50823,40065,987581419,010 GENERAL OPERATING FD,12 STREETS
2018,1,4,04 EQUIPMENT,430,FURNITURE AND FURNISHINGS           0430,10,12,10758,987592177,987592177,987592177,137213872,5731105,50823,50823,987592177,010 GENERAL OPERATING FD,12 STREETS
2018,1,4,04 EQUIPMENT,499,OTHER EQUIPMENT (NOC)               0499,10,12,64000,987656177,987656177,987656177,137277872,5795105,65381,64000,987656177,010 GENERAL OPERATING FD,12 STREETS
2018,1,4,04 EQUIPMENT,499,OTHER EQUIPMENT (NOC)               0499,10,12,735,987656912,987656912,987656912,137278607,5795840,65381,64735,987656912,010 GENERAL OPERATING FD,12 STREETS
2018,1,4,04 EQUIPMENT,499,OTHER EQUIPMENT (NOC)               0499,10,12,299,987657211,987657211,987657211,137278906,5796139,65381,65034,987657211,010 GENERAL OPERATING FD,12 STREETS
2018,1,4,04 EQUIPMENT,499,OTHER EQUIPMENT (NOC)               0499,10,12,347,987657558,987657558,987657558,137279253,5796486,65381,65381,987657558,010 GENERAL OPERATING FD,12 STREETS
2018,1,5,"05 CONTRIBUTIONS,INDEMNITIES,REFDS,TAXES",504,MERITORIOUS AWARDS                  0504,10,12,5000,987662558,987662558,987662558,137284253,5000,5000,5000,987662558,010 GENERAL OPERATING FD,12 STREETS
2018,1,5,"05 CONTRIBUTIONS,INDEMNITIES,REFDS,TAXES",505,CONTRIBUTIONS-ED & NON-PROF REC ORG 0505,10,12,48171,987710729,987710729,987710729,137332424,53171,48171,48171,987710729,010 GENERAL OPERATING FD,12 STREETS
2018,1,1,01 PERSONAL SERVICES,100,SALARY CONTROL                      0100,10,13,19057,987729786,987729786,987729786,19057,19057,350634,19057,987729786,010 GENERAL OPERATING FD,13 FIRE
2018,1,1,01 PERSONAL SERVICES,100,SALARY CONTROL                      0100,10,13,250000,987979786,987979786,987979786,269057,269057,350634,269057,987979786,010 GENERAL OPERATING FD,13 FIRE
2018,1,1,01 PERSONAL SERVICES,100,SALARY CONTROL                      0100,10,13,18694,987998480,987998480,987998480,287751,287751,350634,287751,987998480,010 GENERAL OPERATING FD,13 FIRE
2018,1,1,01 PERSONAL SERVICES,100,SALARY CONTROL                      0100,10,13,62883,988061363,988061363,988061363,350634,350634,350634,350634,988061363,010 GENERAL OPERATING FD,13 FIRE
2018,1,1,01 PERSONAL SERVICES,101,PERM FULL TIME-CIVILIAN             0101,10,13,3298243,991359606,991359606,991359606,3648877,3648877,6251114,3298243,991359606,010 GENERAL OPERATING FD,13 FIRE
2018,1,1,01 PERSONAL SERVICES,101,PERM FULL TIME-CIVILIAN             0101,10,13,67416,991427022,991427022,991427022,3716293,3716293,6251114,3365659,991427022,010 GENERAL OPERATING FD,13 FIRE
2018,1,1,01 PERSONAL SERVICES,101,PERM FULL TIME-CIVILIAN             0101,10,13,2769251,994196273,994196273,994196273,6485544,6485544,6251114,6134910,994196273,010 GENERAL OPERATING FD,13 FIRE
2018,1,1,01 PERSONAL SERVICES,101,PERM FULL TIME-CIVILIAN             0101,10,13,116204,994312477,994312477,994312477,6601748,6601748,6251114,6251114,994312477,010 GENERAL OPERATING FD,13 FIRE
2018,1,1,01 PERSONAL SERVICES,105,PERM FULL TIME-UNIFORM              0105,10,13,1628411,995940888,995940888,995940888,8230159,8230159,166966675,1628411,995940888,010 GENERAL OPERATING FD,13 FIRE
2018,1,1,01 PERSONAL SERVICES,105,PERM FULL TIME-UNIFORM              0105,10,13,2308869,998249757,998249757,998249757,10539028,10539028,166966675,3937280,998249757,010 GENERAL OPERATING FD,13 FIRE
2018,1,1,01 PERSONAL SERVICES,105,PERM FULL TIME-UNIFORM              0105,10,13,1722957,999972714,999972714,999972714,12261985,12261985,166966675,5660237,999972714,010 GENERAL OPERATING FD,13 FIRE
2018,1,1,01 PERSONAL SERVICES,105,PERM FULL TIME-UNIFORM              0105,10,13,130952750,1130925464,1130925464,1130925464,143214735,143214735,166966675,136612987,1130925464,010 GENERAL OPERATING FD,13 FIRE
2018,1,1,01 PERSONAL SERVICES,105,PERM FULL TIME-UNIFORM              0105,10,13,30353688,1161279152,1161279152,1161279152,173568423,173568423,166966675,166966675,1161279152,010 GENERAL OPERATING FD,13 FIRE
2018,1,1,01 PERSONAL SERVICES,106,FIRE OUT OF CLASS-UNIFORM           0106,10,13,42427,1161321579,1161321579,1161321579,173610850,173610850,3122165,42427,1161321579,010 GENERAL OPERATING FD,13 FIRE
2018,1,1,01 PERSONAL SERVICES,106,FIRE OUT OF CLASS-UNIFORM           0106,10,13,1123101,1162444680,1162444680,1162444680,174733951,174733951,3122165,1165528,1162444680,010 GENERAL OPERATING FD,13 FIRE
2018,1,1,01 PERSONAL SERVICES,106,FIRE OUT OF CLASS-UNIFORM           0106,10,13,1870353,1164315033,1164315033,1164315033,176604304,176604304,3122165,3035881,1164315033,010 GENERAL OPERATING FD,13 FIRE
2018,1,1,01 PERSONAL SERVICES,106,FIRE OUT OF CLASS-UNIFORM           0106,10,13,32510,1164347543,1164347543,1164347543,176636814,176636814,3122165,3068391,1164347543,010 GENERAL OPERATING FD,13 FIRE
2018,1,1,01 PERSONAL SERVICES,106,FIRE OUT OF CLASS-UNIFORM           0106,10,13,53774,1164401317,1164401317,1164401317,176690588,176690588,3122165,3122165,1164401317,010 GENERAL OPERATING FD,13 FIRE
2018,1,1,01 PERSONAL SERVICES,107,FIRE OUT OF CLASS PREM(2HR DIF)     0107,10,13,12530715,1176932032,1176932032,1176932032,189221303,189221303,15721226,12530715,1176932032,010 GENERAL OPERATING FD,13 FIRE
2018,1,1,01 PERSONAL SERVICES,107,FIRE OUT OF CLASS PREM(2HR DIF)     0107,10,13,123188,1177055220,1177055220,1177055220,189344491,189344491,15721226,12653903,1177055220,010 GENERAL OPERATING FD,13 FIRE
2018,1,1,01 PERSONAL SERVICES,107,FIRE OUT OF CLASS PREM(2HR DIF)     0107,10,13,148497,1177203717,1177203717,1177203717,189492988,189492988,15721226,12802400,1177203717,010 GENERAL OPERATING FD,13 FIRE
2018,1,1,01 PERSONAL SERVICES,107,FIRE OUT OF CLASS PREM(2HR DIF)     0107,10,13,238299,1177442016,1177442016,1177442016,189731287,189731287,15721226,13040699,1177442016,010 GENERAL OPERATING FD,13 FIRE
2018,1,1,01 PERSONAL SERVICES,107,FIRE OUT OF CLASS PREM(2HR DIF)     0107,10,13,2680527,1180122543,1180122543,1180122543,192411814,192411814,15721226,15721226,1180122543,010 GENERAL OPERATING FD,13 FIRE
2018,1,1,01 PERSONAL SERVICES,108,VACATION BUY BACK                   0108,10,13,30593,1180153136,1180153136,1180153136,192442407,192442407,329514,30593,1180153136,010 GENERAL OPERATING FD,13 FIRE
2018,1,1,01 PERSONAL SERVICES,108,VACATION BUY BACK                   0108,10,13,245134,1180398270,1180398270,1180398270,192687541,192687541,329514,275727,1180398270,010 GENERAL OPERATING FD,13 FIRE
2018,1,1,01 PERSONAL SERVICES,108,VACATION BUY BACK                   0108,10,13,24244,1180422514,1180422514,1180422514,192711785,192711785,329514,299971,1180422514,010 GENERAL OPERATING FD,13 FIRE
2018,1,1,01 PERSONAL SERVICES,108,VACATION BUY BACK                   0108,10,13,26015,1180448529,1180448529,1180448529,192737800,192737800,329514,325986,1180448529,010 GENERAL OPERATING FD,13 FIRE
2018,1,1,01 PERSONAL SERVICES,108,VACATION BUY BACK                   0108,10,13,3528,1180452057,1180452057,1180452057,192741328,192741328,329514,329514,1180452057,010 GENERAL OPERATING FD,13 FIRE
2018,1,1,01 PERSONAL SERVICES,109,PLUS/MINUS GROSS ADJ                0109,10,13,556020,1181008077,1181008077,1181008077,193297348,193297348,667458,556020,1181008077,010 GENERAL OPERATING FD,13 FIRE
2018,1,1,01 PERSONAL SERVICES,109,PLUS/MINUS GROSS ADJ                0109,10,13,23771,1181031848,1181031848,1181031848,193321119,193321119,667458,579791,1181031848,010 GENERAL OPERATING FD,13 FIRE
2018,1,1,01 PERSONAL SERVICES,109,PLUS/MINUS GROSS ADJ                0109,10,13,83525,1181115373,1181115373,1181115373,193404644,193404644,667458,663316,1181115373,010 GENERAL OPERATING FD,13 FIRE
2018,1,1,01 PERSONAL SERVICES,109,PLUS/MINUS GROSS ADJ                0109,10,13,4142,1181119515,1181119515,1181119515,193408786,193408786,667458,667458,1181119515,010 GENERAL OPERATING FD,13 FIRE
2018,1,1,01 PERSONAL SERVICES,110,UNIFORM STRESS PAY                  0110,10,13,21176,1181140691,1181140691,1181140691,193429962,193429962,53135,21176,1181140691,010 GENERAL OPERATING FD,13 FIRE
2018,1,1,01 PERSONAL SERVICES,110,UNIFORM STRESS PAY                  0110,10,13,19332,1181160023,1181160023,1181160023,193449294,193449294,53135,40508,1181160023,010 GENERAL OPERATING FD,13 FIRE
2018,1,1,01 PERSONAL SERVICES,110,UNIFORM STRESS PAY                  0110,10,13,12627,1181172650,1181172650,1181172650,193461921,193461921,53135,53135,1181172650,010 GENERAL OPERATING FD,13 FIRE
2018,1,1,01 PERSONAL SERVICES,121,TEMPORARY/SEASONAL                  0121,10,13,41305,1181213955,1181213955,1181213955,193503226,193503226,41305,41305,1181213955,010 GENERAL OPERATING FD,13 FIRE
2018,1,1,01 PERSONAL SERVICES,152,UNIFORM IOD PAY (HEART & LUNG)      0152,10,13,133056,1181347011,1181347011,1181347011,193636282,193636282,1883578,133056,1181347011,010 GENERAL OPERATING FD,13 FIRE
2018,1,1,01 PERSONAL SERVICES,152,UNIFORM IOD PAY (HEART & LUNG)      0152,10,13,1750522,1183097533,1183097533,1183097533,195386804,195386804,1883578,1883578,1183097533,010 GENERAL OPERATING FD,13 FIRE
2018,1,1,01 PERSONAL SERVICES,161,OVERTIME-CIVILIAN                   0161,10,13,8274,1183105807,1183105807,1183105807,195395078,195395078,467866,8274,1183105807,010 GENERAL OPERATING FD,13 FIRE
2018,1,1,01 PERSONAL SERVICES,161,OVERTIME-CIVILIAN                   0161,10,13,61856,1183167663,1183167663,1183167663,195456934,195456934,467866,70130,1183167663,010 GENERAL OPERATING FD,13 FIRE
2018,1,1,01 PERSONAL SERVICES,161,OVERTIME-CIVILIAN                   0161,10,13,1069,1183168732,1183168732,1183168732,195458003,195458003,467866,71199,1183168732,010 GENERAL OPERATING FD,13 FIRE
2018,1,1,01 PERSONAL SERVICES,161,OVERTIME-CIVILIAN                   0161,10,13,396667,1183565399,1183565399,1183565399,195854670,195854670,467866,467866,1183565399,010 GENERAL OPERATING FD,13 FIRE
2018,1,1,01 PERSONAL SERVICES,165,OVERTIME/SHIFT-UNIFORM              0165,10,13,5113393,1188678792,1188678792,1188678792,200968063,200968063,19763351,5113393,1188678792,010 GENERAL OPERATING FD,13 FIRE
2018,1,1,01 PERSONAL SERVICES,165,OVERTIME/SHIFT-UNIFORM              0165,10,13,13926915,1202605707,1202605707,1202605707,214894978,214894978,19763351,19040308,1202605707,010 GENERAL OPERATING FD,13 FIRE
2018,1,1,01 PERSONAL SERVICES,165,OVERTIME/SHIFT-UNIFORM              0165,10,13,389240,1202994947,1202994947,1202994947,215284218,215284218,19763351,19429548,1202994947,010 GENERAL OPERATING FD,13 FIRE
2018,1,1,01 PERSONAL SERVICES,165,OVERTIME/SHIFT-UNIFORM              0165,10,13,151970,1203146917,1203146917,1203146917,215436188,215436188,19763351,19581518,1203146917,010 GENERAL OPERATING FD,13 FIRE
2018,1,1,01 PERSONAL SERVICES,165,OVERTIME/SHIFT-UNIFORM              0165,10,13,181833,1203328750,1203328750,1203328750,215618021,215618021,19763351,19763351,1203328750,010 GENERAL OPERATING FD,13 FIRE
2018,1,1,01 PERSONAL SERVICES,166,OVERTIME/SHIFT-FIRE OUT OF CLASS    0166,10,13,153635,1203482385,1203482385,1203482385,215771656,215771656,187120,153635,1203482385,010 GENERAL OPERATING FD,13 FIRE
2018,1,1,01 PERSONAL SERVICES,166,OVERTIME/SHIFT-FIRE OUT OF CLASS    0166,10,13,33269,1203515654,1203515654,1203515654,215804925,215804925,187120,186904,1203515654,010 GENERAL OPERATING FD,13 FIRE
2018,1,1,01 PERSONAL SERVICES,166,OVERTIME/SHIFT-FIRE OUT OF CLASS    0166,10,13,216,1203515870,1203515870,1203515870,215805141,215805141,187120,187120,1203515870,010 GENERAL OPERATING FD,13 FIRE
2018,1,1,01 PERSONAL SERVICES,171,"HOLIDAY ""G""(2/3 SHIFTS)             0171",10,13,52362,1203568232,1203568232,1203568232,215857503,215857503,53480,52362,1203568232,010 GENERAL OPERATING FD,13 FIRE
2018,1,1,01 PERSONAL SERVICES,171,"HOLIDAY ""G""(2/3 SHIFTS)             0171",10,13,1118,1203569350,1203569350,1203569350,215858621,215858621,53480,53480,1203569350,010 GENERAL OPERATING FD,13 FIRE
2018,1,1,01 PERSONAL SERVICES,175,HOLIDAY PAY-ANNUAL                  0175,10,13,105679,1203675029,1203675029,1203675029,215964300,215964300,8662919,105679,1203675029,010 GENERAL OPERATING FD,13 FIRE
2018,1,1,01 PERSONAL SERVICES,175,HOLIDAY PAY-ANNUAL                  0175,10,13,91303,1203766332,1203766332,1203766332,216055603,216055603,8662919,196982,1203766332,010 GENERAL OPERATING FD,13 FIRE
2018,1,1,01 PERSONAL SERVICES,175,HOLIDAY PAY-ANNUAL                  0175,10,13,1174917,1204941249,1204941249,1204941249,217230520,217230520,8662919,1371899,1204941249,010 GENERAL OPERATING FD,13 FIRE
2018,1,1,01 PERSONAL SERVICES,175,HOLIDAY PAY-ANNUAL                  0175,10,13,7138264,1212079513,1212079513,1212079513,224368784,224368784,8662919,8510163,1212079513,010 GENERAL OPERATING FD,13 FIRE
2018,1,1,01 PERSONAL SERVICES,175,HOLIDAY PAY-ANNUAL                  0175,10,13,152756,1212232269,1212232269,1212232269,224521540,224521540,8662919,8662919,1212232269,010 GENERAL OPERATING FD,13 FIRE
2018,1,1,01 PERSONAL SERVICES,181,SHIFT                               0181,10,13,60890,1212293159,1212293159,1212293159,224582430,224582430,721292,60890,1212293159,010 GENERAL OPERATING FD,13 FIRE
2018,1,1,01 PERSONAL SERVICES,181,SHIFT                               0181,10,13,660402,1212953561,1212953561,1212953561,225242832,225242832,721292,721292,1212953561,010 GENERAL OPERATING FD,13 FIRE
2018,1,2,02 PURCHASE OF SERVICES,201,CLEANING AND LAUNDERING             0201,10,13,1200,1212954761,1212954761,1212954761,225244032,1200,1200,1200,1212954761,010 GENERAL OPERATING FD,13 FIRE
2018,1,2,02 PURCHASE OF SERVICES,202,JANITORIAL SERVICES                 0202,10,13,7991,1212962752,1212962752,1212962752,225252023,9191,7991,7991,1212962752,010 GENERAL OPERATING FD,13 FIRE
2018,1,2,02 PURCHASE OF SERVICES,209,TELEPHONE                           0209,10,13,477,1212963229,1212963229,1212963229,225252500,9668,477,477,1212963229,010 GENERAL OPERATING FD,13 FIRE
2018,1,2,02 PURCHASE OF SERVICES,210,POSTAGE                             0210,10,13,2416,1212965645,1212965645,1212965645,225254916,12084,2416,2416,1212965645,010 GENERAL OPERATING FD,13 FIRE
2018,1,2,02 PURCHASE OF SERVICES,211,TRANSPORTATION                      0211,10,13,20059,1212985704,1212985704,1212985704,225274975,32143,37934,20059,1212985704,010 GENERAL OPERATING FD,13 FIRE
2018,1,2,02 PURCHASE OF SERVICES,211,TRANSPORTATION                      0211,10,13,3327,1212989031,1212989031,1212989031,225278302,35470,37934,23386,1212989031,010 GENERAL OPERATING FD,13 FIRE
2018,1,2,02 PURCHASE OF SERVICES,211,TRANSPORTATION                      0211,10,13,5000,1212994031,1212994031,1212994031,225283302,40470,37934,28386,1212994031,010 GENERAL OPERATING FD,13 FIRE
2018,1,2,02 PURCHASE OF SERVICES,211,TRANSPORTATION                      0211,10,13,7701,1213001732,1213001732,1213001732,225291003,48171,37934,36087,1213001732,010 GENERAL OPERATING FD,13 FIRE
2018,1,2,02 PURCHASE OF SERVICES,211,TRANSPORTATION                      0211,10,13,1847,1213003579,1213003579,1213003579,225292850,50018,37934,37934,1213003579,010 GENERAL OPERATING FD,13 FIRE
2018,1,2,02 PURCHASE OF SERVICES,216,COMMERCIAL OFF-SHELF COMP SOFTWARE  0216,10,13,72,1213003651,1213003651,1213003651,225292922,50090,72,72,1213003651,010 GENERAL OPERATING FD,13 FIRE
2018,1,2,02 PURCHASE OF SERVICES,250,PROFESSIONAL CONSULT/SPEC SERVICES  0250,10,13,690000,1213693651,1213693651,1213693651,225982922,740090,4588798,690000,1213693651,010 GENERAL OPERATING FD,13 FIRE
2018,1,2,02 PURCHASE OF SERVICES,250,PROFESSIONAL CONSULT/SPEC SERVICES  0250,10,13,3877598,1217571249,1217571249,1217571249,229860520,4617688,4588798,4567598,1217571249,010 GENERAL OPERATING FD,13 FIRE
2018,1,2,02 PURCHASE OF SERVICES,250,PROFESSIONAL CONSULT/SPEC SERVICES  0250,10,13,21200,1217592449,1217592449,1217592449,229881720,4638888,4588798,4588798,1217592449,010 GENERAL OPERATING FD,13 FIRE
2018,1,2,02 PURCHASE OF SERVICES,255,DUES                                0255,10,13,16210,1217608659,1217608659,1217608659,229897930,4655098,29580,16210,1217608659,010 GENERAL OPERATING FD,13 FIRE
2018,1,2,02 PURCHASE OF SERVICES,255,DUES                                0255,10,13,9870,1217618529,1217618529,1217618529,229907800,4664968,29580,26080,1217618529,010 GENERAL OPERATING FD,13 FIRE
2018,1,2,02 PURCHASE OF SERVICES,255,DUES                                0255,10,13,3500,1217622029,1217622029,1217622029,229911300,4668468,29580,29580,1217622029,010 GENERAL OPERATING FD,13 FIRE
2018,1,2,02 PURCHASE OF SERVICES,256,SEMINAR AND TRAINING SESSIONS       0256,10,13,12000,1217634029,1217634029,1217634029,229923300,4680468,208913,12000,1217634029,010 GENERAL OPERATING FD,13 FIRE
2018,1,2,02 PURCHASE OF SERVICES,256,SEMINAR AND TRAINING SESSIONS       0256,10,13,150000,1217784029,1217784029,1217784029,230073300,4830468,208913,162000,1217784029,010 GENERAL OPERATING FD,13 FIRE
2018,1,2,02 PURCHASE OF SERVICES,256,SEMINAR AND TRAINING SESSIONS       0256,10,13,7913,1217791942,1217791942,1217791942,230081213,4838381,208913,169913,1217791942,010 GENERAL OPERATING FD,13 FIRE
2018,1,2,02 PURCHASE OF SERVICES,256,SEMINAR AND TRAINING SESSIONS       0256,10,13,12000,1217803942,1217803942,1217803942,230093213,4850381,208913,181913,1217803942,010 GENERAL OPERATING FD,13 FIRE
2018,1,2,02 PURCHASE OF SERVICES,256,SEMINAR AND TRAINING SESSIONS       0256,10,13,27000,1217830942,1217830942,1217830942,230120213,4877381,208913,208913,1217830942,010 GENERAL OPERATING FD,13 FIRE
2018,1,2,02 PURCHASE OF SERVICES,260,REPAIR AND MAINTENANCE CHARGES      0260,10,13,27599,1217858541,1217858541,1217858541,230147812,4904980,908086,27599,1217858541,010 GENERAL OPERATING FD,13 FIRE
2018,1,2,02 PURCHASE OF SERVICES,260,REPAIR AND MAINTENANCE CHARGES      0260,10,13,490324,1218348865,1218348865,1218348865,230638136,5395304,908086,517923,1218348865,010 GENERAL OPERATING FD,13 FIRE
2018,1,2,02 PURCHASE OF SERVICES,260,REPAIR AND MAINTENANCE CHARGES      0260,10,13,390163,1218739028,1218739028,1218739028,231028299,5785467,908086,908086,1218739028,010 GENERAL OPERATING FD,13 FIRE
2018,1,2,02 PURCHASE OF SERVICES,285,RENTS                               0285,10,13,4200,1218743228,1218743228,1218743228,231032499,5789667,4200,4200,1218743228,010 GENERAL OPERATING FD,13 FIRE
2018,1,3,03 MATERIALS AND SUPPLIES,301,AGRICULTURAL AND BOTANICAL          0301,10,13,7500,1218750728,1218750728,1218750728,231039999,7500,7500,7500,1218750728,010 GENERAL OPERATING FD,13 FIRE
2018,1,3,03 MATERIALS AND SUPPLIES,304,BOOKS AND OTHER PUBLICATIONS        0304,10,13,6500,1218757228,1218757228,1218757228,231046499,14000,88742,6500,1218757228,010 GENERAL OPERATING FD,13 FIRE
2018,1,3,03 MATERIALS AND SUPPLIES,304,BOOKS AND OTHER PUBLICATIONS        0304,10,13,22242,1218779470,1218779470,1218779470,231068741,36242,88742,28742,1218779470,010 GENERAL OPERATING FD,13 FIRE
2018,1,3,03 MATERIALS AND SUPPLIES,304,BOOKS AND OTHER PUBLICATIONS        0304,10,13,55000,1218834470,1218834470,1218834470,231123741,91242,88742,83742,1218834470,010 GENERAL OPERATING FD,13 FIRE
2018,1,3,03 MATERIALS AND SUPPLIES,304,BOOKS AND OTHER PUBLICATIONS        0304,10,13,2000,1218836470,1218836470,1218836470,231125741,93242,88742,85742,1218836470,010 GENERAL OPERATING FD,13 FIRE
2018,1,3,03 MATERIALS AND SUPPLIES,304,BOOKS AND OTHER PUBLICATIONS        0304,10,13,3000,1218839470,1218839470,1218839470,231128741,96242,88742,88742,1218839470,010 GENERAL OPERATING FD,13 FIRE
2018,1,3,03 MATERIALS AND SUPPLIES,305,BUILDING AND CONSTRUCTION           0305,10,13,5804,1218845274,1218845274,1218845274,231134545,102046,5804,5804,1218845274,010 GENERAL OPERATING FD,13 FIRE
2018,1,3,03 MATERIALS AND SUPPLIES,307,CHEMICALS AND GASES                 0307,10,13,55000,1218900274,1218900274,1218900274,231189545,157046,180000,55000,1218900274,010 GENERAL OPERATING FD,13 FIRE
2018,1,3,03 MATERIALS AND SUPPLIES,307,CHEMICALS AND GASES                 0307,10,13,125000,1219025274,1219025274,1219025274,231314545,282046,180000,180000,1219025274,010 GENERAL OPERATING FD,13 FIRE
2018,1,3,03 MATERIALS AND SUPPLIES,308,DRY GOODS/NOTIONS/WEARING APPAREL   0308,10,13,25000,1219050274,1219050274,1219050274,231339545,307046,3147800,25000,1219050274,010 GENERAL OPERATING FD,13 FIRE
2018,1,3,03 MATERIALS AND SUPPLIES,308,DRY GOODS/NOTIONS/WEARING APPAREL   0308,10,13,596200,1219646474,1219646474,1219646474,231935745,903246,3147800,621200,1219646474,010 GENERAL OPERATING FD,13 FIRE
2018,1,3,03 MATERIALS AND SUPPLIES,308,DRY GOODS/NOTIONS/WEARING APPAREL   0308,10,13,2465000,1222111474,1222111474,1222111474,234400745,3368246,3147800,3086200,1222111474,010 GENERAL OPERATING FD,13 FIRE
2018,1,3,03 MATERIALS AND SUPPLIES,308,DRY GOODS/NOTIONS/WEARING APPAREL   0308,10,13,23100,1222134574,1222134574,1222134574,234423845,3391346,3147800,3109300,1222134574,010 GENERAL OPERATING FD,13 FIRE
2018,1,3,03 MATERIALS AND SUPPLIES,308,DRY GOODS/NOTIONS/WEARING APPAREL   0308,10,13,38500,1222173074,1222173074,1222173074,234462345,3429846,3147800,3147800,1222173074,010 GENERAL OPERATING FD,13 FIRE
2018,1,3,03 MATERIALS AND SUPPLIES,310,ELECTRICAL AND COMMUNICATION        0310,10,13,20000,1222193074,1222193074,1222193074,234482345,3449846,67500,20000,1222193074,010 GENERAL OPERATING FD,13 FIRE
2018,1,3,03 MATERIALS AND SUPPLIES,310,ELECTRICAL AND COMMUNICATION        0310,10,13,23000,1222216074,1222216074,1222216074,234505345,3472846,67500,43000,1222216074,010 GENERAL OPERATING FD,13 FIRE
2018,1,3,03 MATERIALS AND SUPPLIES,310,ELECTRICAL AND COMMUNICATION        0310,10,13,4500,1222220574,1222220574,1222220574,234509845,3477346,67500,47500,1222220574,010 GENERAL OPERATING FD,13 FIRE
2018,1,3,03 MATERIALS AND SUPPLIES,310,ELECTRICAL AND COMMUNICATION        0310,10,13,20000,1222240574,1222240574,1222240574,234529845,3497346,67500,67500,1222240574,010 GENERAL OPERATING FD,13 FIRE
2018,1,3,03 MATERIALS AND SUPPLIES,312,FIRE FIGHTING AND SAFETY            0312,10,13,1000,1222241574,1222241574,1222241574,234530845,3498346,1031625,1000,1222241574,010 GENERAL OPERATING FD,13 FIRE
2018,1,3,03 MATERIALS AND SUPPLIES,312,FIRE FIGHTING AND SAFETY            0312,10,13,428826,1222670400,1222670400,1222670400,234959671,3927172,1031625,429826,1222670400,010 GENERAL OPERATING FD,13 FIRE
2018,1,3,03 MATERIALS AND SUPPLIES,312,FIRE FIGHTING AND SAFETY            0312,10,13,10000,1222680400,1222680400,1222680400,234969671,3937172,1031625,439826,1222680400,010 GENERAL OPERATING FD,13 FIRE
2018,1,3,03 MATERIALS AND SUPPLIES,312,FIRE FIGHTING AND SAFETY            0312,10,13,591799,1223272199,1223272199,1223272199,235561470,4528971,1031625,1031625,1223272199,010 GENERAL OPERATING FD,13 FIRE
2018,1,3,03 MATERIALS AND SUPPLIES,313,FOOD                                0313,10,13,559,1223272758,1223272758,1223272758,235562029,4529530,559,559,1223272758,010 GENERAL OPERATING FD,13 FIRE
2018,1,3,03 MATERIALS AND SUPPLIES,314,FUEL -- HEATING AND LIGHTING        0314,10,13,100000,1223372758,1223372758,1223372758,235662029,4629530,100000,100000,1223372758,010 GENERAL OPERATING FD,13 FIRE
2018,1,3,03 MATERIALS AND SUPPLIES,316,GENERAL HARDWARE AND MINOR TOOLS    0316,10,13,3000,1223375758,1223375758,1223375758,235665029,4632530,36216,3000,1223375758,010 GENERAL OPERATING FD,13 FIRE
2018,1,3,03 MATERIALS AND SUPPLIES,316,GENERAL HARDWARE AND MINOR TOOLS    0316,10,13,33216,1223408974,1223408974,1223408974,235698245,4665746,36216,36216,1223408974,010 GENERAL OPERATING FD,13 FIRE
2018,1,3,03 MATERIALS AND SUPPLIES,317,HOSPITAL AND LABORATORY             0317,10,13,7000,1223415974,1223415974,1223415974,235705245,4672746,2112800,7000,1223415974,010 GENERAL OPERATING FD,13 FIRE
2018,1,3,03 MATERIALS AND SUPPLIES,317,HOSPITAL AND LABORATORY             0317,10,13,2100000,1225515974,1225515974,1225515974,237805245,6772746,2112800,2107000,1225515974,010 GENERAL OPERATING FD,13 FIRE
2018,1,3,03 MATERIALS AND SUPPLIES,317,HOSPITAL AND LABORATORY             0317,10,13,4500,1225520474,1225520474,1225520474,237809745,6777246,2112800,2111500,1225520474,010 GENERAL OPERATING FD,13 FIRE
2018,1,3,03 MATERIALS AND SUPPLIES,317,HOSPITAL AND LABORATORY             0317,10,13,1300,1225521774,1225521774,1225521774,237811045,6778546,2112800,2112800,1225521774,010 GENERAL OPERATING FD,13 FIRE
2018,1,3,03 MATERIALS AND SUPPLIES,318,"JANITORIAL, LAUNDRY AND HOUSEHOLD   0318",10,13,30000,1225551774,1225551774,1225551774,237841045,6808546,154367,30000,1225551774,010 GENERAL OPERATING FD,13 FIRE
2018,1,3,03 MATERIALS AND SUPPLIES,318,"JANITORIAL, LAUNDRY AND HOUSEHOLD   0318",10,13,124367,1225676141,1225676141,1225676141,237965412,6932913,154367,154367,1225676141,010 GENERAL OPERATING FD,13 FIRE
2018,1,3,03 MATERIALS AND SUPPLIES,320,OFFICE MATERIALS AND SUPPLIES       0320,10,13,300,1225676441,1225676441,1225676441,237965712,6933213,176800,300,1225676441,010 GENERAL OPERATING FD,13 FIRE
2018,1,3,03 MATERIALS AND SUPPLIES,320,OFFICE MATERIALS AND SUPPLIES       0320,10,13,20000,1225696441,1225696441,1225696441,237985712,6953213,176800,20300,1225696441,010 GENERAL OPERATING FD,13 FIRE
2018,1,3,03 MATERIALS AND SUPPLIES,320,OFFICE MATERIALS AND SUPPLIES       0320,10,13,5000,1225701441,1225701441,1225701441,237990712,6958213,176800,25300,1225701441,010 GENERAL OPERATING FD,13 FIRE
2018,1,3,03 MATERIALS AND SUPPLIES,320,OFFICE MATERIALS AND SUPPLIES       0320,10,13,150000,1225851441,1225851441,1225851441,238140712,7108213,176800,175300,1225851441,010 GENERAL OPERATING FD,13 FIRE
2018,1,3,03 MATERIALS AND SUPPLIES,320,OFFICE MATERIALS AND SUPPLIES       0320,10,13,1500,1225852941,1225852941,1225852941,238142212,7109713,176800,176800,1225852941,010 GENERAL OPERATING FD,13 FIRE
2018,1,3,03 MATERIALS AND SUPPLIES,322,SMALL POWER TOOLS AND HAND TOOLS    0322,10,13,30000,1225882941,1225882941,1225882941,238172212,7139713,30000,30000,1225882941,010 GENERAL OPERATING FD,13 FIRE
2018,1,3,03 MATERIALS AND SUPPLIES,323,PLUMBING/AIR CONDITIONING/SPACE HTG 0323,10,13,5000,1225887941,1225887941,1225887941,238177212,7144713,5000,5000,1225887941,010 GENERAL OPERATING FD,13 FIRE
2018,1,3,03 MATERIALS AND SUPPLIES,324,"PRECISION, PHOTOGRAPHIC AND ARTISTS 0324",10,13,85000,1225972941,1225972941,1225972941,238262212,7229713,92000,85000,1225972941,010 GENERAL OPERATING FD,13 FIRE
2018,1,3,03 MATERIALS AND SUPPLIES,324,"PRECISION, PHOTOGRAPHIC AND ARTISTS 0324",10,13,1000,1225973941,1225973941,1225973941,238263212,7230713,92000,86000,1225973941,010 GENERAL OPERATING FD,13 FIRE
2018,1,3,03 MATERIALS AND SUPPLIES,324,"PRECISION, PHOTOGRAPHIC AND ARTISTS 0324",10,13,500,1225974441,1225974441,1225974441,238263712,7231213,92000,86500,1225974441,010 GENERAL OPERATING FD,13 FIRE
2018,1,3,03 MATERIALS AND SUPPLIES,324,"PRECISION, PHOTOGRAPHIC AND ARTISTS 0324",10,13,5500,1225979941,1225979941,1225979941,238269212,7236713,92000,92000,1225979941,010 GENERAL OPERATING FD,13 FIRE
2018,1,3,03 MATERIALS AND SUPPLIES,325,PRINTING                            0325,10,13,7000,1225986941,1225986941,1225986941,238276212,7243713,63879,7000,1225986941,010 GENERAL OPERATING FD,13 FIRE
2018,1,3,03 MATERIALS AND SUPPLIES,325,PRINTING                            0325,10,13,2500,1225989441,1225989441,1225989441,238278712,7246213,63879,9500,1225989441,010 GENERAL OPERATING FD,13 FIRE
2018,1,3,03 MATERIALS AND SUPPLIES,325,PRINTING                            0325,10,13,52879,1226042320,1226042320,1226042320,238331591,7299092,63879,62379,1226042320,010 GENERAL OPERATING FD,13 FIRE
2018,1,3,03 MATERIALS AND SUPPLIES,325,PRINTING                            0325,10,13,1500,1226043820,1226043820,1226043820,238333091,7300592,63879,63879,1226043820,010 GENERAL OPERATING FD,13 FIRE
2018,1,3,03 MATERIALS AND SUPPLIES,326,RECREATIONAL AND EDUCATIONAL        0326,10,13,6000,1226049820,1226049820,1226049820,238339091,7306592,6000,6000,1226049820,010 GENERAL OPERATING FD,13 FIRE
2018,1,3,03 MATERIALS AND SUPPLIES,342,LIQUID PROPANE GAS (LPG)            0342,10,13,482,1226050302,1226050302,1226050302,238339573,7307074,482,482,1226050302,010 GENERAL OPERATING FD,13 FIRE
2018,1,3,03 MATERIALS AND SUPPLIES,399,OTHER MATERIALS AND SUPPLIES (NOC)  0399,10,13,2500,1226052802,1226052802,1226052802,238342073,7309574,3050,2500,1226052802,010 GENERAL OPERATING FD,13 FIRE
2018,1,3,03 MATERIALS AND SUPPLIES,399,OTHER MATERIALS AND SUPPLIES (NOC)  0399,10,13,250,1226053052,1226053052,1226053052,238342323,7309824,3050,2750,1226053052,010 GENERAL OPERATING FD,13 FIRE
2018,1,3,03 MATERIALS AND SUPPLIES,399,OTHER MATERIALS AND SUPPLIES (NOC)  0399,10,13,300,1226053352,1226053352,1226053352,238342623,7310124,3050,3050,1226053352,010 GENERAL OPERATING FD,13 FIRE
2018,1,4,04 EQUIPMENT,411,GENERAL EQUIPMENT AND MACHINERY     0411,10,13,5000,1226058352,1226058352,1226058352,238347623,5000,5000,5000,1226058352,010 GENERAL OPERATING FD,13 FIRE
2018,1,4,04 EQUIPMENT,412,FIRE FIGHTING AND EMERGENCY         0412,10,13,3000,1226061352,1226061352,1226061352,238350623,8000,966911,3000,1226061352,010 GENERAL OPERATING FD,13 FIRE
2018,1,4,04 EQUIPMENT,412,FIRE FIGHTING AND EMERGENCY         0412,10,13,200525,1226261877,1226261877,1226261877,238551148,208525,966911,203525,1226261877,010 GENERAL OPERATING FD,13 FIRE
2018,1,4,04 EQUIPMENT,412,FIRE FIGHTING AND EMERGENCY         0412,10,13,763386,1227025263,1227025263,1227025263,239314534,971911,966911,966911,1227025263,010 GENERAL OPERATING FD,13 FIRE
2018,1,4,04 EQUIPMENT,417,HOSPITAL AND LABORATORY             0417,10,13,2500,1227027763,1227027763,1227027763,239317034,974411,2500,2500,1227027763,010 GENERAL OPERATING FD,13 FIRE
2018,1,4,04 EQUIPMENT,420,OFFICE EQUIPMENT                    0420,10,13,20000,1227047763,1227047763,1227047763,239337034,994411,34000,20000,1227047763,010 GENERAL OPERATING FD,13 FIRE
2018,1,4,04 EQUIPMENT,420,OFFICE EQUIPMENT                    0420,10,13,12000,1227059763,1227059763,1227059763,239349034,1006411,34000,32000,1227059763,010 GENERAL OPERATING FD,13 FIRE
2018,1,4,04 EQUIPMENT,420,OFFICE EQUIPMENT                    0420,10,13,2000,1227061763,1227061763,1227061763,239351034,1008411,34000,34000,1227061763,010 GENERAL OPERATING FD,13 FIRE
2018,1,4,04 EQUIPMENT,424,"PRECISION, PHOTOGRAPHIC AND ARTIST  0424",10,13,20000,1227081763,1227081763,1227081763,239371034,1028411,20000,20000,1227081763,010 GENERAL OPERATING FD,13 FIRE
2018,1,4,04 EQUIPMENT,427,COMPUTER EQUIPMENT & PERIPHERALS    0427,10,13,2500,1227084263,1227084263,1227084263,239373534,1030911,17500,2500,1227084263,010 GENERAL OPERATING FD,13 FIRE
2018,1,4,04 EQUIPMENT,427,COMPUTER EQUIPMENT & PERIPHERALS    0427,10,13,8000,1227092263,1227092263,1227092263,239381534,1038911,17500,10500,1227092263,010 GENERAL OPERATING FD,13 FIRE
2018,1,4,04 EQUIPMENT,427,COMPUTER EQUIPMENT & PERIPHERALS    0427,10,13,7000,1227099263,1227099263,1227099263,239388534,1045911,17500,17500,1227099263,010 GENERAL OPERATING FD,13 FIRE
2018,1,4,04 EQUIPMENT,428,VEHICLES -- MOTOR AND MOTORLESS     0428,10,13,75000,1227174263,1227174263,1227174263,239463534,1120911,75000,75000,1227174263,010 GENERAL OPERATING FD,13 FIRE
2018,1,4,04 EQUIPMENT,430,FURNITURE AND FURNISHINGS           0430,10,13,22000,1227196263,1227196263,1227196263,239485534,1142911,90000,22000,1227196263,010 GENERAL OPERATING FD,13 FIRE
2018,1,4,04 EQUIPMENT,430,FURNITURE AND FURNISHINGS           0430,10,13,12000,1227208263,1227208263,1227208263,239497534,1154911,90000,34000,1227208263,010 GENERAL OPERATING FD,13 FIRE
2018,1,4,04 EQUIPMENT,430,FURNITURE AND FURNISHINGS           0430,10,13,6000,1227214263,1227214263,1227214263,239503534,1160911,90000,40000,1227214263,010 GENERAL OPERATING FD,13 FIRE
2018,1,4,04 EQUIPMENT,430,FURNITURE AND FURNISHINGS           0430,10,13,50000,1227264263,1227264263,1227264263,239553534,1210911,90000,90000,1227264263,010 GENERAL OPERATING FD,13 FIRE
2018,1,4,04 EQUIPMENT,499,OTHER EQUIPMENT (NOC)               0499,10,13,1500,1227265763,1227265763,1227265763,239555034,1212411,20500,1500,1227265763,010 GENERAL OPERATING FD,13 FIRE
2018,1,4,04 EQUIPMENT,499,OTHER EQUIPMENT (NOC)               0499,10,13,13000,1227278763,1227278763,1227278763,239568034,1225411,20500,14500,1227278763,010 GENERAL OPERATING FD,13 FIRE
2018,1,4,04 EQUIPMENT,499,OTHER EQUIPMENT (NOC)               0499,10,13,3000,1227281763,1227281763,1227281763,239571034,1228411,20500,17500,1227281763,010 GENERAL OPERATING FD,13 FIRE
2018,1,4,04 EQUIPMENT,499,OTHER EQUIPMENT (NOC)               0499,10,13,3000,1227284763,1227284763,1227284763,239574034,1231411,20500,20500,1227284763,010 GENERAL OPERATING FD,13 FIRE
2018,1,8,08 PAYMENTS TO OTHER FUNDS,803,PAYMENTS TO WATER FUND              0803,10,13,7972000,1235256763,1235256763,1235256763,247546034,7972000,7972000,7972000,1235256763,010 GENERAL OPERATING FD,13 FIRE
2018,1,1,01 PERSONAL SERVICES,101,PERM FULL TIME-CIVILIAN             0101,10,14,2155087,1237411850,1237411850,1237411850,2155087,2155087,44141732,2155087,1237411850,010 GENERAL OPERATING FD,14 HEALTH
2018,1,1,01 PERSONAL SERVICES,101,PERM FULL TIME-CIVILIAN             0101,10,14,1073613,1238485463,1238485463,1238485463,3228700,3228700,44141732,3228700,1238485463,010 GENERAL OPERATING FD,14 HEALTH
2018,1,1,01 PERSONAL SERVICES,101,PERM FULL TIME-CIVILIAN             0101,10,14,737019,1239222482,1239222482,1239222482,3965719,3965719,44141732,3965719,1239222482,010 GENERAL OPERATING FD,14 HEALTH
2018,1,1,01 PERSONAL SERVICES,101,PERM FULL TIME-CIVILIAN             0101,10,14,2326504,1241548986,1241548986,1241548986,6292223,6292223,44141732,6292223,1241548986,010 GENERAL OPERATING FD,14 HEALTH
2018,1,1,01 PERSONAL SERVICES,101,PERM FULL TIME-CIVILIAN             0101,10,14,20405066,1261954052,1261954052,1261954052,26697289,26697289,44141732,26697289,1261954052,010 GENERAL OPERATING FD,14 HEALTH
2018,1,1,01 PERSONAL SERVICES,101,PERM FULL TIME-CIVILIAN             0101,10,14,1868447,1263822499,1263822499,1263822499,28565736,28565736,44141732,28565736,1263822499,010 GENERAL OPERATING FD,14 HEALTH
2018,1,1,01 PERSONAL SERVICES,101,PERM FULL TIME-CIVILIAN             0101,10,14,4570276,1268392775,1268392775,1268392775,33136012,33136012,44141732,33136012,1268392775,010 GENERAL OPERATING FD,14 HEALTH
2018,1,1,01 PERSONAL SERVICES,101,PERM FULL TIME-CIVILIAN             0101,10,14,1154161,1269546936,1269546936,1269546936,34290173,34290173,44141732,34290173,1269546936,010 GENERAL OPERATING FD,14 HEALTH
2018,1,1,01 PERSONAL SERVICES,101,PERM FULL TIME-CIVILIAN             0101,10,14,3802476,1273349412,1273349412,1273349412,38092649,38092649,44141732,38092649,1273349412,010 GENERAL OPERATING FD,14 HEALTH
2018,1,1,01 PERSONAL SERVICES,101,PERM FULL TIME-CIVILIAN             0101,10,14,1368812,1274718224,1274718224,1274718224,39461461,39461461,44141732,39461461,1274718224,010 GENERAL OPERATING FD,14 HEALTH
2018,1,1,01 PERSONAL SERVICES,101,PERM FULL TIME-CIVILIAN             0101,10,14,4263931,1278982155,1278982155,1278982155,43725392,43725392,44141732,43725392,1278982155,010 GENERAL OPERATING FD,14 HEALTH
2018,1,1,01 PERSONAL SERVICES,101,PERM FULL TIME-CIVILIAN             0101,10,14,335058,1279317213,1279317213,1279317213,44060450,44060450,44141732,44060450,1279317213,010 GENERAL OPERATING FD,14 HEALTH
2018,1,1,01 PERSONAL SERVICES,101,PERM FULL TIME-CIVILIAN             0101,10,14,81282,1279398495,1279398495,1279398495,44141732,44141732,44141732,44141732,1279398495,010 GENERAL OPERATING FD,14 HEALTH
2018,1,1,01 PERSONAL SERVICES,109,PLUS/MINUS GROSS ADJ                0109,10,14,3000,1279401495,1279401495,1279401495,44144732,44144732,103603,3000,1279401495,010 GENERAL OPERATING FD,14 HEALTH
2018,1,1,01 PERSONAL SERVICES,109,PLUS/MINUS GROSS ADJ                0109,10,14,50000,1279451495,1279451495,1279451495,44194732,44194732,103603,53000,1279451495,010 GENERAL OPERATING FD,14 HEALTH
2018,1,1,01 PERSONAL SERVICES,109,PLUS/MINUS GROSS ADJ                0109,10,14,3000,1279454495,1279454495,1279454495,44197732,44197732,103603,56000,1279454495,010 GENERAL OPERATING FD,14 HEALTH
2018,1,1,01 PERSONAL SERVICES,109,PLUS/MINUS GROSS ADJ                0109,10,14,38603,1279493098,1279493098,1279493098,44236335,44236335,103603,94603,1279493098,010 GENERAL OPERATING FD,14 HEALTH
2018,1,1,01 PERSONAL SERVICES,109,PLUS/MINUS GROSS ADJ                0109,10,14,9000,1279502098,1279502098,1279502098,44245335,44245335,103603,103603,1279502098,010 GENERAL OPERATING FD,14 HEALTH
2018,1,1,01 PERSONAL SERVICES,111,PERM PART TIME                      0111,10,14,7741133,1287243231,1287243231,1287243231,51986468,51986468,8094180,7741133,1287243231,010 GENERAL OPERATING FD,14 HEALTH
2018,1,1,01 PERSONAL SERVICES,111,PERM PART TIME                      0111,10,14,200000,1287443231,1287443231,1287443231,52186468,52186468,8094180,7941133,1287443231,010 GENERAL OPERATING FD,14 HEALTH
2018,1,1,01 PERSONAL SERVICES,111,PERM PART TIME                      0111,10,14,153047,1287596278,1287596278,1287596278,52339515,52339515,8094180,8094180,1287596278,010 GENERAL OPERATING FD,14 HEALTH
2018,1,1,01 PERSONAL SERVICES,161,OVERTIME-CIVILIAN                   0161,10,14,105000,1287701278,1287701278,1287701278,52444515,52444515,2039921,105000,1287701278,010 GENERAL OPERATING FD,14 HEALTH
2018,1,1,01 PERSONAL SERVICES,161,OVERTIME-CIVILIAN                   0161,10,14,145000,1287846278,1287846278,1287846278,52589515,52589515,2039921,250000,1287846278,010 GENERAL OPERATING FD,14 HEALTH
2018,1,1,01 PERSONAL SERVICES,161,OVERTIME-CIVILIAN                   0161,10,14,5538,1287851816,1287851816,1287851816,52595053,52595053,2039921,255538,1287851816,010 GENERAL OPERATING FD,14 HEALTH
2018,1,1,01 PERSONAL SERVICES,161,OVERTIME-CIVILIAN                   0161,10,14,211978,1288063794,1288063794,1288063794,52807031,52807031,2039921,467516,1288063794,010 GENERAL OPERATING FD,14 HEALTH
2018,1,1,01 PERSONAL SERVICES,161,OVERTIME-CIVILIAN                   0161,10,14,105000,1288168794,1288168794,1288168794,52912031,52912031,2039921,572516,1288168794,010 GENERAL OPERATING FD,14 HEALTH
2018,1,1,01 PERSONAL SERVICES,161,OVERTIME-CIVILIAN                   0161,10,14,55000,1288223794,1288223794,1288223794,52967031,52967031,2039921,627516,1288223794,010 GENERAL OPERATING FD,14 HEALTH
2018,1,1,01 PERSONAL SERVICES,161,OVERTIME-CIVILIAN                   0161,10,14,497447,1288721241,1288721241,1288721241,53464478,53464478,2039921,1124963,1288721241,010 GENERAL OPERATING FD,14 HEALTH
2018,1,1,01 PERSONAL SERVICES,161,OVERTIME-CIVILIAN                   0161,10,14,3000,1288724241,1288724241,1288724241,53467478,53467478,2039921,1127963,1288724241,010 GENERAL OPERATING FD,14 HEALTH
2018,1,1,01 PERSONAL SERVICES,161,OVERTIME-CIVILIAN                   0161,10,14,911958,1289636199,1289636199,1289636199,54379436,54379436,2039921,2039921,1289636199,010 GENERAL OPERATING FD,14 HEALTH
2018,1,1,01 PERSONAL SERVICES,171,"HOLIDAY ""G""(2/3 SHIFTS)             0171",10,14,10000,1289646199,1289646199,1289646199,54389436,54389436,35500,10000,1289646199,010 GENERAL OPERATING FD,14 HEALTH
2018,1,1,01 PERSONAL SERVICES,171,"HOLIDAY ""G""(2/3 SHIFTS)             0171",10,14,5500,1289651699,1289651699,1289651699,54394936,54394936,35500,15500,1289651699,010 GENERAL OPERATING FD,14 HEALTH
2018,1,1,01 PERSONAL SERVICES,171,"HOLIDAY ""G""(2/3 SHIFTS)             0171",10,14,8000,1289659699,1289659699,1289659699,54402936,54402936,35500,23500,1289659699,010 GENERAL OPERATING FD,14 HEALTH
2018,1,1,01 PERSONAL SERVICES,171,"HOLIDAY ""G""(2/3 SHIFTS)             0171",10,14,10000,1289669699,1289669699,1289669699,54412936,54412936,35500,33500,1289669699,010 GENERAL OPERATING FD,14 HEALTH
2018,1,1,01 PERSONAL SERVICES,171,"HOLIDAY ""G""(2/3 SHIFTS)             0171",10,14,2000,1289671699,1289671699,1289671699,54414936,54414936,35500,35500,1289671699,010 GENERAL OPERATING FD,14 HEALTH
2018,1,1,01 PERSONAL SERVICES,181,SHIFT                               0181,10,14,10000,1289681699,1289681699,1289681699,54424936,54424936,24500,10000,1289681699,010 GENERAL OPERATING FD,14 HEALTH
2018,1,1,01 PERSONAL SERVICES,181,SHIFT                               0181,10,14,1000,1289682699,1289682699,1289682699,54425936,54425936,24500,11000,1289682699,010 GENERAL OPERATING FD,14 HEALTH
2018,1,1,01 PERSONAL SERVICES,181,SHIFT                               0181,10,14,5000,1289687699,1289687699,1289687699,54430936,54430936,24500,16000,1289687699,010 GENERAL OPERATING FD,14 HEALTH
2018,1,1,01 PERSONAL SERVICES,181,SHIFT                               0181,10,14,500,1289688199,1289688199,1289688199,54431436,54431436,24500,16500,1289688199,010 GENERAL OPERATING FD,14 HEALTH
2018,1,1,01 PERSONAL SERVICES,181,SHIFT                               0181,10,14,2000,1289690199,1289690199,1289690199,54433436,54433436,24500,18500,1289690199,010 GENERAL OPERATING FD,14 HEALTH
2018,1,1,01 PERSONAL SERVICES,181,SHIFT                               0181,10,14,2000,1289692199,1289692199,1289692199,54435436,54435436,24500,20500,1289692199,010 GENERAL OPERATING FD,14 HEALTH
2018,1,1,01 PERSONAL SERVICES,181,SHIFT                               0181,10,14,4000,1289696199,1289696199,1289696199,54439436,54439436,24500,24500,1289696199,010 GENERAL OPERATING FD,14 HEALTH
2018,1,1,01 PERSONAL SERVICES,199,SICK PAY(B TIME)-CIVILIAN           0199,10,14,15000,1289711199,1289711199,1289711199,54454436,54454436,15000,15000,1289711199,010 GENERAL OPERATING FD,14 HEALTH
2018,1,2,02 PURCHASE OF SERVICES,201,CLEANING AND LAUNDERING             0201,10,14,700,1289711899,1289711899,1289711899,54455136,700,19200,700,1289711899,010 GENERAL OPERATING FD,14 HEALTH
2018,1,2,02 PURCHASE OF SERVICES,201,CLEANING AND LAUNDERING             0201,10,14,18500,1289730399,1289730399,1289730399,54473636,19200,19200,19200,1289730399,010 GENERAL OPERATING FD,14 HEALTH
2018,1,2,02 PURCHASE OF SERVICES,202,JANITORIAL SERVICES                 0202,10,14,16500,1289746899,1289746899,1289746899,54490136,35700,16500,16500,1289746899,010 GENERAL OPERATING FD,14 HEALTH
2018,1,2,02 PURCHASE OF SERVICES,205,REFUSE/GARBAGE/SILT/SLUDGE REMOVAL  0205,10,14,28300,1289775199,1289775199,1289775199,54518436,64000,104756,28300,1289775199,010 GENERAL OPERATING FD,14 HEALTH
2018,1,2,02 PURCHASE OF SERVICES,205,REFUSE/GARBAGE/SILT/SLUDGE REMOVAL  0205,10,14,1977,1289777176,1289777176,1289777176,54520413,65977,104756,30277,1289777176,010 GENERAL OPERATING FD,14 HEALTH
2018,1,2,02 PURCHASE OF SERVICES,205,REFUSE/GARBAGE/SILT/SLUDGE REMOVAL  0205,10,14,200,1289777376,1289777376,1289777376,54520613,66177,104756,30477,1289777376,010 GENERAL OPERATING FD,14 HEALTH
2018,1,2,02 PURCHASE OF SERVICES,205,REFUSE/GARBAGE/SILT/SLUDGE REMOVAL  0205,10,14,10941,1289788317,1289788317,1289788317,54531554,77118,104756,41418,1289788317,010 GENERAL OPERATING FD,14 HEALTH
2018,1,2,02 PURCHASE OF SERVICES,205,REFUSE/GARBAGE/SILT/SLUDGE REMOVAL  0205,10,14,63338,1289851655,1289851655,1289851655,54594892,140456,104756,104756,1289851655,010 GENERAL OPERATING FD,14 HEALTH
2018,1,2,02 PURCHASE OF SERVICES,209,TELEPHONE                           0209,10,14,64000,1289915655,1289915655,1289915655,54658892,204456,64000,64000,1289915655,010 GENERAL OPERATING FD,14 HEALTH
2018,1,2,02 PURCHASE OF SERVICES,210,POSTAGE                             0210,10,14,3000,1289918655,1289918655,1289918655,54661892,207456,3000,3000,1289918655,010 GENERAL OPERATING FD,14 HEALTH
2018,1,2,02 PURCHASE OF SERVICES,211,TRANSPORTATION                      0211,10,14,1500,1289920155,1289920155,1289920155,54663392,208956,65435,1500,1289920155,010 GENERAL OPERATING FD,14 HEALTH
2018,1,2,02 PURCHASE OF SERVICES,211,TRANSPORTATION                      0211,10,14,1300,1289921455,1289921455,1289921455,54664692,210256,65435,2800,1289921455,010 GENERAL OPERATING FD,14 HEALTH
2018,1,2,02 PURCHASE OF SERVICES,211,TRANSPORTATION                      0211,10,14,1983,1289923438,1289923438,1289923438,54666675,212239,65435,4783,1289923438,010 GENERAL OPERATING FD,14 HEALTH
2018,1,2,02 PURCHASE OF SERVICES,211,TRANSPORTATION                      0211,10,14,4000,1289927438,1289927438,1289927438,54670675,216239,65435,8783,1289927438,010 GENERAL OPERATING FD,14 HEALTH
2018,1,2,02 PURCHASE OF SERVICES,211,TRANSPORTATION                      0211,10,14,540,1289927978,1289927978,1289927978,54671215,216779,65435,9323,1289927978,010 GENERAL OPERATING FD,14 HEALTH
2018,1,2,02 PURCHASE OF SERVICES,211,TRANSPORTATION                      0211,10,14,1000,1289928978,1289928978,1289928978,54672215,217779,65435,10323,1289928978,010 GENERAL OPERATING FD,14 HEALTH
2018,1,2,02 PURCHASE OF SERVICES,211,TRANSPORTATION                      0211,10,14,4000,1289932978,1289932978,1289932978,54676215,221779,65435,14323,1289932978,010 GENERAL OPERATING FD,14 HEALTH
2018,1,2,02 PURCHASE OF SERVICES,211,TRANSPORTATION                      0211,10,14,47678,1289980656,1289980656,1289980656,54723893,269457,65435,62001,1289980656,010 GENERAL OPERATING FD,14 HEALTH
2018,1,2,02 PURCHASE OF SERVICES,211,TRANSPORTATION                      0211,10,14,1000,1289981656,1289981656,1289981656,54724893,270457,65435,63001,1289981656,010 GENERAL OPERATING FD,14 HEALTH
2018,1,2,02 PURCHASE OF SERVICES,211,TRANSPORTATION                      0211,10,14,2434,1289984090,1289984090,1289984090,54727327,272891,65435,65435,1289984090,010 GENERAL OPERATING FD,14 HEALTH
2018,1,2,02 PURCHASE OF SERVICES,216,COMMERCIAL OFF-SHELF COMP SOFTWARE  0216,10,14,95000,1290079090,1290079090,1290079090,54822327,367891,149078,95000,1290079090,010 GENERAL OPERATING FD,14 HEALTH
2018,1,2,02 PURCHASE OF SERVICES,216,COMMERCIAL OFF-SHELF COMP SOFTWARE  0216,10,14,4126,1290083216,1290083216,1290083216,54826453,372017,149078,99126,1290083216,010 GENERAL OPERATING FD,14 HEALTH
2018,1,2,02 PURCHASE OF SERVICES,216,COMMERCIAL OFF-SHELF COMP SOFTWARE  0216,10,14,20000,1290103216,1290103216,1290103216,54846453,392017,149078,119126,1290103216,010 GENERAL OPERATING FD,14 HEALTH
2018,1,2,02 PURCHASE OF SERVICES,216,COMMERCIAL OFF-SHELF COMP SOFTWARE  0216,10,14,1500,1290104716,1290104716,1290104716,54847953,393517,149078,120626,1290104716,010 GENERAL OPERATING FD,14 HEALTH
2018,1,2,02 PURCHASE OF SERVICES,216,COMMERCIAL OFF-SHELF COMP SOFTWARE  0216,10,14,15000,1290119716,1290119716,1290119716,54862953,408517,149078,135626,1290119716,010 GENERAL OPERATING FD,14 HEALTH
2018,1,2,02 PURCHASE OF SERVICES,216,COMMERCIAL OFF-SHELF COMP SOFTWARE  0216,10,14,13452,1290133168,1290133168,1290133168,54876405,421969,149078,149078,1290133168,010 GENERAL OPERATING FD,14 HEALTH
2018,1,2,02 PURCHASE OF SERVICES,240,ADVERTISING/PROMOTIONAL ACTIVITIES  0240,10,14,40000,1290173168,1290173168,1290173168,54916405,461969,40000,40000,1290173168,010 GENERAL OPERATING FD,14 HEALTH
2018,1,2,02 PURCHASE OF SERVICES,250,PROFESSIONAL CONSULT/SPEC SERVICES  0250,10,14,15318217,1305491385,1305491385,1305491385,70234622,15780186,70662956,15318217,1305491385,010 GENERAL OPERATING FD,14 HEALTH
2018,1,2,02 PURCHASE OF SERVICES,250,PROFESSIONAL CONSULT/SPEC SERVICES  0250,10,14,559058,1306050443,1306050443,1306050443,70793680,16339244,70662956,15877275,1306050443,010 GENERAL OPERATING FD,14 HEALTH
2018,1,2,02 PURCHASE OF SERVICES,250,PROFESSIONAL CONSULT/SPEC SERVICES  0250,10,14,680992,1306731435,1306731435,1306731435,71474672,17020236,70662956,16558267,1306731435,010 GENERAL OPERATING FD,14 HEALTH
2018,1,2,02 PURCHASE OF SERVICES,250,PROFESSIONAL CONSULT/SPEC SERVICES  0250,10,14,1915088,1308646523,1308646523,1308646523,73389760,18935324,70662956,18473355,1308646523,010 GENERAL OPERATING FD,14 HEALTH
2018,1,2,02 PURCHASE OF SERVICES,250,PROFESSIONAL CONSULT/SPEC SERVICES  0250,10,14,243057,1308889580,1308889580,1308889580,73632817,19178381,70662956,18716412,1308889580,010 GENERAL OPERATING FD,14 HEALTH
2018,1,2,02 PURCHASE OF SERVICES,250,PROFESSIONAL CONSULT/SPEC SERVICES  0250,10,14,65000,1308954580,1308954580,1308954580,73697817,19243381,70662956,18781412,1308954580,010 GENERAL OPERATING FD,14 HEALTH
2018,1,2,02 PURCHASE OF SERVICES,250,PROFESSIONAL CONSULT/SPEC SERVICES  0250,10,14,1923797,1310878377,1310878377,1310878377,75621614,21167178,70662956,20705209,1310878377,010 GENERAL OPERATING FD,14 HEALTH
2018,1,2,02 PURCHASE OF SERVICES,250,PROFESSIONAL CONSULT/SPEC SERVICES  0250,10,14,2120534,1312998911,1312998911,1312998911,77742148,23287712,70662956,22825743,1312998911,010 GENERAL OPERATING FD,14 HEALTH
2018,1,2,02 PURCHASE OF SERVICES,250,PROFESSIONAL CONSULT/SPEC SERVICES  0250,10,14,1559230,1314558141,1314558141,1314558141,79301378,24846942,70662956,24384973,1314558141,010 GENERAL OPERATING FD,14 HEALTH
2018,1,2,02 PURCHASE OF SERVICES,250,PROFESSIONAL CONSULT/SPEC SERVICES  0250,10,14,650530,1315208671,1315208671,1315208671,79951908,25497472,70662956,25035503,1315208671,010 GENERAL OPERATING FD,14 HEALTH
2018,1,2,02 PURCHASE OF SERVICES,250,PROFESSIONAL CONSULT/SPEC SERVICES  0250,10,14,561807,1315770478,1315770478,1315770478,80513715,26059279,70662956,25597310,1315770478,010 GENERAL OPERATING FD,14 HEALTH
2018,1,2,02 PURCHASE OF SERVICES,250,PROFESSIONAL CONSULT/SPEC SERVICES  0250,10,14,44993132,1360763610,1360763610,1360763610,125506847,71052411,70662956,70590442,1360763610,010 GENERAL OPERATING FD,14 HEALTH
2018,1,2,02 PURCHASE OF SERVICES,250,PROFESSIONAL CONSULT/SPEC SERVICES  0250,10,14,72514,1360836124,1360836124,1360836124,125579361,71124925,70662956,70662956,1360836124,010 GENERAL OPERATING FD,14 HEALTH
2018,1,2,02 PURCHASE OF SERVICES,251,INFORMATION TECHNOLOGY-PROF SERVICE 0251,10,14,160000,1360996124,1360996124,1360996124,125739361,71284925,160000,160000,1360996124,010 GENERAL OPERATING FD,14 HEALTH
2018,1,2,02 PURCHASE OF SERVICES,256,SEMINAR AND TRAINING SESSIONS       0256,10,14,1500,1360997624,1360997624,1360997624,125740861,71286425,27680,1500,1360997624,010 GENERAL OPERATING FD,14 HEALTH
2018,1,2,02 PURCHASE OF SERVICES,256,SEMINAR AND TRAINING SESSIONS       0256,10,14,2500,1361000124,1361000124,1361000124,125743361,71288925,27680,4000,1361000124,010 GENERAL OPERATING FD,14 HEALTH
2018,1,2,02 PURCHASE OF SERVICES,256,SEMINAR AND TRAINING SESSIONS       0256,10,14,180,1361000304,1361000304,1361000304,125743541,71289105,27680,4180,1361000304,010 GENERAL OPERATING FD,14 HEALTH
2018,1,2,02 PURCHASE OF SERVICES,256,SEMINAR AND TRAINING SESSIONS       0256,10,14,3500,1361003804,1361003804,1361003804,125747041,71292605,27680,7680,1361003804,010 GENERAL OPERATING FD,14 HEALTH
2018,1,2,02 PURCHASE OF SERVICES,256,SEMINAR AND TRAINING SESSIONS       0256,10,14,2000,1361005804,1361005804,1361005804,125749041,71294605,27680,9680,1361005804,010 GENERAL OPERATING FD,14 HEALTH
2018,1,2,02 PURCHASE OF SERVICES,256,SEMINAR AND TRAINING SESSIONS       0256,10,14,17000,1361022804,1361022804,1361022804,125766041,71311605,27680,26680,1361022804,010 GENERAL OPERATING FD,14 HEALTH
2018,1,2,02 PURCHASE OF SERVICES,256,SEMINAR AND TRAINING SESSIONS       0256,10,14,1000,1361023804,1361023804,1361023804,125767041,71312605,27680,27680,1361023804,010 GENERAL OPERATING FD,14 HEALTH
2018,1,2,02 PURCHASE OF SERVICES,260,REPAIR AND MAINTENANCE CHARGES      0260,10,14,2881,1361026685,1361026685,1361026685,125769922,71315486,883857,2881,1361026685,010 GENERAL OPERATING FD,14 HEALTH
2018,1,2,02 PURCHASE OF SERVICES,260,REPAIR AND MAINTENANCE CHARGES      0260,10,14,13676,1361040361,1361040361,1361040361,125783598,71329162,883857,16557,1361040361,010 GENERAL OPERATING FD,14 HEALTH
2018,1,2,02 PURCHASE OF SERVICES,260,REPAIR AND MAINTENANCE CHARGES      0260,10,14,66750,1361107111,1361107111,1361107111,125850348,71395912,883857,83307,1361107111,010 GENERAL OPERATING FD,14 HEALTH
2018,1,2,02 PURCHASE OF SERVICES,260,REPAIR AND MAINTENANCE CHARGES      0260,10,14,3724,1361110835,1361110835,1361110835,125854072,71399636,883857,87031,1361110835,010 GENERAL OPERATING FD,14 HEALTH
2018,1,2,02 PURCHASE OF SERVICES,260,REPAIR AND MAINTENANCE CHARGES      0260,10,14,318670,1361429505,1361429505,1361429505,126172742,71718306,883857,405701,1361429505,010 GENERAL OPERATING FD,14 HEALTH
2018,1,2,02 PURCHASE OF SERVICES,260,REPAIR AND MAINTENANCE CHARGES      0260,10,14,1000,1361430505,1361430505,1361430505,126173742,71719306,883857,406701,1361430505,010 GENERAL OPERATING FD,14 HEALTH
2018,1,2,02 PURCHASE OF SERVICES,260,REPAIR AND MAINTENANCE CHARGES      0260,10,14,3720,1361434225,1361434225,1361434225,126177462,71723026,883857,410421,1361434225,010 GENERAL OPERATING FD,14 HEALTH
2018,1,2,02 PURCHASE OF SERVICES,260,REPAIR AND MAINTENANCE CHARGES      0260,10,14,422160,1361856385,1361856385,1361856385,126599622,72145186,883857,832581,1361856385,010 GENERAL OPERATING FD,14 HEALTH
2018,1,2,02 PURCHASE OF SERVICES,260,REPAIR AND MAINTENANCE CHARGES      0260,10,14,47326,1361903711,1361903711,1361903711,126646948,72192512,883857,879907,1361903711,010 GENERAL OPERATING FD,14 HEALTH
2018,1,2,02 PURCHASE OF SERVICES,260,REPAIR AND MAINTENANCE CHARGES      0260,10,14,3950,1361907661,1361907661,1361907661,126650898,72196462,883857,883857,1361907661,010 GENERAL OPERATING FD,14 HEALTH
2018,1,2,02 PURCHASE OF SERVICES,266,MAINT/SUPPORT-COMPUTR HARDWARE/SOFT 0266,10,14,13000,1361920661,1361920661,1361920661,126663898,72209462,31000,13000,1361920661,010 GENERAL OPERATING FD,14 HEALTH
2018,1,2,02 PURCHASE OF SERVICES,266,MAINT/SUPPORT-COMPUTR HARDWARE/SOFT 0266,10,14,18000,1361938661,1361938661,1361938661,126681898,72227462,31000,31000,1361938661,010 GENERAL OPERATING FD,14 HEALTH
2018,1,2,02 PURCHASE OF SERVICES,285,RENTS                               0285,10,14,486000,1362424661,1362424661,1362424661,127167898,72713462,695697,486000,1362424661,010 GENERAL OPERATING FD,14 HEALTH
2018,1,2,02 PURCHASE OF SERVICES,285,RENTS                               0285,10,14,2100,1362426761,1362426761,1362426761,127169998,72715562,695697,488100,1362426761,010 GENERAL OPERATING FD,14 HEALTH
2018,1,2,02 PURCHASE OF SERVICES,285,RENTS                               0285,10,14,207597,1362634358,1362634358,1362634358,127377595,72923159,695697,695697,1362634358,010 GENERAL OPERATING FD,14 HEALTH
2018,1,2,02 PURCHASE OF SERVICES,299,OTHER EXPENSES (NOT OTHRWSE CLSSFD) 0299,10,14,25000,1362659358,1362659358,1362659358,127402595,72948159,974554,25000,1362659358,010 GENERAL OPERATING FD,14 HEALTH
2018,1,2,02 PURCHASE OF SERVICES,299,OTHER EXPENSES (NOT OTHRWSE CLSSFD) 0299,10,14,3215,1362662573,1362662573,1362662573,127405810,72951374,974554,28215,1362662573,010 GENERAL OPERATING FD,14 HEALTH
2018,1,2,02 PURCHASE OF SERVICES,299,OTHER EXPENSES (NOT OTHRWSE CLSSFD) 0299,10,14,75000,1362737573,1362737573,1362737573,127480810,73026374,974554,103215,1362737573,010 GENERAL OPERATING FD,14 HEALTH
2018,1,2,02 PURCHASE OF SERVICES,299,OTHER EXPENSES (NOT OTHRWSE CLSSFD) 0299,10,14,2579,1362740152,1362740152,1362740152,127483389,73028953,974554,105794,1362740152,010 GENERAL OPERATING FD,14 HEALTH
2018,1,2,02 PURCHASE OF SERVICES,299,OTHER EXPENSES (NOT OTHRWSE CLSSFD) 0299,10,14,359304,1363099456,1363099456,1363099456,127842693,73388257,974554,465098,1363099456,010 GENERAL OPERATING FD,14 HEALTH
2018,1,2,02 PURCHASE OF SERVICES,299,OTHER EXPENSES (NOT OTHRWSE CLSSFD) 0299,10,14,447296,1363546752,1363546752,1363546752,128289989,73835553,974554,912394,1363546752,010 GENERAL OPERATING FD,14 HEALTH
2018,1,2,02 PURCHASE OF SERVICES,299,OTHER EXPENSES (NOT OTHRWSE CLSSFD) 0299,10,14,57160,1363603912,1363603912,1363603912,128347149,73892713,974554,969554,1363603912,010 GENERAL OPERATING FD,14 HEALTH
2018,1,2,02 PURCHASE OF SERVICES,299,OTHER EXPENSES (NOT OTHRWSE CLSSFD) 0299,10,14,5000,1363608912,1363608912,1363608912,128352149,73897713,974554,974554,1363608912,010 GENERAL OPERATING FD,14 HEALTH
2018,1,3,03 MATERIALS AND SUPPLIES,304,BOOKS AND OTHER PUBLICATIONS        0304,10,14,1000,1363609912,1363609912,1363609912,128353149,1000,64119,1000,1363609912,010 GENERAL OPERATING FD,14 HEALTH
2018,1,3,03 MATERIALS AND SUPPLIES,304,BOOKS AND OTHER PUBLICATIONS        0304,10,14,500,1363610412,1363610412,1363610412,128353649,1500,64119,1500,1363610412,010 GENERAL OPERATING FD,14 HEALTH
2018,1,3,03 MATERIALS AND SUPPLIES,304,BOOKS AND OTHER PUBLICATIONS        0304,10,14,500,1363610912,1363610912,1363610912,128354149,2000,64119,2000,1363610912,010 GENERAL OPERATING FD,14 HEALTH
2018,1,3,03 MATERIALS AND SUPPLIES,304,BOOKS AND OTHER PUBLICATIONS        0304,10,14,48750,1363659662,1363659662,1363659662,128402899,50750,64119,50750,1363659662,010 GENERAL OPERATING FD,14 HEALTH
2018,1,3,03 MATERIALS AND SUPPLIES,304,BOOKS AND OTHER PUBLICATIONS        0304,10,14,500,1363660162,1363660162,1363660162,128403399,51250,64119,51250,1363660162,010 GENERAL OPERATING FD,14 HEALTH
2018,1,3,03 MATERIALS AND SUPPLIES,304,BOOKS AND OTHER PUBLICATIONS        0304,10,14,750,1363660912,1363660912,1363660912,128404149,52000,64119,52000,1363660912,010 GENERAL OPERATING FD,14 HEALTH
2018,1,3,03 MATERIALS AND SUPPLIES,304,BOOKS AND OTHER PUBLICATIONS        0304,10,14,250,1363661162,1363661162,1363661162,128404399,52250,64119,52250,1363661162,010 GENERAL OPERATING FD,14 HEALTH
2018,1,3,03 MATERIALS AND SUPPLIES,304,BOOKS AND OTHER PUBLICATIONS        0304,10,14,11869,1363673031,1363673031,1363673031,128416268,64119,64119,64119,1363673031,010 GENERAL OPERATING FD,14 HEALTH
2018,1,3,03 MATERIALS AND SUPPLIES,307,CHEMICALS AND GASES                 0307,10,14,5000,1363678031,1363678031,1363678031,128421268,69119,34999,5000,1363678031,010 GENERAL OPERATING FD,14 HEALTH
2018,1,3,03 MATERIALS AND SUPPLIES,307,CHEMICALS AND GASES                 0307,10,14,300,1363678331,1363678331,1363678331,128421568,69419,34999,5300,1363678331,010 GENERAL OPERATING FD,14 HEALTH
2018,1,3,03 MATERIALS AND SUPPLIES,307,CHEMICALS AND GASES                 0307,10,14,9250,1363687581,1363687581,1363687581,128430818,78669,34999,14550,1363687581,010 GENERAL OPERATING FD,14 HEALTH
2018,1,3,03 MATERIALS AND SUPPLIES,307,CHEMICALS AND GASES                 0307,10,14,7500,1363695081,1363695081,1363695081,128438318,86169,34999,22050,1363695081,010 GENERAL OPERATING FD,14 HEALTH
2018,1,3,03 MATERIALS AND SUPPLIES,307,CHEMICALS AND GASES                 0307,10,14,3000,1363698081,1363698081,1363698081,128441318,89169,34999,25050,1363698081,010 GENERAL OPERATING FD,14 HEALTH
2018,1,3,03 MATERIALS AND SUPPLIES,307,CHEMICALS AND GASES                 0307,10,14,1949,1363700030,1363700030,1363700030,128443267,91118,34999,26999,1363700030,010 GENERAL OPERATING FD,14 HEALTH
2018,1,3,03 MATERIALS AND SUPPLIES,307,CHEMICALS AND GASES                 0307,10,14,8000,1363708030,1363708030,1363708030,128451267,99118,34999,34999,1363708030,010 GENERAL OPERATING FD,14 HEALTH
2018,1,3,03 MATERIALS AND SUPPLIES,310,ELECTRICAL AND COMMUNICATION        0310,10,14,2000,1363710030,1363710030,1363710030,128453267,101118,66156,2000,1363710030,010 GENERAL OPERATING FD,14 HEALTH
2018,1,3,03 MATERIALS AND SUPPLIES,310,ELECTRICAL AND COMMUNICATION        0310,10,14,14452,1363724482,1363724482,1363724482,128467719,115570,66156,16452,1363724482,010 GENERAL OPERATING FD,14 HEALTH
2018,1,3,03 MATERIALS AND SUPPLIES,310,ELECTRICAL AND COMMUNICATION        0310,10,14,2500,1363726982,1363726982,1363726982,128470219,118070,66156,18952,1363726982,010 GENERAL OPERATING FD,14 HEALTH
2018,1,3,03 MATERIALS AND SUPPLIES,310,ELECTRICAL AND COMMUNICATION        0310,10,14,2204,1363729186,1363729186,1363729186,128472423,120274,66156,21156,1363729186,010 GENERAL OPERATING FD,14 HEALTH
2018,1,3,03 MATERIALS AND SUPPLIES,310,ELECTRICAL AND COMMUNICATION        0310,10,14,45000,1363774186,1363774186,1363774186,128517423,165274,66156,66156,1363774186,010 GENERAL OPERATING FD,14 HEALTH
2018,1,3,03 MATERIALS AND SUPPLIES,317,HOSPITAL AND LABORATORY             0317,10,14,1000,1363775186,1363775186,1363775186,128518423,166274,4609346,1000,1363775186,010 GENERAL OPERATING FD,14 HEALTH
2018,1,3,03 MATERIALS AND SUPPLIES,317,HOSPITAL AND LABORATORY             0317,10,14,2800,1363777986,1363777986,1363777986,128521223,169074,4609346,3800,1363777986,010 GENERAL OPERATING FD,14 HEALTH
2018,1,3,03 MATERIALS AND SUPPLIES,317,HOSPITAL AND LABORATORY             0317,10,14,10000,1363787986,1363787986,1363787986,128531223,179074,4609346,13800,1363787986,010 GENERAL OPERATING FD,14 HEALTH
2018,1,3,03 MATERIALS AND SUPPLIES,317,HOSPITAL AND LABORATORY             0317,10,14,591800,1364379786,1364379786,1364379786,129123023,770874,4609346,605600,1364379786,010 GENERAL OPERATING FD,14 HEALTH
2018,1,3,03 MATERIALS AND SUPPLIES,317,HOSPITAL AND LABORATORY             0317,10,14,2253814,1366633600,1366633600,1366633600,131376837,3024688,4609346,2859414,1366633600,010 GENERAL OPERATING FD,14 HEALTH
2018,1,3,03 MATERIALS AND SUPPLIES,317,HOSPITAL AND LABORATORY             0317,10,14,20000,1366653600,1366653600,1366653600,131396837,3044688,4609346,2879414,1366653600,010 GENERAL OPERATING FD,14 HEALTH
2018,1,3,03 MATERIALS AND SUPPLIES,317,HOSPITAL AND LABORATORY             0317,10,14,12409,1366666009,1366666009,1366666009,131409246,3057097,4609346,2891823,1366666009,010 GENERAL OPERATING FD,14 HEALTH
2018,1,3,03 MATERIALS AND SUPPLIES,317,HOSPITAL AND LABORATORY             0317,10,14,338500,1367004509,1367004509,1367004509,131747746,3395597,4609346,3230323,1367004509,010 GENERAL OPERATING FD,14 HEALTH
2018,1,3,03 MATERIALS AND SUPPLIES,317,HOSPITAL AND LABORATORY             0317,10,14,1379023,1368383532,1368383532,1368383532,133126769,4774620,4609346,4609346,1368383532,010 GENERAL OPERATING FD,14 HEALTH
2018,1,3,03 MATERIALS AND SUPPLIES,318,"JANITORIAL, LAUNDRY AND HOUSEHOLD   0318",10,14,24840,1368408372,1368408372,1368408372,133151609,4799460,128908,24840,1368408372,010 GENERAL OPERATING FD,14 HEALTH
2018,1,3,03 MATERIALS AND SUPPLIES,318,"JANITORIAL, LAUNDRY AND HOUSEHOLD   0318",10,14,5464,1368413836,1368413836,1368413836,133157073,4804924,128908,30304,1368413836,010 GENERAL OPERATING FD,14 HEALTH
2018,1,3,03 MATERIALS AND SUPPLIES,318,"JANITORIAL, LAUNDRY AND HOUSEHOLD   0318",10,14,65735,1368479571,1368479571,1368479571,133222808,4870659,128908,96039,1368479571,010 GENERAL OPERATING FD,14 HEALTH
2018,1,3,03 MATERIALS AND SUPPLIES,318,"JANITORIAL, LAUNDRY AND HOUSEHOLD   0318",10,14,750,1368480321,1368480321,1368480321,133223558,4871409,128908,96789,1368480321,010 GENERAL OPERATING FD,14 HEALTH
2018,1,3,03 MATERIALS AND SUPPLIES,318,"JANITORIAL, LAUNDRY AND HOUSEHOLD   0318",10,14,5000,1368485321,1368485321,1368485321,133228558,4876409,128908,101789,1368485321,010 GENERAL OPERATING FD,14 HEALTH
2018,1,3,03 MATERIALS AND SUPPLIES,318,"JANITORIAL, LAUNDRY AND HOUSEHOLD   0318",10,14,12619,1368497940,1368497940,1368497940,133241177,4889028,128908,114408,1368497940,010 GENERAL OPERATING FD,14 HEALTH
2018,1,3,03 MATERIALS AND SUPPLIES,318,"JANITORIAL, LAUNDRY AND HOUSEHOLD   0318",10,14,14500,1368512440,1368512440,1368512440,133255677,4903528,128908,128908,1368512440,010 GENERAL OPERATING FD,14 HEALTH
2018,1,3,03 MATERIALS AND SUPPLIES,320,OFFICE MATERIALS AND SUPPLIES       0320,10,14,7000,1368519440,1368519440,1368519440,133262677,4910528,432752,7000,1368519440,010 GENERAL OPERATING FD,14 HEALTH
2018,1,3,03 MATERIALS AND SUPPLIES,320,OFFICE MATERIALS AND SUPPLIES       0320,10,14,8300,1368527740,1368527740,1368527740,133270977,4918828,432752,15300,1368527740,010 GENERAL OPERATING FD,14 HEALTH
2018,1,3,03 MATERIALS AND SUPPLIES,320,OFFICE MATERIALS AND SUPPLIES       0320,10,14,11802,1368539542,1368539542,1368539542,133282779,4930630,432752,27102,1368539542,010 GENERAL OPERATING FD,14 HEALTH
2018,1,3,03 MATERIALS AND SUPPLIES,320,OFFICE MATERIALS AND SUPPLIES       0320,10,14,5000,1368544542,1368544542,1368544542,133287779,4935630,432752,32102,1368544542,010 GENERAL OPERATING FD,14 HEALTH
2018,1,3,03 MATERIALS AND SUPPLIES,320,OFFICE MATERIALS AND SUPPLIES       0320,10,14,13400,1368557942,1368557942,1368557942,133301179,4949030,432752,45502,1368557942,010 GENERAL OPERATING FD,14 HEALTH
2018,1,3,03 MATERIALS AND SUPPLIES,320,OFFICE MATERIALS AND SUPPLIES       0320,10,14,4750,1368562692,1368562692,1368562692,133305929,4953780,432752,50252,1368562692,010 GENERAL OPERATING FD,14 HEALTH
2018,1,3,03 MATERIALS AND SUPPLIES,320,OFFICE MATERIALS AND SUPPLIES       0320,10,14,14705,1368577397,1368577397,1368577397,133320634,4968485,432752,64957,1368577397,010 GENERAL OPERATING FD,14 HEALTH
2018,1,3,03 MATERIALS AND SUPPLIES,320,OFFICE MATERIALS AND SUPPLIES       0320,10,14,15000,1368592397,1368592397,1368592397,133335634,4983485,432752,79957,1368592397,010 GENERAL OPERATING FD,14 HEALTH
2018,1,3,03 MATERIALS AND SUPPLIES,320,OFFICE MATERIALS AND SUPPLIES       0320,10,14,2000,1368594397,1368594397,1368594397,133337634,4985485,432752,81957,1368594397,010 GENERAL OPERATING FD,14 HEALTH
2018,1,3,03 MATERIALS AND SUPPLIES,320,OFFICE MATERIALS AND SUPPLIES       0320,10,14,335195,1368929592,1368929592,1368929592,133672829,5320680,432752,417152,1368929592,010 GENERAL OPERATING FD,14 HEALTH
2018,1,3,03 MATERIALS AND SUPPLIES,320,OFFICE MATERIALS AND SUPPLIES       0320,10,14,1000,1368930592,1368930592,1368930592,133673829,5321680,432752,418152,1368930592,010 GENERAL OPERATING FD,14 HEALTH
2018,1,3,03 MATERIALS AND SUPPLIES,320,OFFICE MATERIALS AND SUPPLIES       0320,10,14,2000,1368932592,1368932592,1368932592,133675829,5323680,432752,420152,1368932592,010 GENERAL OPERATING FD,14 HEALTH
2018,1,3,03 MATERIALS AND SUPPLIES,320,OFFICE MATERIALS AND SUPPLIES       0320,10,14,12600,1368945192,1368945192,1368945192,133688429,5336280,432752,432752,1368945192,010 GENERAL OPERATING FD,14 HEALTH
2018,1,3,03 MATERIALS AND SUPPLIES,323,PLUMBING/AIR CONDITIONING/SPACE HTG 0323,10,14,30000,1368975192,1368975192,1368975192,133718429,5366280,31380,30000,1368975192,010 GENERAL OPERATING FD,14 HEALTH
2018,1,3,03 MATERIALS AND SUPPLIES,323,PLUMBING/AIR CONDITIONING/SPACE HTG 0323,10,14,500,1368975692,1368975692,1368975692,133718929,5366780,31380,30500,1368975692,010 GENERAL OPERATING FD,14 HEALTH
2018,1,3,03 MATERIALS AND SUPPLIES,323,PLUMBING/AIR CONDITIONING/SPACE HTG 0323,10,14,430,1368976122,1368976122,1368976122,133719359,5367210,31380,30930,1368976122,010 GENERAL OPERATING FD,14 HEALTH
2018,1,3,03 MATERIALS AND SUPPLIES,323,PLUMBING/AIR CONDITIONING/SPACE HTG 0323,10,14,450,1368976572,1368976572,1368976572,133719809,5367660,31380,31380,1368976572,010 GENERAL OPERATING FD,14 HEALTH
2018,1,3,03 MATERIALS AND SUPPLIES,324,"PRECISION, PHOTOGRAPHIC AND ARTISTS 0324",10,14,2000,1368978572,1368978572,1368978572,133721809,5369660,96924,2000,1368978572,010 GENERAL OPERATING FD,14 HEALTH
2018,1,3,03 MATERIALS AND SUPPLIES,324,"PRECISION, PHOTOGRAPHIC AND ARTISTS 0324",10,14,1000,1368979572,1368979572,1368979572,133722809,5370660,96924,3000,1368979572,010 GENERAL OPERATING FD,14 HEALTH
2018,1,3,03 MATERIALS AND SUPPLIES,324,"PRECISION, PHOTOGRAPHIC AND ARTISTS 0324",10,14,43745,1369023317,1369023317,1369023317,133766554,5414405,96924,46745,1369023317,010 GENERAL OPERATING FD,14 HEALTH
2018,1,3,03 MATERIALS AND SUPPLIES,324,"PRECISION, PHOTOGRAPHIC AND ARTISTS 0324",10,14,16786,1369040103,1369040103,1369040103,133783340,5431191,96924,63531,1369040103,010 GENERAL OPERATING FD,14 HEALTH
2018,1,3,03 MATERIALS AND SUPPLIES,324,"PRECISION, PHOTOGRAPHIC AND ARTISTS 0324",10,14,8500,1369048603,1369048603,1369048603,133791840,5439691,96924,72031,1369048603,010 GENERAL OPERATING FD,14 HEALTH
2018,1,3,03 MATERIALS AND SUPPLIES,324,"PRECISION, PHOTOGRAPHIC AND ARTISTS 0324",10,14,1869,1369050472,1369050472,1369050472,133793709,5441560,96924,73900,1369050472,010 GENERAL OPERATING FD,14 HEALTH
2018,1,3,03 MATERIALS AND SUPPLIES,324,"PRECISION, PHOTOGRAPHIC AND ARTISTS 0324",10,14,1500,1369051972,1369051972,1369051972,133795209,5443060,96924,75400,1369051972,010 GENERAL OPERATING FD,14 HEALTH
2018,1,3,03 MATERIALS AND SUPPLIES,324,"PRECISION, PHOTOGRAPHIC AND ARTISTS 0324",10,14,11524,1369063496,1369063496,1369063496,133806733,5454584,96924,86924,1369063496,010 GENERAL OPERATING FD,14 HEALTH
2018,1,3,03 MATERIALS AND SUPPLIES,324,"PRECISION, PHOTOGRAPHIC AND ARTISTS 0324",10,14,10000,1369073496,1369073496,1369073496,133816733,5464584,96924,96924,1369073496,010 GENERAL OPERATING FD,14 HEALTH
2018,1,3,03 MATERIALS AND SUPPLIES,325,PRINTING                            0325,10,14,1000,1369074496,1369074496,1369074496,133817733,5465584,59255,1000,1369074496,010 GENERAL OPERATING FD,14 HEALTH
2018,1,3,03 MATERIALS AND SUPPLIES,325,PRINTING                            0325,10,14,2890,1369077386,1369077386,1369077386,133820623,5468474,59255,3890,1369077386,010 GENERAL OPERATING FD,14 HEALTH
2018,1,3,03 MATERIALS AND SUPPLIES,325,PRINTING                            0325,10,14,5000,1369082386,1369082386,1369082386,133825623,5473474,59255,8890,1369082386,010 GENERAL OPERATING FD,14 HEALTH
2018,1,3,03 MATERIALS AND SUPPLIES,325,PRINTING                            0325,10,14,1000,1369083386,1369083386,1369083386,133826623,5474474,59255,9890,1369083386,010 GENERAL OPERATING FD,14 HEALTH
2018,1,3,03 MATERIALS AND SUPPLIES,325,PRINTING                            0325,10,14,4000,1369087386,1369087386,1369087386,133830623,5478474,59255,13890,1369087386,010 GENERAL OPERATING FD,14 HEALTH
2018,1,3,03 MATERIALS AND SUPPLIES,325,PRINTING                            0325,10,14,3061,1369090447,1369090447,1369090447,133833684,5481535,59255,16951,1369090447,010 GENERAL OPERATING FD,14 HEALTH
2018,1,3,03 MATERIALS AND SUPPLIES,325,PRINTING                            0325,10,14,15000,1369105447,1369105447,1369105447,133848684,5496535,59255,31951,1369105447,010 GENERAL OPERATING FD,14 HEALTH
2018,1,3,03 MATERIALS AND SUPPLIES,325,PRINTING                            0325,10,14,10000,1369115447,1369115447,1369115447,133858684,5506535,59255,41951,1369115447,010 GENERAL OPERATING FD,14 HEALTH
2018,1,3,03 MATERIALS AND SUPPLIES,325,PRINTING                            0325,10,14,500,1369115947,1369115947,1369115947,133859184,5507035,59255,42451,1369115947,010 GENERAL OPERATING FD,14 HEALTH
2018,1,3,03 MATERIALS AND SUPPLIES,325,PRINTING                            0325,10,14,16804,1369132751,1369132751,1369132751,133875988,5523839,59255,59255,1369132751,010 GENERAL OPERATING FD,14 HEALTH
2018,1,3,03 MATERIALS AND SUPPLIES,345,GASOLINE                            0345,10,14,2500,1369135251,1369135251,1369135251,133878488,5526339,2500,2500,1369135251,010 GENERAL OPERATING FD,14 HEALTH
2018,1,3,03 MATERIALS AND SUPPLIES,399,OTHER MATERIALS AND SUPPLIES (NOC)  0399,10,14,10000,1369145251,1369145251,1369145251,133888488,5536339,357635,10000,1369145251,010 GENERAL OPERATING FD,14 HEALTH
2018,1,3,03 MATERIALS AND SUPPLIES,399,OTHER MATERIALS AND SUPPLIES (NOC)  0399,10,14,6740,1369151991,1369151991,1369151991,133895228,5543079,357635,16740,1369151991,010 GENERAL OPERATING FD,14 HEALTH
2018,1,3,03 MATERIALS AND SUPPLIES,399,OTHER MATERIALS AND SUPPLIES (NOC)  0399,10,14,11895,1369163886,1369163886,1369163886,133907123,5554974,357635,28635,1369163886,010 GENERAL OPERATING FD,14 HEALTH
2018,1,3,03 MATERIALS AND SUPPLIES,399,OTHER MATERIALS AND SUPPLIES (NOC)  0399,10,14,8000,1369171886,1369171886,1369171886,133915123,5562974,357635,36635,1369171886,010 GENERAL OPERATING FD,14 HEALTH
2018,1,3,03 MATERIALS AND SUPPLIES,399,OTHER MATERIALS AND SUPPLIES (NOC)  0399,10,14,1000,1369172886,1369172886,1369172886,133916123,5563974,357635,37635,1369172886,010 GENERAL OPERATING FD,14 HEALTH
2018,1,3,03 MATERIALS AND SUPPLIES,399,OTHER MATERIALS AND SUPPLIES (NOC)  0399,10,14,100000,1369272886,1369272886,1369272886,134016123,5663974,357635,137635,1369272886,010 GENERAL OPERATING FD,14 HEALTH
2018,1,3,03 MATERIALS AND SUPPLIES,399,OTHER MATERIALS AND SUPPLIES (NOC)  0399,10,14,220000,1369492886,1369492886,1369492886,134236123,5883974,357635,357635,1369492886,010 GENERAL OPERATING FD,14 HEALTH
2018,1,4,04 EQUIPMENT,417,HOSPITAL AND LABORATORY             0417,10,14,110000,1369602886,1369602886,1369602886,134346123,110000,154423,110000,1369602886,010 GENERAL OPERATING FD,14 HEALTH
2018,1,4,04 EQUIPMENT,417,HOSPITAL AND LABORATORY             0417,10,14,1500,1369604386,1369604386,1369604386,134347623,111500,154423,111500,1369604386,010 GENERAL OPERATING FD,14 HEALTH
2018,1,4,04 EQUIPMENT,417,HOSPITAL AND LABORATORY             0417,10,14,9000,1369613386,1369613386,1369613386,134356623,120500,154423,120500,1369613386,010 GENERAL OPERATING FD,14 HEALTH
2018,1,4,04 EQUIPMENT,417,HOSPITAL AND LABORATORY             0417,10,14,33923,1369647309,1369647309,1369647309,134390546,154423,154423,154423,1369647309,010 GENERAL OPERATING FD,14 HEALTH
2018,1,4,04 EQUIPMENT,420,OFFICE EQUIPMENT                    0420,10,14,9289,1369656598,1369656598,1369656598,134399835,163712,48544,9289,1369656598,010 GENERAL OPERATING FD,14 HEALTH
2018,1,4,04 EQUIPMENT,420,OFFICE EQUIPMENT                    0420,10,14,5000,1369661598,1369661598,1369661598,134404835,168712,48544,14289,1369661598,010 GENERAL OPERATING FD,14 HEALTH
2018,1,4,04 EQUIPMENT,420,OFFICE EQUIPMENT                    0420,10,14,8100,1369669698,1369669698,1369669698,134412935,176812,48544,22389,1369669698,010 GENERAL OPERATING FD,14 HEALTH
2018,1,4,04 EQUIPMENT,420,OFFICE EQUIPMENT                    0420,10,14,21155,1369690853,1369690853,1369690853,134434090,197967,48544,43544,1369690853,010 GENERAL OPERATING FD,14 HEALTH
2018,1,4,04 EQUIPMENT,420,OFFICE EQUIPMENT                    0420,10,14,3000,1369693853,1369693853,1369693853,134437090,200967,48544,46544,1369693853,010 GENERAL OPERATING FD,14 HEALTH
2018,1,4,04 EQUIPMENT,420,OFFICE EQUIPMENT                    0420,10,14,2000,1369695853,1369695853,1369695853,134439090,202967,48544,48544,1369695853,010 GENERAL OPERATING FD,14 HEALTH
2018,1,4,04 EQUIPMENT,427,COMPUTER EQUIPMENT & PERIPHERALS    0427,10,14,800,1369696653,1369696653,1369696653,134439890,203767,62282,800,1369696653,010 GENERAL OPERATING FD,14 HEALTH
2018,1,4,04 EQUIPMENT,427,COMPUTER EQUIPMENT & PERIPHERALS    0427,10,14,24000,1369720653,1369720653,1369720653,134463890,227767,62282,24800,1369720653,010 GENERAL OPERATING FD,14 HEALTH
2018,1,4,04 EQUIPMENT,427,COMPUTER EQUIPMENT & PERIPHERALS    0427,10,14,1500,1369722153,1369722153,1369722153,134465390,229267,62282,26300,1369722153,010 GENERAL OPERATING FD,14 HEALTH
2018,1,4,04 EQUIPMENT,427,COMPUTER EQUIPMENT & PERIPHERALS    0427,10,14,8100,1369730253,1369730253,1369730253,134473490,237367,62282,34400,1369730253,010 GENERAL OPERATING FD,14 HEALTH
2018,1,4,04 EQUIPMENT,427,COMPUTER EQUIPMENT & PERIPHERALS    0427,10,14,8000,1369738253,1369738253,1369738253,134481490,245367,62282,42400,1369738253,010 GENERAL OPERATING FD,14 HEALTH
2018,1,4,04 EQUIPMENT,427,COMPUTER EQUIPMENT & PERIPHERALS    0427,10,14,450,1369738703,1369738703,1369738703,134481940,245817,62282,42850,1369738703,010 GENERAL OPERATING FD,14 HEALTH
2018,1,4,04 EQUIPMENT,427,COMPUTER EQUIPMENT & PERIPHERALS    0427,10,14,12697,1369751400,1369751400,1369751400,134494637,258514,62282,55547,1369751400,010 GENERAL OPERATING FD,14 HEALTH
2018,1,4,04 EQUIPMENT,427,COMPUTER EQUIPMENT & PERIPHERALS    0427,10,14,6735,1369758135,1369758135,1369758135,134501372,265249,62282,62282,1369758135,010 GENERAL OPERATING FD,14 HEALTH
2018,1,4,04 EQUIPMENT,428,VEHICLES -- MOTOR AND MOTORLESS     0428,10,14,80000,1369838135,1369838135,1369838135,134581372,345249,80000,80000,1369838135,010 GENERAL OPERATING FD,14 HEALTH
2018,1,4,04 EQUIPMENT,430,FURNITURE AND FURNISHINGS           0430,10,14,1175955,1371014090,1371014090,1371014090,135757327,1521204,1213283,1175955,1371014090,010 GENERAL OPERATING FD,14 HEALTH
2018,1,4,04 EQUIPMENT,430,FURNITURE AND FURNISHINGS           0430,10,14,985,1371015075,1371015075,1371015075,135758312,1522189,1213283,1176940,1371015075,010 GENERAL OPERATING FD,14 HEALTH
2018,1,4,04 EQUIPMENT,430,FURNITURE AND FURNISHINGS           0430,10,14,2500,1371017575,1371017575,1371017575,135760812,1524689,1213283,1179440,1371017575,010 GENERAL OPERATING FD,14 HEALTH
2018,1,4,04 EQUIPMENT,430,FURNITURE AND FURNISHINGS           0430,10,14,2500,1371020075,1371020075,1371020075,135763312,1527189,1213283,1181940,1371020075,010 GENERAL OPERATING FD,14 HEALTH
2018,1,4,04 EQUIPMENT,430,FURNITURE AND FURNISHINGS           0430,10,14,2531,1371022606,1371022606,1371022606,135765843,1529720,1213283,1184471,1371022606,010 GENERAL OPERATING FD,14 HEALTH
2018,1,4,04 EQUIPMENT,430,FURNITURE AND FURNISHINGS           0430,10,14,10000,1371032606,1371032606,1371032606,135775843,1539720,1213283,1194471,1371032606,010 GENERAL OPERATING FD,14 HEALTH
2018,1,4,04 EQUIPMENT,430,FURNITURE AND FURNISHINGS           0430,10,14,3000,1371035606,1371035606,1371035606,135778843,1542720,1213283,1197471,1371035606,010 GENERAL OPERATING FD,14 HEALTH
2018,1,4,04 EQUIPMENT,430,FURNITURE AND FURNISHINGS           0430,10,14,5000,1371040606,1371040606,1371040606,135783843,1547720,1213283,1202471,1371040606,010 GENERAL OPERATING FD,14 HEALTH
2018,1,4,04 EQUIPMENT,430,FURNITURE AND FURNISHINGS           0430,10,14,4370,1371044976,1371044976,1371044976,135788213,1552090,1213283,1206841,1371044976,010 GENERAL OPERATING FD,14 HEALTH
2018,1,4,04 EQUIPMENT,430,FURNITURE AND FURNISHINGS           0430,10,14,6442,1371051418,1371051418,1371051418,135794655,1558532,1213283,1213283,1371051418,010 GENERAL OPERATING FD,14 HEALTH
2018,1,4,04 EQUIPMENT,499,OTHER EQUIPMENT (NOC)               0499,10,14,10000,1371061418,1371061418,1371061418,135804655,1568532,67412,10000,1371061418,010 GENERAL OPERATING FD,14 HEALTH
2018,1,4,04 EQUIPMENT,499,OTHER EQUIPMENT (NOC)               0499,10,14,20000,1371081418,1371081418,1371081418,135824655,1588532,67412,30000,1371081418,010 GENERAL OPERATING FD,14 HEALTH
2018,1,4,04 EQUIPMENT,499,OTHER EQUIPMENT (NOC)               0499,10,14,5000,1371086418,1371086418,1371086418,135829655,1593532,67412,35000,1371086418,010 GENERAL OPERATING FD,14 HEALTH
2018,1,4,04 EQUIPMENT,499,OTHER EQUIPMENT (NOC)               0499,10,14,24000,1371110418,1371110418,1371110418,135853655,1617532,67412,59000,1371110418,010 GENERAL OPERATING FD,14 HEALTH
2018,1,4,04 EQUIPMENT,499,OTHER EQUIPMENT (NOC)               0499,10,14,932,1371111350,1371111350,1371111350,135854587,1618464,67412,59932,1371111350,010 GENERAL OPERATING FD,14 HEALTH
2018,1,4,04 EQUIPMENT,499,OTHER EQUIPMENT (NOC)               0499,10,14,7480,1371118830,1371118830,1371118830,135862067,1625944,67412,67412,1371118830,010 GENERAL OPERATING FD,14 HEALTH
2018,1,8,08 PAYMENTS TO OTHER FUNDS,804,PAYMENTS TO CAPITAL PROJECTS FUND   0804,10,14,500000,1371618830,1371618830,1371618830,136362067,500000,500000,500000,1371618830,010 GENERAL OPERATING FD,14 HEALTH
2018,1,1,01 PERSONAL SERVICES,100,SALARY CONTROL                      0100,10,15,17925,1371636755,1371636755,1371636755,17925,17925,17925,17925,1371636755,010 GENERAL OPERATING FD,15 OFFICE OF BH/MR SERVICES
2018,1,1,01 PERSONAL SERVICES,101,PERM FULL TIME-CIVILIAN             0101,10,15,76576,1371713331,1371713331,1371713331,94501,94501,1069127,76576,1371713331,010 GENERAL OPERATING FD,15 OFFICE OF BH/MR SERVICES
2018,1,1,01 PERSONAL SERVICES,101,PERM FULL TIME-CIVILIAN             0101,10,15,319361,1372032692,1372032692,1372032692,413862,413862,1069127,395937,1372032692,010 GENERAL OPERATING FD,15 OFFICE OF BH/MR SERVICES
2018,1,1,01 PERSONAL SERVICES,101,PERM FULL TIME-CIVILIAN             0101,10,15,623817,1372656509,1372656509,1372656509,1037679,1037679,1069127,1019754,1372656509,010 GENERAL OPERATING FD,15 OFFICE OF BH/MR SERVICES
2018,1,1,01 PERSONAL SERVICES,101,PERM FULL TIME-CIVILIAN             0101,10,15,49373,1372705882,1372705882,1372705882,1087052,1087052,1069127,1069127,1372705882,010 GENERAL OPERATING FD,15 OFFICE OF BH/MR SERVICES
2018,1,1,01 PERSONAL SERVICES,161,OVERTIME-CIVILIAN                   0161,10,15,6000,1372711882,1372711882,1372711882,1093052,1093052,6000,6000,1372711882,010 GENERAL OPERATING FD,15 OFFICE OF BH/MR SERVICES
2018,1,1,01 PERSONAL SERVICES,181,SHIFT                               0181,10,15,12,1372711894,1372711894,1372711894,1093064,1093064,12,12,1372711894,010 GENERAL OPERATING FD,15 OFFICE OF BH/MR SERVICES
2018,1,2,02 PURCHASE OF SERVICES,250,PROFESSIONAL CONSULT/SPEC SERVICES  0250,10,15,295000,1373006894,1373006894,1373006894,1388064,295000,936699,295000,1373006894,010 GENERAL OPERATING FD,15 OFFICE OF BH/MR SERVICES
2018,1,2,02 PURCHASE OF SERVICES,250,PROFESSIONAL CONSULT/SPEC SERVICES  0250,10,15,641699,1373648593,1373648593,1373648593,2029763,936699,936699,936699,1373648593,010 GENERAL OPERATING FD,15 OFFICE OF BH/MR SERVICES
2018,1,2,02 PURCHASE OF SERVICES,254,MENTAL HEALTH & RETARDATION SERVICE 0254,10,15,6248303,1379896896,1379896896,1379896896,8278066,7185002,12188811,6248303,1379896896,010 GENERAL OPERATING FD,15 OFFICE OF BH/MR SERVICES
2018,1,2,02 PURCHASE OF SERVICES,254,MENTAL HEALTH & RETARDATION SERVICE 0254,10,15,5940508,1385837404,1385837404,1385837404,14218574,13125510,12188811,12188811,1385837404,010 GENERAL OPERATING FD,15 OFFICE OF BH/MR SERVICES
2018,1,1,01 PERSONAL SERVICES,100,SALARY CONTROL                      0100,10,16,40000,1385877404,1385877404,1385877404,40000,40000,120000,40000,1385877404,010 GENERAL OPERATING FD,16 RECREATION
2018,1,1,01 PERSONAL SERVICES,100,SALARY CONTROL                      0100,10,16,50000,1385927404,1385927404,1385927404,90000,90000,120000,90000,1385927404,010 GENERAL OPERATING FD,16 RECREATION
2018,1,1,01 PERSONAL SERVICES,100,SALARY CONTROL                      0100,10,16,30000,1385957404,1385957404,1385957404,120000,120000,120000,120000,1385957404,010 GENERAL OPERATING FD,16 RECREATION
2018,1,1,01 PERSONAL SERVICES,101,PERM FULL TIME-CIVILIAN             0101,10,16,2551565,1388508969,1388508969,1388508969,2671565,2671565,35453156,2551565,1388508969,010 GENERAL OPERATING FD,16 RECREATION
2018,1,1,01 PERSONAL SERVICES,101,PERM FULL TIME-CIVILIAN             0101,10,16,1964134,1390473103,1390473103,1390473103,4635699,4635699,35453156,4515699,1390473103,010 GENERAL OPERATING FD,16 RECREATION
2018,1,1,01 PERSONAL SERVICES,101,PERM FULL TIME-CIVILIAN             0101,10,16,17861976,1408335079,1408335079,1408335079,22497675,22497675,35453156,22377675,1408335079,010 GENERAL OPERATING FD,16 RECREATION
2018,1,1,01 PERSONAL SERVICES,101,PERM FULL TIME-CIVILIAN             0101,10,16,12787271,1421122350,1421122350,1421122350,35284946,35284946,35453156,35164946,1421122350,010 GENERAL OPERATING FD,16 RECREATION
2018,1,1,01 PERSONAL SERVICES,101,PERM FULL TIME-CIVILIAN             0101,10,16,101210,1421223560,1421223560,1421223560,35386156,35386156,35453156,35266156,1421223560,010 GENERAL OPERATING FD,16 RECREATION
2018,1,1,01 PERSONAL SERVICES,101,PERM FULL TIME-CIVILIAN             0101,10,16,187000,1421410560,1421410560,1421410560,35573156,35573156,35453156,35453156,1421410560,010 GENERAL OPERATING FD,16 RECREATION
2018,1,1,01 PERSONAL SERVICES,109,PLUS/MINUS GROSS ADJ                0109,10,16,9200,1421419760,1421419760,1421419760,35582356,35582356,64560,9200,1421419760,010 GENERAL OPERATING FD,16 RECREATION
2018,1,1,01 PERSONAL SERVICES,109,PLUS/MINUS GROSS ADJ                0109,10,16,15000,1421434760,1421434760,1421434760,35597356,35597356,64560,24200,1421434760,010 GENERAL OPERATING FD,16 RECREATION
2018,1,1,01 PERSONAL SERVICES,109,PLUS/MINUS GROSS ADJ                0109,10,16,20000,1421454760,1421454760,1421454760,35617356,35617356,64560,44200,1421454760,010 GENERAL OPERATING FD,16 RECREATION
2018,1,1,01 PERSONAL SERVICES,109,PLUS/MINUS GROSS ADJ                0109,10,16,20360,1421475120,1421475120,1421475120,35637716,35637716,64560,64560,1421475120,010 GENERAL OPERATING FD,16 RECREATION
2018,1,1,01 PERSONAL SERVICES,111,PERM PART TIME                      0111,10,16,1850000,1423325120,1423325120,1423325120,37487716,37487716,1850000,1850000,1423325120,010 GENERAL OPERATING FD,16 RECREATION
2018,1,1,01 PERSONAL SERVICES,121,TEMPORARY/SEASONAL                  0121,10,16,200000,1423525120,1423525120,1423525120,37687716,37687716,6418670,200000,1423525120,010 GENERAL OPERATING FD,16 RECREATION
2018,1,1,01 PERSONAL SERVICES,121,TEMPORARY/SEASONAL                  0121,10,16,270000,1423795120,1423795120,1423795120,37957716,37957716,6418670,470000,1423795120,010 GENERAL OPERATING FD,16 RECREATION
2018,1,1,01 PERSONAL SERVICES,121,TEMPORARY/SEASONAL                  0121,10,16,4448670,1428243790,1428243790,1428243790,42406386,42406386,6418670,4918670,1428243790,010 GENERAL OPERATING FD,16 RECREATION
2018,1,1,01 PERSONAL SERVICES,121,TEMPORARY/SEASONAL                  0121,10,16,1500000,1429743790,1429743790,1429743790,43906386,43906386,6418670,6418670,1429743790,010 GENERAL OPERATING FD,16 RECREATION
2018,1,1,01 PERSONAL SERVICES,161,OVERTIME-CIVILIAN                   0161,10,16,100000,1429843790,1429843790,1429843790,44006386,44006386,2850000,100000,1429843790,010 GENERAL OPERATING FD,16 RECREATION
2018,1,1,01 PERSONAL SERVICES,161,OVERTIME-CIVILIAN                   0161,10,16,200000,1430043790,1430043790,1430043790,44206386,44206386,2850000,300000,1430043790,010 GENERAL OPERATING FD,16 RECREATION
2018,1,1,01 PERSONAL SERVICES,161,OVERTIME-CIVILIAN                   0161,10,16,300000,1430343790,1430343790,1430343790,44506386,44506386,2850000,600000,1430343790,010 GENERAL OPERATING FD,16 RECREATION
2018,1,1,01 PERSONAL SERVICES,161,OVERTIME-CIVILIAN                   0161,10,16,2250000,1432593790,1432593790,1432593790,46756386,46756386,2850000,2850000,1432593790,010 GENERAL OPERATING FD,16 RECREATION
2018,1,1,01 PERSONAL SERVICES,165,OVERTIME/SHIFT-UNIFORM              0165,10,16,25000,1432618790,1432618790,1432618790,46781386,46781386,25000,25000,1432618790,010 GENERAL OPERATING FD,16 RECREATION
2018,1,1,01 PERSONAL SERVICES,171,"HOLIDAY ""G""(2/3 SHIFTS)             0171",10,16,1500,1432620290,1432620290,1432620290,46782886,46782886,79000,1500,1432620290,010 GENERAL OPERATING FD,16 RECREATION
2018,1,1,01 PERSONAL SERVICES,171,"HOLIDAY ""G""(2/3 SHIFTS)             0171",10,16,70000,1432690290,1432690290,1432690290,46852886,46852886,79000,71500,1432690290,010 GENERAL OPERATING FD,16 RECREATION
2018,1,1,01 PERSONAL SERVICES,171,"HOLIDAY ""G""(2/3 SHIFTS)             0171",10,16,6000,1432696290,1432696290,1432696290,46858886,46858886,79000,77500,1432696290,010 GENERAL OPERATING FD,16 RECREATION
2018,1,1,01 PERSONAL SERVICES,171,"HOLIDAY ""G""(2/3 SHIFTS)             0171",10,16,1500,1432697790,1432697790,1432697790,46860386,46860386,79000,79000,1432697790,010 GENERAL OPERATING FD,16 RECREATION
2018,1,1,01 PERSONAL SERVICES,181,SHIFT                               0181,10,16,2500,1432700290,1432700290,1432700290,46862886,46862886,88035,2500,1432700290,010 GENERAL OPERATING FD,16 RECREATION
2018,1,1,01 PERSONAL SERVICES,181,SHIFT                               0181,10,16,49535,1432749825,1432749825,1432749825,46912421,46912421,88035,52035,1432749825,010 GENERAL OPERATING FD,16 RECREATION
2018,1,1,01 PERSONAL SERVICES,181,SHIFT                               0181,10,16,35000,1432784825,1432784825,1432784825,46947421,46947421,88035,87035,1432784825,010 GENERAL OPERATING FD,16 RECREATION
2018,1,1,01 PERSONAL SERVICES,181,SHIFT                               0181,10,16,1000,1432785825,1432785825,1432785825,46948421,46948421,88035,88035,1432785825,010 GENERAL OPERATING FD,16 RECREATION
2018,1,2,02 PURCHASE OF SERVICES,201,CLEANING AND LAUNDERING             0201,10,16,45390,1432831215,1432831215,1432831215,46993811,45390,45390,45390,1432831215,010 GENERAL OPERATING FD,16 RECREATION
2018,1,2,02 PURCHASE OF SERVICES,202,JANITORIAL SERVICES                 0202,10,16,39900,1432871115,1432871115,1432871115,47033711,85290,39900,39900,1432871115,010 GENERAL OPERATING FD,16 RECREATION
2018,1,2,02 PURCHASE OF SERVICES,205,REFUSE/GARBAGE/SILT/SLUDGE REMOVAL  0205,10,16,15000,1432886115,1432886115,1432886115,47048711,100290,15000,15000,1432886115,010 GENERAL OPERATING FD,16 RECREATION
2018,1,2,02 PURCHASE OF SERVICES,209,TELEPHONE                           0209,10,16,624,1432886739,1432886739,1432886739,47049335,100914,2606,624,1432886739,010 GENERAL OPERATING FD,16 RECREATION
2018,1,2,02 PURCHASE OF SERVICES,209,TELEPHONE                           0209,10,16,1982,1432888721,1432888721,1432888721,47051317,102896,2606,2606,1432888721,010 GENERAL OPERATING FD,16 RECREATION
2018,1,2,02 PURCHASE OF SERVICES,215,LICENSES PERMITS INSPECTION CHARGES 0215,10,16,1543,1432890264,1432890264,1432890264,47052860,104439,2194,1543,1432890264,010 GENERAL OPERATING FD,16 RECREATION
2018,1,2,02 PURCHASE OF SERVICES,215,LICENSES PERMITS INSPECTION CHARGES 0215,10,16,651,1432890915,1432890915,1432890915,47053511,105090,2194,2194,1432890915,010 GENERAL OPERATING FD,16 RECREATION
2018,1,2,02 PURCHASE OF SERVICES,230,MEALS-NON-TRAVEL & OFFICL ENTERTAIN 0230,10,16,4736,1432895651,1432895651,1432895651,47058247,109826,4736,4736,1432895651,010 GENERAL OPERATING FD,16 RECREATION
2018,1,2,02 PURCHASE OF SERVICES,250,PROFESSIONAL CONSULT/SPEC SERVICES  0250,10,16,15000,1432910651,1432910651,1432910651,47073247,124826,7348800,15000,1432910651,010 GENERAL OPERATING FD,16 RECREATION
2018,1,2,02 PURCHASE OF SERVICES,250,PROFESSIONAL CONSULT/SPEC SERVICES  0250,10,16,106965,1433017616,1433017616,1433017616,47180212,231791,7348800,121965,1433017616,010 GENERAL OPERATING FD,16 RECREATION
2018,1,2,02 PURCHASE OF SERVICES,250,PROFESSIONAL CONSULT/SPEC SERVICES  0250,10,16,3555002,1436572618,1436572618,1436572618,50735214,3786793,7348800,3676967,1436572618,010 GENERAL OPERATING FD,16 RECREATION
2018,1,2,02 PURCHASE OF SERVICES,250,PROFESSIONAL CONSULT/SPEC SERVICES  0250,10,16,1525477,1438098095,1438098095,1438098095,52260691,5312270,7348800,5202444,1438098095,010 GENERAL OPERATING FD,16 RECREATION
2018,1,2,02 PURCHASE OF SERVICES,250,PROFESSIONAL CONSULT/SPEC SERVICES  0250,10,16,2146356,1440244451,1440244451,1440244451,54407047,7458626,7348800,7348800,1440244451,010 GENERAL OPERATING FD,16 RECREATION
2018,1,2,02 PURCHASE OF SERVICES,253,LEGAL SERVICES                      0253,10,16,48398,1440292849,1440292849,1440292849,54455445,7507024,48398,48398,1440292849,010 GENERAL OPERATING FD,16 RECREATION
2018,1,2,02 PURCHASE OF SERVICES,255,DUES                                0255,10,16,15170,1440308019,1440308019,1440308019,54470615,7522194,16540,15170,1440308019,010 GENERAL OPERATING FD,16 RECREATION
2018,1,2,02 PURCHASE OF SERVICES,255,DUES                                0255,10,16,1370,1440309389,1440309389,1440309389,54471985,7523564,16540,16540,1440309389,010 GENERAL OPERATING FD,16 RECREATION
2018,1,2,02 PURCHASE OF SERVICES,256,SEMINAR AND TRAINING SESSIONS       0256,10,16,2027,1440311416,1440311416,1440311416,54474012,7525591,10800,2027,1440311416,010 GENERAL OPERATING FD,16 RECREATION
2018,1,2,02 PURCHASE OF SERVICES,256,SEMINAR AND TRAINING SESSIONS       0256,10,16,2820,1440314236,1440314236,1440314236,54476832,7528411,10800,4847,1440314236,010 GENERAL OPERATING FD,16 RECREATION
2018,1,2,02 PURCHASE OF SERVICES,256,SEMINAR AND TRAINING SESSIONS       0256,10,16,5203,1440319439,1440319439,1440319439,54482035,7533614,10800,10050,1440319439,010 GENERAL OPERATING FD,16 RECREATION
2018,1,2,02 PURCHASE OF SERVICES,256,SEMINAR AND TRAINING SESSIONS       0256,10,16,750,1440320189,1440320189,1440320189,54482785,7534364,10800,10800,1440320189,010 GENERAL OPERATING FD,16 RECREATION
2018,1,2,02 PURCHASE OF SERVICES,257,ARCHITECTURAL & ENGINEERING SRVCS   0257,10,16,3390,1440323579,1440323579,1440323579,54486175,7537754,3390,3390,1440323579,010 GENERAL OPERATING FD,16 RECREATION
2018,1,2,02 PURCHASE OF SERVICES,260,REPAIR AND MAINTENANCE CHARGES      0260,10,16,3000,1440326579,1440326579,1440326579,54489175,7540754,1090421,3000,1440326579,010 GENERAL OPERATING FD,16 RECREATION
2018,1,2,02 PURCHASE OF SERVICES,260,REPAIR AND MAINTENANCE CHARGES      0260,10,16,974249,1441300828,1441300828,1441300828,55463424,8515003,1090421,977249,1441300828,010 GENERAL OPERATING FD,16 RECREATION
2018,1,2,02 PURCHASE OF SERVICES,260,REPAIR AND MAINTENANCE CHARGES      0260,10,16,88986,1441389814,1441389814,1441389814,55552410,8603989,1090421,1066235,1441389814,010 GENERAL OPERATING FD,16 RECREATION
2018,1,2,02 PURCHASE OF SERVICES,260,REPAIR AND MAINTENANCE CHARGES      0260,10,16,24186,1441414000,1441414000,1441414000,55576596,8628175,1090421,1090421,1441414000,010 GENERAL OPERATING FD,16 RECREATION
2018,1,2,02 PURCHASE OF SERVICES,280,INSURANCE AND OFFICIAL BONDS        0280,10,16,6000,1441420000,1441420000,1441420000,55582596,8634175,13836,6000,1441420000,010 GENERAL OPERATING FD,16 RECREATION
2018,1,2,02 PURCHASE OF SERVICES,280,INSURANCE AND OFFICIAL BONDS        0280,10,16,7836,1441427836,1441427836,1441427836,55590432,8642011,13836,13836,1441427836,010 GENERAL OPERATING FD,16 RECREATION
2018,1,2,02 PURCHASE OF SERVICES,285,RENTS                               0285,10,16,14854,1441442690,1441442690,1441442690,55605286,8656865,759479,14854,1441442690,010 GENERAL OPERATING FD,16 RECREATION
2018,1,2,02 PURCHASE OF SERVICES,285,RENTS                               0285,10,16,45000,1441487690,1441487690,1441487690,55650286,8701865,759479,59854,1441487690,010 GENERAL OPERATING FD,16 RECREATION
2018,1,2,02 PURCHASE OF SERVICES,285,RENTS                               0285,10,16,86625,1441574315,1441574315,1441574315,55736911,8788490,759479,146479,1441574315,010 GENERAL OPERATING FD,16 RECREATION
2018,1,2,02 PURCHASE OF SERVICES,285,RENTS                               0285,10,16,613000,1442187315,1442187315,1442187315,56349911,9401490,759479,759479,1442187315,010 GENERAL OPERATING FD,16 RECREATION
2018,1,3,03 MATERIALS AND SUPPLIES,301,AGRICULTURAL AND BOTANICAL          0301,10,16,3810,1442191125,1442191125,1442191125,56353721,3810,33311,3810,1442191125,010 GENERAL OPERATING FD,16 RECREATION
2018,1,3,03 MATERIALS AND SUPPLIES,301,AGRICULTURAL AND BOTANICAL          0301,10,16,29501,1442220626,1442220626,1442220626,56383222,33311,33311,33311,1442220626,010 GENERAL OPERATING FD,16 RECREATION
2018,1,3,03 MATERIALS AND SUPPLIES,304,BOOKS AND OTHER PUBLICATIONS        0304,10,16,769,1442221395,1442221395,1442221395,56383991,34080,769,769,1442221395,010 GENERAL OPERATING FD,16 RECREATION
2018,1,3,03 MATERIALS AND SUPPLIES,305,BUILDING AND CONSTRUCTION           0305,10,16,48737,1442270132,1442270132,1442270132,56432728,82817,257018,48737,1442270132,010 GENERAL OPERATING FD,16 RECREATION
2018,1,3,03 MATERIALS AND SUPPLIES,305,BUILDING AND CONSTRUCTION           0305,10,16,3524,1442273656,1442273656,1442273656,56436252,86341,257018,52261,1442273656,010 GENERAL OPERATING FD,16 RECREATION
2018,1,3,03 MATERIALS AND SUPPLIES,305,BUILDING AND CONSTRUCTION           0305,10,16,179757,1442453413,1442453413,1442453413,56616009,266098,257018,232018,1442453413,010 GENERAL OPERATING FD,16 RECREATION
2018,1,3,03 MATERIALS AND SUPPLIES,305,BUILDING AND CONSTRUCTION           0305,10,16,25000,1442478413,1442478413,1442478413,56641009,291098,257018,257018,1442478413,010 GENERAL OPERATING FD,16 RECREATION
2018,1,3,03 MATERIALS AND SUPPLIES,307,CHEMICALS AND GASES                 0307,10,16,240000,1442718413,1442718413,1442718413,56881009,531098,313174,240000,1442718413,010 GENERAL OPERATING FD,16 RECREATION
2018,1,3,03 MATERIALS AND SUPPLIES,307,CHEMICALS AND GASES                 0307,10,16,73174,1442791587,1442791587,1442791587,56954183,604272,313174,313174,1442791587,010 GENERAL OPERATING FD,16 RECREATION
2018,1,3,03 MATERIALS AND SUPPLIES,308,DRY GOODS/NOTIONS/WEARING APPAREL   0308,10,16,49422,1442841009,1442841009,1442841009,57003605,653694,123356,49422,1442841009,010 GENERAL OPERATING FD,16 RECREATION
2018,1,3,03 MATERIALS AND SUPPLIES,308,DRY GOODS/NOTIONS/WEARING APPAREL   0308,10,16,5000,1442846009,1442846009,1442846009,57008605,658694,123356,54422,1442846009,010 GENERAL OPERATING FD,16 RECREATION
2018,1,3,03 MATERIALS AND SUPPLIES,308,DRY GOODS/NOTIONS/WEARING APPAREL   0308,10,16,52904,1442898913,1442898913,1442898913,57061509,711598,123356,107326,1442898913,010 GENERAL OPERATING FD,16 RECREATION
2018,1,3,03 MATERIALS AND SUPPLIES,308,DRY GOODS/NOTIONS/WEARING APPAREL   0308,10,16,16030,1442914943,1442914943,1442914943,57077539,727628,123356,123356,1442914943,010 GENERAL OPERATING FD,16 RECREATION
2018,1,3,03 MATERIALS AND SUPPLIES,310,ELECTRICAL AND COMMUNICATION        0310,10,16,201142,1443116085,1443116085,1443116085,57278681,928770,201142,201142,1443116085,010 GENERAL OPERATING FD,16 RECREATION
2018,1,3,03 MATERIALS AND SUPPLIES,312,FIRE FIGHTING AND SAFETY            0312,10,16,4238,1443120323,1443120323,1443120323,57282919,933008,4238,4238,1443120323,010 GENERAL OPERATING FD,16 RECREATION
2018,1,3,03 MATERIALS AND SUPPLIES,313,FOOD                                0313,10,16,8219,1443128542,1443128542,1443128542,57291138,941227,9571,8219,1443128542,010 GENERAL OPERATING FD,16 RECREATION
2018,1,3,03 MATERIALS AND SUPPLIES,313,FOOD                                0313,10,16,1352,1443129894,1443129894,1443129894,57292490,942579,9571,9571,1443129894,010 GENERAL OPERATING FD,16 RECREATION
2018,1,3,03 MATERIALS AND SUPPLIES,314,FUEL -- HEATING AND LIGHTING        0314,10,16,228294,1443358188,1443358188,1443358188,57520784,1170873,228294,228294,1443358188,010 GENERAL OPERATING FD,16 RECREATION
2018,1,3,03 MATERIALS AND SUPPLIES,316,GENERAL HARDWARE AND MINOR TOOLS    0316,10,16,121850,1443480038,1443480038,1443480038,57642634,1292723,123376,121850,1443480038,010 GENERAL OPERATING FD,16 RECREATION
2018,1,3,03 MATERIALS AND SUPPLIES,316,GENERAL HARDWARE AND MINOR TOOLS    0316,10,16,1526,1443481564,1443481564,1443481564,57644160,1294249,123376,123376,1443481564,010 GENERAL OPERATING FD,16 RECREATION
2018,1,3,03 MATERIALS AND SUPPLIES,317,HOSPITAL AND LABORATORY             0317,10,16,9738,1443491302,1443491302,1443491302,57653898,1303987,9738,9738,1443491302,010 GENERAL OPERATING FD,16 RECREATION
2018,1,3,03 MATERIALS AND SUPPLIES,318,"JANITORIAL, LAUNDRY AND HOUSEHOLD   0318",10,16,8500,1443499802,1443499802,1443499802,57662398,1312487,278757,8500,1443499802,010 GENERAL OPERATING FD,16 RECREATION
2018,1,3,03 MATERIALS AND SUPPLIES,318,"JANITORIAL, LAUNDRY AND HOUSEHOLD   0318",10,16,270257,1443770059,1443770059,1443770059,57932655,1582744,278757,278757,1443770059,010 GENERAL OPERATING FD,16 RECREATION
2018,1,3,03 MATERIALS AND SUPPLIES,320,OFFICE MATERIALS AND SUPPLIES       0320,10,16,3696,1443773755,1443773755,1443773755,57936351,1586440,36849,3696,1443773755,010 GENERAL OPERATING FD,16 RECREATION
2018,1,3,03 MATERIALS AND SUPPLIES,320,OFFICE MATERIALS AND SUPPLIES       0320,10,16,12653,1443786408,1443786408,1443786408,57949004,1599093,36849,16349,1443786408,010 GENERAL OPERATING FD,16 RECREATION
2018,1,3,03 MATERIALS AND SUPPLIES,320,OFFICE MATERIALS AND SUPPLIES       0320,10,16,13500,1443799908,1443799908,1443799908,57962504,1612593,36849,29849,1443799908,010 GENERAL OPERATING FD,16 RECREATION
2018,1,3,03 MATERIALS AND SUPPLIES,320,OFFICE MATERIALS AND SUPPLIES       0320,10,16,7000,1443806908,1443806908,1443806908,57969504,1619593,36849,36849,1443806908,010 GENERAL OPERATING FD,16 RECREATION
2018,1,3,03 MATERIALS AND SUPPLIES,322,SMALL POWER TOOLS AND HAND TOOLS    0322,10,16,10290,1443817198,1443817198,1443817198,57979794,1629883,44834,10290,1443817198,010 GENERAL OPERATING FD,16 RECREATION
2018,1,3,03 MATERIALS AND SUPPLIES,322,SMALL POWER TOOLS AND HAND TOOLS    0322,10,16,34544,1443851742,1443851742,1443851742,58014338,1664427,44834,44834,1443851742,010 GENERAL OPERATING FD,16 RECREATION
2018,1,3,03 MATERIALS AND SUPPLIES,323,PLUMBING/AIR CONDITIONING/SPACE HTG 0323,10,16,308933,1444160675,1444160675,1444160675,58323271,1973360,343933,308933,1444160675,010 GENERAL OPERATING FD,16 RECREATION
2018,1,3,03 MATERIALS AND SUPPLIES,323,PLUMBING/AIR CONDITIONING/SPACE HTG 0323,10,16,35000,1444195675,1444195675,1444195675,58358271,2008360,343933,343933,1444195675,010 GENERAL OPERATING FD,16 RECREATION
2018,1,3,03 MATERIALS AND SUPPLIES,324,"PRECISION, PHOTOGRAPHIC AND ARTISTS 0324",10,16,6995,1444202670,1444202670,1444202670,58365266,2015355,33998,6995,1444202670,010 GENERAL OPERATING FD,16 RECREATION
2018,1,3,03 MATERIALS AND SUPPLIES,324,"PRECISION, PHOTOGRAPHIC AND ARTISTS 0324",10,16,1000,1444203670,1444203670,1444203670,58366266,2016355,33998,7995,1444203670,010 GENERAL OPERATING FD,16 RECREATION
2018,1,3,03 MATERIALS AND SUPPLIES,324,"PRECISION, PHOTOGRAPHIC AND ARTISTS 0324",10,16,12118,1444215788,1444215788,1444215788,58378384,2028473,33998,20113,1444215788,010 GENERAL OPERATING FD,16 RECREATION
2018,1,3,03 MATERIALS AND SUPPLIES,324,"PRECISION, PHOTOGRAPHIC AND ARTISTS 0324",10,16,13885,1444229673,1444229673,1444229673,58392269,2042358,33998,33998,1444229673,010 GENERAL OPERATING FD,16 RECREATION
2018,1,3,03 MATERIALS AND SUPPLIES,326,RECREATIONAL AND EDUCATIONAL        0326,10,16,9814,1444239487,1444239487,1444239487,58402083,2052172,193706,9814,1444239487,010 GENERAL OPERATING FD,16 RECREATION
2018,1,3,03 MATERIALS AND SUPPLIES,326,RECREATIONAL AND EDUCATIONAL        0326,10,16,26392,1444265879,1444265879,1444265879,58428475,2078564,193706,36206,1444265879,010 GENERAL OPERATING FD,16 RECREATION
2018,1,3,03 MATERIALS AND SUPPLIES,326,RECREATIONAL AND EDUCATIONAL        0326,10,16,157500,1444423379,1444423379,1444423379,58585975,2236064,193706,193706,1444423379,010 GENERAL OPERATING FD,16 RECREATION
2018,1,3,03 MATERIALS AND SUPPLIES,328,MOTOR VEHICLE PARTS AND ACCESSORIES 0328,10,16,6349,1444429728,1444429728,1444429728,58592324,2242413,6349,6349,1444429728,010 GENERAL OPERATING FD,16 RECREATION
2018,1,3,03 MATERIALS AND SUPPLIES,342,LIQUID PROPANE GAS (LPG)            0342,10,16,14753,1444444481,1444444481,1444444481,58607077,2257166,14753,14753,1444444481,010 GENERAL OPERATING FD,16 RECREATION
2018,1,3,03 MATERIALS AND SUPPLIES,399,OTHER MATERIALS AND SUPPLIES (NOC)  0399,10,16,22606,1444467087,1444467087,1444467087,58629683,2279772,46456,22606,1444467087,010 GENERAL OPERATING FD,16 RECREATION
2018,1,3,03 MATERIALS AND SUPPLIES,399,OTHER MATERIALS AND SUPPLIES (NOC)  0399,10,16,4275,1444471362,1444471362,1444471362,58633958,2284047,46456,26881,1444471362,010 GENERAL OPERATING FD,16 RECREATION
2018,1,3,03 MATERIALS AND SUPPLIES,399,OTHER MATERIALS AND SUPPLIES (NOC)  0399,10,16,19575,1444490937,1444490937,1444490937,58653533,2303622,46456,46456,1444490937,010 GENERAL OPERATING FD,16 RECREATION
2018,1,4,04 EQUIPMENT,411,GENERAL EQUIPMENT AND MACHINERY     0411,10,16,48072,1444539009,1444539009,1444539009,58701605,48072,98072,48072,1444539009,010 GENERAL OPERATING FD,16 RECREATION
2018,1,4,04 EQUIPMENT,411,GENERAL EQUIPMENT AND MACHINERY     0411,10,16,50000,1444589009,1444589009,1444589009,58751605,98072,98072,98072,1444589009,010 GENERAL OPERATING FD,16 RECREATION
2018,1,4,04 EQUIPMENT,420,OFFICE EQUIPMENT                    0420,10,16,468,1444589477,1444589477,1444589477,58752073,98540,10468,468,1444589477,010 GENERAL OPERATING FD,16 RECREATION
2018,1,4,04 EQUIPMENT,420,OFFICE EQUIPMENT                    0420,10,16,10000,1444599477,1444599477,1444599477,58762073,108540,10468,10468,1444599477,010 GENERAL OPERATING FD,16 RECREATION
2018,1,4,04 EQUIPMENT,423,PLUMBING/AIR CONDITIONING/SPACE HTG 0423,10,16,43015,1444642492,1444642492,1444642492,58805088,151555,43015,43015,1444642492,010 GENERAL OPERATING FD,16 RECREATION
2018,1,4,04 EQUIPMENT,426,RECREATIONAL AND EDUCATIONAL        0426,10,16,6689,1444649181,1444649181,1444649181,58811777,158244,48755,6689,1444649181,010 GENERAL OPERATING FD,16 RECREATION
2018,1,4,04 EQUIPMENT,426,RECREATIONAL AND EDUCATIONAL        0426,10,16,42066,1444691247,1444691247,1444691247,58853843,200310,48755,48755,1444691247,010 GENERAL OPERATING FD,16 RECREATION
2018,1,4,04 EQUIPMENT,427,COMPUTER EQUIPMENT & PERIPHERALS    0427,10,16,25433,1444716680,1444716680,1444716680,58879276,225743,79118,25433,1444716680,010 GENERAL OPERATING FD,16 RECREATION
2018,1,4,04 EQUIPMENT,427,COMPUTER EQUIPMENT & PERIPHERALS    0427,10,16,5000,1444721680,1444721680,1444721680,58884276,230743,79118,30433,1444721680,010 GENERAL OPERATING FD,16 RECREATION
2018,1,4,04 EQUIPMENT,427,COMPUTER EQUIPMENT & PERIPHERALS    0427,10,16,48685,1444770365,1444770365,1444770365,58932961,279428,79118,79118,1444770365,010 GENERAL OPERATING FD,16 RECREATION
2018,1,4,04 EQUIPMENT,428,VEHICLES -- MOTOR AND MOTORLESS     0428,10,16,50000,1444820365,1444820365,1444820365,58982961,329428,50000,50000,1444820365,010 GENERAL OPERATING FD,16 RECREATION
2018,1,4,04 EQUIPMENT,430,FURNITURE AND FURNISHINGS           0430,10,16,9075,1444829440,1444829440,1444829440,58992036,338503,83775,9075,1444829440,010 GENERAL OPERATING FD,16 RECREATION
2018,1,4,04 EQUIPMENT,430,FURNITURE AND FURNISHINGS           0430,10,16,8882,1444838322,1444838322,1444838322,59000918,347385,83775,17957,1444838322,010 GENERAL OPERATING FD,16 RECREATION
2018,1,4,04 EQUIPMENT,430,FURNITURE AND FURNISHINGS           0430,10,16,1000,1444839322,1444839322,1444839322,59001918,348385,83775,18957,1444839322,010 GENERAL OPERATING FD,16 RECREATION
2018,1,4,04 EQUIPMENT,430,FURNITURE AND FURNISHINGS           0430,10,16,61825,1444901147,1444901147,1444901147,59063743,410210,83775,80782,1444901147,010 GENERAL OPERATING FD,16 RECREATION
2018,1,4,04 EQUIPMENT,430,FURNITURE AND FURNISHINGS           0430,10,16,2993,1444904140,1444904140,1444904140,59066736,413203,83775,83775,1444904140,010 GENERAL OPERATING FD,16 RECREATION
2018,1,4,04 EQUIPMENT,499,OTHER EQUIPMENT (NOC)               0499,10,16,2000,1444906140,1444906140,1444906140,59068736,415203,18805,2000,1444906140,010 GENERAL OPERATING FD,16 RECREATION
2018,1,4,04 EQUIPMENT,499,OTHER EQUIPMENT (NOC)               0499,10,16,7671,1444913811,1444913811,1444913811,59076407,422874,18805,9671,1444913811,010 GENERAL OPERATING FD,16 RECREATION
2018,1,4,04 EQUIPMENT,499,OTHER EQUIPMENT (NOC)               0499,10,16,9134,1444922945,1444922945,1444922945,59085541,432008,18805,18805,1444922945,010 GENERAL OPERATING FD,16 RECREATION
2018,1,5,"05 CONTRIBUTIONS,INDEMNITIES,REFDS,TAXES",505,CONTRIBUTIONS-ED & NON-PROF REC ORG 0505,10,16,2647500,1447570445,1447570445,1447570445,61733041,2647500,2647500,2647500,1447570445,010 GENERAL OPERATING FD,16 RECREATION
2018,1,1,01 PERSONAL SERVICES,101,PERM FULL TIME-CIVILIAN             0101,10,18,247957,1447818402,1447818402,1447818402,247957,247957,247957,247957,1447818402,010 GENERAL OPERATING FD,18 ATWATER KENT MUSEUM
2018,1,1,01 PERSONAL SERVICES,109,PLUS/MINUS GROSS ADJ                0109,10,18,3940,1447822342,1447822342,1447822342,251897,251897,3940,3940,1447822342,010 GENERAL OPERATING FD,18 ATWATER KENT MUSEUM
2018,1,5,"05 CONTRIBUTIONS,INDEMNITIES,REFDS,TAXES",517,CONTRIBUTIONS-GOV & NON-PROF NOT ED 0517,10,18,50000,1447872342,1447872342,1447872342,301897,50000,50000,50000,1447872342,010 GENERAL OPERATING FD,18 ATWATER KENT MUSEUM
2018,1,1,01 PERSONAL SERVICES,100,SALARY CONTROL                      0100,10,20,6379,1447878721,1447878721,1447878721,6379,6379,21379,6379,1447878721,010 GENERAL OPERATING FD,20 PUBLIC PROPERTY
2018,1,1,01 PERSONAL SERVICES,100,SALARY CONTROL                      0100,10,20,15000,1447893721,1447893721,1447893721,21379,21379,21379,21379,1447893721,010 GENERAL OPERATING FD,20 PUBLIC PROPERTY
2018,1,1,01 PERSONAL SERVICES,101,PERM FULL TIME-CIVILIAN             0101,10,20,1039713,1448933434,1448933434,1448933434,1061092,1061092,8067458,1039713,1448933434,010 GENERAL OPERATING FD,20 PUBLIC PROPERTY
2018,1,1,01 PERSONAL SERVICES,101,PERM FULL TIME-CIVILIAN             0101,10,20,1095511,1450028945,1450028945,1450028945,2156603,2156603,8067458,2135224,1450028945,010 GENERAL OPERATING FD,20 PUBLIC PROPERTY
2018,1,1,01 PERSONAL SERVICES,101,PERM FULL TIME-CIVILIAN             0101,10,20,643744,1450672689,1450672689,1450672689,2800347,2800347,8067458,2778968,1450672689,010 GENERAL OPERATING FD,20 PUBLIC PROPERTY
2018,1,1,01 PERSONAL SERVICES,101,PERM FULL TIME-CIVILIAN             0101,10,20,5288490,1455961179,1455961179,1455961179,8088837,8088837,8067458,8067458,1455961179,010 GENERAL OPERATING FD,20 PUBLIC PROPERTY
2018,1,1,01 PERSONAL SERVICES,121,TEMPORARY/SEASONAL                  0121,10,20,13733,1455974912,1455974912,1455974912,8102570,8102570,73241,13733,1455974912,010 GENERAL OPERATING FD,20 PUBLIC PROPERTY
2018,1,1,01 PERSONAL SERVICES,121,TEMPORARY/SEASONAL                  0121,10,20,59508,1456034420,1456034420,1456034420,8162078,8162078,73241,73241,1456034420,010 GENERAL OPERATING FD,20 PUBLIC PROPERTY
2018,1,1,01 PERSONAL SERVICES,161,OVERTIME-CIVILIAN                   0161,10,20,3000,1456037420,1456037420,1456037420,8165078,8165078,361608,3000,1456037420,010 GENERAL OPERATING FD,20 PUBLIC PROPERTY
2018,1,1,01 PERSONAL SERVICES,161,OVERTIME-CIVILIAN                   0161,10,20,3000,1456040420,1456040420,1456040420,8168078,8168078,361608,6000,1456040420,010 GENERAL OPERATING FD,20 PUBLIC PROPERTY
2018,1,1,01 PERSONAL SERVICES,161,OVERTIME-CIVILIAN                   0161,10,20,1500,1456041920,1456041920,1456041920,8169578,8169578,361608,7500,1456041920,010 GENERAL OPERATING FD,20 PUBLIC PROPERTY
2018,1,1,01 PERSONAL SERVICES,161,OVERTIME-CIVILIAN                   0161,10,20,354108,1456396028,1456396028,1456396028,8523686,8523686,361608,361608,1456396028,010 GENERAL OPERATING FD,20 PUBLIC PROPERTY
2018,1,1,01 PERSONAL SERVICES,171,"HOLIDAY ""G""(2/3 SHIFTS)             0171",10,20,2000,1456398028,1456398028,1456398028,8525686,8525686,18500,2000,1456398028,010 GENERAL OPERATING FD,20 PUBLIC PROPERTY
2018,1,1,01 PERSONAL SERVICES,171,"HOLIDAY ""G""(2/3 SHIFTS)             0171",10,20,500,1456398528,1456398528,1456398528,8526186,8526186,18500,2500,1456398528,010 GENERAL OPERATING FD,20 PUBLIC PROPERTY
2018,1,1,01 PERSONAL SERVICES,171,"HOLIDAY ""G""(2/3 SHIFTS)             0171",10,20,15000,1456413528,1456413528,1456413528,8541186,8541186,18500,17500,1456413528,010 GENERAL OPERATING FD,20 PUBLIC PROPERTY
2018,1,1,01 PERSONAL SERVICES,171,"HOLIDAY ""G""(2/3 SHIFTS)             0171",10,20,1000,1456414528,1456414528,1456414528,8542186,8542186,18500,18500,1456414528,010 GENERAL OPERATING FD,20 PUBLIC PROPERTY
2018,1,1,01 PERSONAL SERVICES,181,SHIFT                               0181,10,20,200,1456414728,1456414728,1456414728,8542386,8542386,5700,200,1456414728,010 GENERAL OPERATING FD,20 PUBLIC PROPERTY
2018,1,1,01 PERSONAL SERVICES,181,SHIFT                               0181,10,20,300,1456415028,1456415028,1456415028,8542686,8542686,5700,500,1456415028,010 GENERAL OPERATING FD,20 PUBLIC PROPERTY
2018,1,1,01 PERSONAL SERVICES,181,SHIFT                               0181,10,20,5000,1456420028,1456420028,1456420028,8547686,8547686,5700,5500,1456420028,010 GENERAL OPERATING FD,20 PUBLIC PROPERTY
2018,1,1,01 PERSONAL SERVICES,181,SHIFT                               0181,10,20,200,1456420228,1456420228,1456420228,8547886,8547886,5700,5700,1456420228,010 GENERAL OPERATING FD,20 PUBLIC PROPERTY
2018,1,2,02 PURCHASE OF SERVICES,201,CLEANING AND LAUNDERING             0201,10,20,70830,1456491058,1456491058,1456491058,8618716,70830,70830,70830,1456491058,010 GENERAL OPERATING FD,20 PUBLIC PROPERTY
2018,1,2,02 PURCHASE OF SERVICES,202,JANITORIAL SERVICES                 0202,10,20,5005615,1461496673,1461496673,1461496673,13624331,5076445,5005615,5005615,1461496673,010 GENERAL OPERATING FD,20 PUBLIC PROPERTY
2018,1,2,02 PURCHASE OF SERVICES,209,TELEPHONE                           0209,10,20,1149,1461497822,1461497822,1461497822,13625480,5077594,2358,1149,1461497822,010 GENERAL OPERATING FD,20 PUBLIC PROPERTY
2018,1,2,02 PURCHASE OF SERVICES,209,TELEPHONE                           0209,10,20,564,1461498386,1461498386,1461498386,13626044,5078158,2358,1713,1461498386,010 GENERAL OPERATING FD,20 PUBLIC PROPERTY
2018,1,2,02 PURCHASE OF SERVICES,209,TELEPHONE                           0209,10,20,645,1461499031,1461499031,1461499031,13626689,5078803,2358,2358,1461499031,010 GENERAL OPERATING FD,20 PUBLIC PROPERTY
2018,1,2,02 PURCHASE OF SERVICES,210,POSTAGE                             0210,10,20,4451,1461503482,1461503482,1461503482,13631140,5083254,4639,4451,1461503482,010 GENERAL OPERATING FD,20 PUBLIC PROPERTY
2018,1,2,02 PURCHASE OF SERVICES,210,POSTAGE                             0210,10,20,50,1461503532,1461503532,1461503532,13631190,5083304,4639,4501,1461503532,010 GENERAL OPERATING FD,20 PUBLIC PROPERTY
2018,1,2,02 PURCHASE OF SERVICES,210,POSTAGE                             0210,10,20,138,1461503670,1461503670,1461503670,13631328,5083442,4639,4639,1461503670,010 GENERAL OPERATING FD,20 PUBLIC PROPERTY
2018,1,2,02 PURCHASE OF SERVICES,211,TRANSPORTATION                      0211,10,20,1373,1461505043,1461505043,1461505043,13632701,5084815,18085,1373,1461505043,010 GENERAL OPERATING FD,20 PUBLIC PROPERTY
2018,1,2,02 PURCHASE OF SERVICES,211,TRANSPORTATION                      0211,10,20,117,1461505160,1461505160,1461505160,13632818,5084932,18085,1490,1461505160,010 GENERAL OPERATING FD,20 PUBLIC PROPERTY
2018,1,2,02 PURCHASE OF SERVICES,211,TRANSPORTATION                      0211,10,20,16595,1461521755,1461521755,1461521755,13649413,5101527,18085,18085,1461521755,010 GENERAL OPERATING FD,20 PUBLIC PROPERTY
2018,1,2,02 PURCHASE OF SERVICES,220,ELECTRIC CURRENT-STRUCTURES/STREETS 0220,10,20,17256181,1478777936,1478777936,1478777936,30905594,22357708,17256181,17256181,1478777936,010 GENERAL OPERATING FD,20 PUBLIC PROPERTY
2018,1,2,02 PURCHASE OF SERVICES,221,GAS SERVICES                        0221,10,20,5161764,1483939700,1483939700,1483939700,36067358,27519472,5161764,5161764,1483939700,010 GENERAL OPERATING FD,20 PUBLIC PROPERTY
2018,1,2,02 PURCHASE OF SERVICES,222,STEAM FOR HEATING                   0222,10,20,2237079,1486176779,1486176779,1486176779,38304437,29756551,2237079,2237079,1486176779,010 GENERAL OPERATING FD,20 PUBLIC PROPERTY
2018,1,2,02 PURCHASE OF SERVICES,250,PROFESSIONAL CONSULT/SPEC SERVICES  0250,10,20,16141450,1502318229,1502318229,1502318229,54445887,45898001,99355989,16141450,1502318229,010 GENERAL OPERATING FD,20 PUBLIC PROPERTY
2018,1,2,02 PURCHASE OF SERVICES,250,PROFESSIONAL CONSULT/SPEC SERVICES  0250,10,20,82749000,1585067229,1585067229,1585067229,137194887,128647001,99355989,98890450,1585067229,010 GENERAL OPERATING FD,20 PUBLIC PROPERTY
2018,1,2,02 PURCHASE OF SERVICES,250,PROFESSIONAL CONSULT/SPEC SERVICES  0250,10,20,347672,1585414901,1585414901,1585414901,137542559,128994673,99355989,99238122,1585414901,010 GENERAL OPERATING FD,20 PUBLIC PROPERTY
2018,1,2,02 PURCHASE OF SERVICES,250,PROFESSIONAL CONSULT/SPEC SERVICES  0250,10,20,26667,1585441568,1585441568,1585441568,137569226,129021340,99355989,99264789,1585441568,010 GENERAL OPERATING FD,20 PUBLIC PROPERTY
2018,1,2,02 PURCHASE OF SERVICES,250,PROFESSIONAL CONSULT/SPEC SERVICES  0250,10,20,91200,1585532768,1585532768,1585532768,137660426,129112540,99355989,99355989,1585532768,010 GENERAL OPERATING FD,20 PUBLIC PROPERTY
2018,1,2,02 PURCHASE OF SERVICES,251,INFORMATION TECHNOLOGY-PROF SERVICE 0251,10,20,32000,1585564768,1585564768,1585564768,137692426,129144540,32000,32000,1585564768,010 GENERAL OPERATING FD,20 PUBLIC PROPERTY
2018,1,2,02 PURCHASE OF SERVICES,257,ARCHITECTURAL & ENGINEERING SRVCS   0257,10,20,25000,1585589768,1585589768,1585589768,137717426,129169540,25000,25000,1585589768,010 GENERAL OPERATING FD,20 PUBLIC PROPERTY
2018,1,2,02 PURCHASE OF SERVICES,260,REPAIR AND MAINTENANCE CHARGES      0260,10,20,5554648,1591144416,1591144416,1591144416,143272074,134724188,6228985,5554648,1591144416,010 GENERAL OPERATING FD,20 PUBLIC PROPERTY
2018,1,2,02 PURCHASE OF SERVICES,260,REPAIR AND MAINTENANCE CHARGES      0260,10,20,3995,1591148411,1591148411,1591148411,143276069,134728183,6228985,5558643,1591148411,010 GENERAL OPERATING FD,20 PUBLIC PROPERTY
2018,1,2,02 PURCHASE OF SERVICES,260,REPAIR AND MAINTENANCE CHARGES      0260,10,20,670342,1591818753,1591818753,1591818753,143946411,135398525,6228985,6228985,1591818753,010 GENERAL OPERATING FD,20 PUBLIC PROPERTY
2018,1,2,02 PURCHASE OF SERVICES,284,GROUND AND BUILDING RENTAL          0284,10,20,20950268,1612769021,1612769021,1612769021,164896679,156348793,20950268,20950268,1612769021,010 GENERAL OPERATING FD,20 PUBLIC PROPERTY
2018,1,2,02 PURCHASE OF SERVICES,299,OTHER EXPENSES (NOT OTHRWSE CLSSFD) 0299,10,20,9188,1612778209,1612778209,1612778209,164905867,156357981,13507,9188,1612778209,010 GENERAL OPERATING FD,20 PUBLIC PROPERTY
2018,1,2,02 PURCHASE OF SERVICES,299,OTHER EXPENSES (NOT OTHRWSE CLSSFD) 0299,10,20,1318,1612779527,1612779527,1612779527,164907185,156359299,13507,10506,1612779527,010 GENERAL OPERATING FD,20 PUBLIC PROPERTY
2018,1,2,02 PURCHASE OF SERVICES,299,OTHER EXPENSES (NOT OTHRWSE CLSSFD) 0299,10,20,3001,1612782528,1612782528,1612782528,164910186,156362300,13507,13507,1612782528,010 GENERAL OPERATING FD,20 PUBLIC PROPERTY
2018,1,3,03 MATERIALS AND SUPPLIES,303,"BAKESHOP, DINING ROOM AND KITCHEN   0303",10,20,600,1612783128,1612783128,1612783128,164910786,600,600,600,1612783128,010 GENERAL OPERATING FD,20 PUBLIC PROPERTY
2018,1,3,03 MATERIALS AND SUPPLIES,305,BUILDING AND CONSTRUCTION           0305,10,20,232782,1613015910,1613015910,1613015910,165143568,233382,232782,232782,1613015910,010 GENERAL OPERATING FD,20 PUBLIC PROPERTY
2018,1,3,03 MATERIALS AND SUPPLIES,307,CHEMICALS AND GASES                 0307,10,20,31719,1613047629,1613047629,1613047629,165175287,265101,31719,31719,1613047629,010 GENERAL OPERATING FD,20 PUBLIC PROPERTY
2018,1,3,03 MATERIALS AND SUPPLIES,308,DRY GOODS/NOTIONS/WEARING APPAREL   0308,10,20,42756,1613090385,1613090385,1613090385,165218043,307857,45010,42756,1613090385,010 GENERAL OPERATING FD,20 PUBLIC PROPERTY
2018,1,3,03 MATERIALS AND SUPPLIES,308,DRY GOODS/NOTIONS/WEARING APPAREL   0308,10,20,1254,1613091639,1613091639,1613091639,165219297,309111,45010,44010,1613091639,010 GENERAL OPERATING FD,20 PUBLIC PROPERTY
2018,1,3,03 MATERIALS AND SUPPLIES,308,DRY GOODS/NOTIONS/WEARING APPAREL   0308,10,20,1000,1613092639,1613092639,1613092639,165220297,310111,45010,45010,1613092639,010 GENERAL OPERATING FD,20 PUBLIC PROPERTY
2018,1,3,03 MATERIALS AND SUPPLIES,310,ELECTRICAL AND COMMUNICATION        0310,10,20,214941,1613307580,1613307580,1613307580,165435238,525052,214941,214941,1613307580,010 GENERAL OPERATING FD,20 PUBLIC PROPERTY
2018,1,3,03 MATERIALS AND SUPPLIES,311,GENERAL EQUIPMENT AND MACHINERY     0311,10,20,31902,1613339482,1613339482,1613339482,165467140,556954,31902,31902,1613339482,010 GENERAL OPERATING FD,20 PUBLIC PROPERTY
2018,1,3,03 MATERIALS AND SUPPLIES,312,FIRE FIGHTING AND SAFETY            0312,10,20,13800,1613353282,1613353282,1613353282,165480940,570754,13800,13800,1613353282,010 GENERAL OPERATING FD,20 PUBLIC PROPERTY
2018,1,3,03 MATERIALS AND SUPPLIES,314,FUEL -- HEATING AND LIGHTING        0314,10,20,117000,1613470282,1613470282,1613470282,165597940,687754,117000,117000,1613470282,010 GENERAL OPERATING FD,20 PUBLIC PROPERTY
2018,1,3,03 MATERIALS AND SUPPLIES,316,GENERAL HARDWARE AND MINOR TOOLS    0316,10,20,66245,1613536527,1613536527,1613536527,165664185,753999,66245,66245,1613536527,010 GENERAL OPERATING FD,20 PUBLIC PROPERTY
2018,1,3,03 MATERIALS AND SUPPLIES,318,"JANITORIAL, LAUNDRY AND HOUSEHOLD   0318",10,20,64905,1613601432,1613601432,1613601432,165729090,818904,64905,64905,1613601432,010 GENERAL OPERATING FD,20 PUBLIC PROPERTY
2018,1,3,03 MATERIALS AND SUPPLIES,320,OFFICE MATERIALS AND SUPPLIES       0320,10,20,14745,1613616177,1613616177,1613616177,165743835,833649,42981,14745,1613616177,010 GENERAL OPERATING FD,20 PUBLIC PROPERTY
2018,1,3,03 MATERIALS AND SUPPLIES,320,OFFICE MATERIALS AND SUPPLIES       0320,10,20,5748,1613621925,1613621925,1613621925,165749583,839397,42981,20493,1613621925,010 GENERAL OPERATING FD,20 PUBLIC PROPERTY
2018,1,3,03 MATERIALS AND SUPPLIES,320,OFFICE MATERIALS AND SUPPLIES       0320,10,20,22127,1613644052,1613644052,1613644052,165771710,861524,42981,42620,1613644052,010 GENERAL OPERATING FD,20 PUBLIC PROPERTY
2018,1,3,03 MATERIALS AND SUPPLIES,320,OFFICE MATERIALS AND SUPPLIES       0320,10,20,361,1613644413,1613644413,1613644413,165772071,861885,42981,42981,1613644413,010 GENERAL OPERATING FD,20 PUBLIC PROPERTY
2018,1,3,03 MATERIALS AND SUPPLIES,322,SMALL POWER TOOLS AND HAND TOOLS    0322,10,20,24500,1613668913,1613668913,1613668913,165796571,886385,24500,24500,1613668913,010 GENERAL OPERATING FD,20 PUBLIC PROPERTY
2018,1,3,03 MATERIALS AND SUPPLIES,323,PLUMBING/AIR CONDITIONING/SPACE HTG 0323,10,20,259702,1613928615,1613928615,1613928615,166056273,1146087,259702,259702,1613928615,010 GENERAL OPERATING FD,20 PUBLIC PROPERTY
2018,1,3,03 MATERIALS AND SUPPLIES,324,"PRECISION, PHOTOGRAPHIC AND ARTISTS 0324",10,20,4000,1613932615,1613932615,1613932615,166060273,1150087,25620,4000,1613932615,010 GENERAL OPERATING FD,20 PUBLIC PROPERTY
2018,1,3,03 MATERIALS AND SUPPLIES,324,"PRECISION, PHOTOGRAPHIC AND ARTISTS 0324",10,20,16942,1613949557,1613949557,1613949557,166077215,1167029,25620,20942,1613949557,010 GENERAL OPERATING FD,20 PUBLIC PROPERTY
2018,1,3,03 MATERIALS AND SUPPLIES,324,"PRECISION, PHOTOGRAPHIC AND ARTISTS 0324",10,20,4678,1613954235,1613954235,1613954235,166081893,1171707,25620,25620,1613954235,010 GENERAL OPERATING FD,20 PUBLIC PROPERTY
2018,1,3,03 MATERIALS AND SUPPLIES,325,PRINTING                            0325,10,20,303,1613954538,1613954538,1613954538,166082196,1172010,1973,303,1613954538,010 GENERAL OPERATING FD,20 PUBLIC PROPERTY
2018,1,3,03 MATERIALS AND SUPPLIES,325,PRINTING                            0325,10,20,198,1613954736,1613954736,1613954736,166082394,1172208,1973,501,1613954736,010 GENERAL OPERATING FD,20 PUBLIC PROPERTY
2018,1,3,03 MATERIALS AND SUPPLIES,325,PRINTING                            0325,10,20,39,1613954775,1613954775,1613954775,166082433,1172247,1973,540,1613954775,010 GENERAL OPERATING FD,20 PUBLIC PROPERTY
2018,1,3,03 MATERIALS AND SUPPLIES,325,PRINTING                            0325,10,20,1433,1613956208,1613956208,1613956208,166083866,1173680,1973,1973,1613956208,010 GENERAL OPERATING FD,20 PUBLIC PROPERTY
2018,1,3,03 MATERIALS AND SUPPLIES,399,OTHER MATERIALS AND SUPPLIES (NOC)  0399,10,20,4172,1613960380,1613960380,1613960380,166088038,1177852,14367,4172,1613960380,010 GENERAL OPERATING FD,20 PUBLIC PROPERTY
2018,1,3,03 MATERIALS AND SUPPLIES,399,OTHER MATERIALS AND SUPPLIES (NOC)  0399,10,20,5485,1613965865,1613965865,1613965865,166093523,1183337,14367,9657,1613965865,010 GENERAL OPERATING FD,20 PUBLIC PROPERTY
2018,1,3,03 MATERIALS AND SUPPLIES,399,OTHER MATERIALS AND SUPPLIES (NOC)  0399,10,20,4710,1613970575,1613970575,1613970575,166098233,1188047,14367,14367,1613970575,010 GENERAL OPERATING FD,20 PUBLIC PROPERTY
2018,1,4,04 EQUIPMENT,403,"BAKESHOP, DINING ROOM AND KITCHEN   0403",10,20,15270,1613985845,1613985845,1613985845,166113503,15270,15270,15270,1613985845,010 GENERAL OPERATING FD,20 PUBLIC PROPERTY
2018,1,4,04 EQUIPMENT,410,ELECTRICAL LIGHTING COMMUNICATION   0410,10,20,13601,1613999446,1613999446,1613999446,166127104,28871,13601,13601,1613999446,010 GENERAL OPERATING FD,20 PUBLIC PROPERTY
2018,1,4,04 EQUIPMENT,420,OFFICE EQUIPMENT                    0420,10,20,224,1613999670,1613999670,1613999670,166127328,29095,224,224,1613999670,010 GENERAL OPERATING FD,20 PUBLIC PROPERTY
2018,1,4,04 EQUIPMENT,423,PLUMBING/AIR CONDITIONING/SPACE HTG 0423,10,20,49564,1614049234,1614049234,1614049234,166176892,78659,49564,49564,1614049234,010 GENERAL OPERATING FD,20 PUBLIC PROPERTY
2018,1,4,04 EQUIPMENT,427,COMPUTER EQUIPMENT & PERIPHERALS    0427,10,20,13900,1614063134,1614063134,1614063134,166190792,92559,13900,13900,1614063134,010 GENERAL OPERATING FD,20 PUBLIC PROPERTY
2018,1,4,04 EQUIPMENT,430,FURNITURE AND FURNISHINGS           0430,10,20,11940,1614075074,1614075074,1614075074,166202732,104499,57074,11940,1614075074,010 GENERAL OPERATING FD,20 PUBLIC PROPERTY
2018,1,4,04 EQUIPMENT,430,FURNITURE AND FURNISHINGS           0430,10,20,45134,1614120208,1614120208,1614120208,166247866,149633,57074,57074,1614120208,010 GENERAL OPERATING FD,20 PUBLIC PROPERTY
2018,1,4,04 EQUIPMENT,499,OTHER EQUIPMENT (NOC)               0499,10,20,855,1614121063,1614121063,1614121063,166248721,150488,855,855,1614121063,010 GENERAL OPERATING FD,20 PUBLIC PROPERTY
2018,1,8,08 PAYMENTS TO OTHER FUNDS,803,PAYMENTS TO WATER FUND              0803,10,20,27204294,1641325357,1641325357,1641325357,193453015,27204294,27204294,27204294,1641325357,010 GENERAL OPERATING FD,20 PUBLIC PROPERTY
2018,1,8,08 PAYMENTS TO OTHER FUNDS,804,PAYMENTS TO CAPITAL PROJECTS FUND   0804,10,20,350000,1641675357,1641675357,1641675357,193803015,27554294,350000,350000,1641675357,010 GENERAL OPERATING FD,20 PUBLIC PROPERTY
2018,1,1,01 PERSONAL SERVICES,100,SALARY CONTROL                      0100,10,22,98294,1641773651,1641773651,1641773651,98294,98294,261173,98294,1641773651,010 GENERAL OPERATING FD,22 HUMAN SERVICES
2018,1,1,01 PERSONAL SERVICES,100,SALARY CONTROL                      0100,10,22,31110,1641804761,1641804761,1641804761,129404,129404,261173,129404,1641804761,010 GENERAL OPERATING FD,22 HUMAN SERVICES
2018,1,1,01 PERSONAL SERVICES,100,SALARY CONTROL                      0100,10,22,37429,1641842190,1641842190,1641842190,166833,166833,261173,166833,1641842190,010 GENERAL OPERATING FD,22 HUMAN SERVICES
2018,1,1,01 PERSONAL SERVICES,100,SALARY CONTROL                      0100,10,22,15472,1641857662,1641857662,1641857662,182305,182305,261173,182305,1641857662,010 GENERAL OPERATING FD,22 HUMAN SERVICES
2018,1,1,01 PERSONAL SERVICES,100,SALARY CONTROL                      0100,10,22,6027,1641863689,1641863689,1641863689,188332,188332,261173,188332,1641863689,010 GENERAL OPERATING FD,22 HUMAN SERVICES
2018,1,1,01 PERSONAL SERVICES,100,SALARY CONTROL                      0100,10,22,72841,1641936530,1641936530,1641936530,261173,261173,261173,261173,1641936530,010 GENERAL OPERATING FD,22 HUMAN SERVICES
2018,1,1,01 PERSONAL SERVICES,101,PERM FULL TIME-CIVILIAN             0101,10,22,11318186,1653254716,1653254716,1653254716,11579359,11579359,26471889,11318186,1653254716,010 GENERAL OPERATING FD,22 HUMAN SERVICES
2018,1,1,01 PERSONAL SERVICES,101,PERM FULL TIME-CIVILIAN             0101,10,22,7273162,1660527878,1660527878,1660527878,18852521,18852521,26471889,18591348,1660527878,010 GENERAL OPERATING FD,22 HUMAN SERVICES
2018,1,1,01 PERSONAL SERVICES,101,PERM FULL TIME-CIVILIAN             0101,10,22,2733633,1663261511,1663261511,1663261511,21586154,21586154,26471889,21324981,1663261511,010 GENERAL OPERATING FD,22 HUMAN SERVICES
2018,1,1,01 PERSONAL SERVICES,101,PERM FULL TIME-CIVILIAN             0101,10,22,2243182,1665504693,1665504693,1665504693,23829336,23829336,26471889,23568163,1665504693,010 GENERAL OPERATING FD,22 HUMAN SERVICES
2018,1,1,01 PERSONAL SERVICES,101,PERM FULL TIME-CIVILIAN             0101,10,22,897666,1666402359,1666402359,1666402359,24727002,24727002,26471889,24465829,1666402359,010 GENERAL OPERATING FD,22 HUMAN SERVICES
2018,1,1,01 PERSONAL SERVICES,101,PERM FULL TIME-CIVILIAN             0101,10,22,2006060,1668408419,1668408419,1668408419,26733062,26733062,26471889,26471889,1668408419,010 GENERAL OPERATING FD,22 HUMAN SERVICES
2018,1,1,01 PERSONAL SERVICES,161,OVERTIME-CIVILIAN                   0161,10,22,1661972,1670070391,1670070391,1670070391,28395034,28395034,3733806,1661972,1670070391,010 GENERAL OPERATING FD,22 HUMAN SERVICES
2018,1,1,01 PERSONAL SERVICES,161,OVERTIME-CIVILIAN                   0161,10,22,1694831,1671765222,1671765222,1671765222,30089865,30089865,3733806,3356803,1671765222,010 GENERAL OPERATING FD,22 HUMAN SERVICES
2018,1,1,01 PERSONAL SERVICES,161,OVERTIME-CIVILIAN                   0161,10,22,233589,1671998811,1671998811,1671998811,30323454,30323454,3733806,3590392,1671998811,010 GENERAL OPERATING FD,22 HUMAN SERVICES
2018,1,1,01 PERSONAL SERVICES,161,OVERTIME-CIVILIAN                   0161,10,22,47777,1672046588,1672046588,1672046588,30371231,30371231,3733806,3638169,1672046588,010 GENERAL OPERATING FD,22 HUMAN SERVICES
2018,1,1,01 PERSONAL SERVICES,161,OVERTIME-CIVILIAN                   0161,10,22,16140,1672062728,1672062728,1672062728,30387371,30387371,3733806,3654309,1672062728,010 GENERAL OPERATING FD,22 HUMAN SERVICES
2018,1,1,01 PERSONAL SERVICES,161,OVERTIME-CIVILIAN                   0161,10,22,79497,1672142225,1672142225,1672142225,30466868,30466868,3733806,3733806,1672142225,010 GENERAL OPERATING FD,22 HUMAN SERVICES
2018,1,1,01 PERSONAL SERVICES,171,"HOLIDAY ""G""(2/3 SHIFTS)             0171",10,22,19520,1672161745,1672161745,1672161745,30486388,30486388,159109,19520,1672161745,010 GENERAL OPERATING FD,22 HUMAN SERVICES
2018,1,1,01 PERSONAL SERVICES,171,"HOLIDAY ""G""(2/3 SHIFTS)             0171",10,22,137299,1672299044,1672299044,1672299044,30623687,30623687,159109,156819,1672299044,010 GENERAL OPERATING FD,22 HUMAN SERVICES
2018,1,1,01 PERSONAL SERVICES,171,"HOLIDAY ""G""(2/3 SHIFTS)             0171",10,22,1152,1672300196,1672300196,1672300196,30624839,30624839,159109,157971,1672300196,010 GENERAL OPERATING FD,22 HUMAN SERVICES
2018,1,1,01 PERSONAL SERVICES,171,"HOLIDAY ""G""(2/3 SHIFTS)             0171",10,22,108,1672300304,1672300304,1672300304,30624947,30624947,159109,158079,1672300304,010 GENERAL OPERATING FD,22 HUMAN SERVICES
2018,1,1,01 PERSONAL SERVICES,171,"HOLIDAY ""G""(2/3 SHIFTS)             0171",10,22,317,1672300621,1672300621,1672300621,30625264,30625264,159109,158396,1672300621,010 GENERAL OPERATING FD,22 HUMAN SERVICES
2018,1,1,01 PERSONAL SERVICES,171,"HOLIDAY ""G""(2/3 SHIFTS)             0171",10,22,713,1672301334,1672301334,1672301334,30625977,30625977,159109,159109,1672301334,010 GENERAL OPERATING FD,22 HUMAN SERVICES
2018,1,1,01 PERSONAL SERVICES,181,SHIFT                               0181,10,22,64,1672301398,1672301398,1672301398,30626041,30626041,58175,64,1672301398,010 GENERAL OPERATING FD,22 HUMAN SERVICES
2018,1,1,01 PERSONAL SERVICES,181,SHIFT                               0181,10,22,468,1672301866,1672301866,1672301866,30626509,30626509,58175,532,1672301866,010 GENERAL OPERATING FD,22 HUMAN SERVICES
2018,1,1,01 PERSONAL SERVICES,181,SHIFT                               0181,10,22,1213,1672303079,1672303079,1672303079,30627722,30627722,58175,1745,1672303079,010 GENERAL OPERATING FD,22 HUMAN SERVICES
2018,1,1,01 PERSONAL SERVICES,181,SHIFT                               0181,10,22,16215,1672319294,1672319294,1672319294,30643937,30643937,58175,17960,1672319294,010 GENERAL OPERATING FD,22 HUMAN SERVICES
2018,1,1,01 PERSONAL SERVICES,181,SHIFT                               0181,10,22,39967,1672359261,1672359261,1672359261,30683904,30683904,58175,57927,1672359261,010 GENERAL OPERATING FD,22 HUMAN SERVICES
2018,1,1,01 PERSONAL SERVICES,181,SHIFT                               0181,10,22,248,1672359509,1672359509,1672359509,30684152,30684152,58175,58175,1672359509,010 GENERAL OPERATING FD,22 HUMAN SERVICES
2018,1,1,01 PERSONAL SERVICES,199,SICK PAY(B TIME)-CIVILIAN           0199,10,22,9721,1672369230,1672369230,1672369230,30693873,30693873,36418,9721,1672369230,010 GENERAL OPERATING FD,22 HUMAN SERVICES
2018,1,1,01 PERSONAL SERVICES,199,SICK PAY(B TIME)-CIVILIAN           0199,10,22,21302,1672390532,1672390532,1672390532,30715175,30715175,36418,31023,1672390532,010 GENERAL OPERATING FD,22 HUMAN SERVICES
2018,1,1,01 PERSONAL SERVICES,199,SICK PAY(B TIME)-CIVILIAN           0199,10,22,5395,1672395927,1672395927,1672395927,30720570,30720570,36418,36418,1672395927,010 GENERAL OPERATING FD,22 HUMAN SERVICES
2018,1,2,02 PURCHASE OF SERVICES,201,CLEANING AND LAUNDERING             0201,10,22,1727,1672397654,1672397654,1672397654,30722297,1727,1727,1727,1672397654,010 GENERAL OPERATING FD,22 HUMAN SERVICES
2018,1,2,02 PURCHASE OF SERVICES,202,JANITORIAL SERVICES                 0202,10,22,93,1672397747,1672397747,1672397747,30722390,1820,2239,93,1672397747,010 GENERAL OPERATING FD,22 HUMAN SERVICES
2018,1,2,02 PURCHASE OF SERVICES,202,JANITORIAL SERVICES                 0202,10,22,2146,1672399893,1672399893,1672399893,30724536,3966,2239,2239,1672399893,010 GENERAL OPERATING FD,22 HUMAN SERVICES
2018,1,2,02 PURCHASE OF SERVICES,205,REFUSE/GARBAGE/SILT/SLUDGE REMOVAL  0205,10,22,12137,1672412030,1672412030,1672412030,30736673,16103,12831,12137,1672412030,010 GENERAL OPERATING FD,22 HUMAN SERVICES
2018,1,2,02 PURCHASE OF SERVICES,205,REFUSE/GARBAGE/SILT/SLUDGE REMOVAL  0205,10,22,694,1672412724,1672412724,1672412724,30737367,16797,12831,12831,1672412724,010 GENERAL OPERATING FD,22 HUMAN SERVICES
2018,1,2,02 PURCHASE OF SERVICES,209,TELEPHONE                           0209,10,22,139,1672412863,1672412863,1672412863,30737506,16936,169666,139,1672412863,010 GENERAL OPERATING FD,22 HUMAN SERVICES
2018,1,2,02 PURCHASE OF SERVICES,209,TELEPHONE                           0209,10,22,110100,1672522963,1672522963,1672522963,30847606,127036,169666,110239,1672522963,010 GENERAL OPERATING FD,22 HUMAN SERVICES
2018,1,2,02 PURCHASE OF SERVICES,209,TELEPHONE                           0209,10,22,59427,1672582390,1672582390,1672582390,30907033,186463,169666,169666,1672582390,010 GENERAL OPERATING FD,22 HUMAN SERVICES
2018,1,2,02 PURCHASE OF SERVICES,210,POSTAGE                             0210,10,22,2657,1672585047,1672585047,1672585047,30909690,189120,17749,2657,1672585047,010 GENERAL OPERATING FD,22 HUMAN SERVICES
2018,1,2,02 PURCHASE OF SERVICES,210,POSTAGE                             0210,10,22,15092,1672600139,1672600139,1672600139,30924782,204212,17749,17749,1672600139,010 GENERAL OPERATING FD,22 HUMAN SERVICES
2018,1,2,02 PURCHASE OF SERVICES,211,TRANSPORTATION                      0211,10,22,120394,1672720533,1672720533,1672720533,31045176,324606,204426,120394,1672720533,010 GENERAL OPERATING FD,22 HUMAN SERVICES
2018,1,2,02 PURCHASE OF SERVICES,211,TRANSPORTATION                      0211,10,22,53140,1672773673,1672773673,1672773673,31098316,377746,204426,173534,1672773673,010 GENERAL OPERATING FD,22 HUMAN SERVICES
2018,1,2,02 PURCHASE OF SERVICES,211,TRANSPORTATION                      0211,10,22,13435,1672787108,1672787108,1672787108,31111751,391181,204426,186969,1672787108,010 GENERAL OPERATING FD,22 HUMAN SERVICES
2018,1,2,02 PURCHASE OF SERVICES,211,TRANSPORTATION                      0211,10,22,17457,1672804565,1672804565,1672804565,31129208,408638,204426,204426,1672804565,010 GENERAL OPERATING FD,22 HUMAN SERVICES
2018,1,2,02 PURCHASE OF SERVICES,215,LICENSES PERMITS INSPECTION CHARGES 0215,10,22,12900,1672817465,1672817465,1672817465,31142108,421538,12900,12900,1672817465,010 GENERAL OPERATING FD,22 HUMAN SERVICES
2018,1,2,02 PURCHASE OF SERVICES,216,COMMERCIAL OFF-SHELF COMP SOFTWARE  0216,10,22,10050,1672827515,1672827515,1672827515,31152158,431588,657745,10050,1672827515,010 GENERAL OPERATING FD,22 HUMAN SERVICES
2018,1,2,02 PURCHASE OF SERVICES,216,COMMERCIAL OFF-SHELF COMP SOFTWARE  0216,10,22,647695,1673475210,1673475210,1673475210,31799853,1079283,657745,657745,1673475210,010 GENERAL OPERATING FD,22 HUMAN SERVICES
2018,1,2,02 PURCHASE OF SERVICES,230,MEALS-NON-TRAVEL & OFFICL ENTERTAIN 0230,10,22,8527,1673483737,1673483737,1673483737,31808380,1087810,8527,8527,1673483737,010 GENERAL OPERATING FD,22 HUMAN SERVICES
2018,1,2,02 PURCHASE OF SERVICES,250,PROFESSIONAL CONSULT/SPEC SERVICES  0250,10,22,754592,1674238329,1674238329,1674238329,32562972,1842402,40320016,754592,1674238329,010 GENERAL OPERATING FD,22 HUMAN SERVICES
2018,1,2,02 PURCHASE OF SERVICES,250,PROFESSIONAL CONSULT/SPEC SERVICES  0250,10,22,27902451,1702140780,1702140780,1702140780,60465423,29744853,40320016,28657043,1702140780,010 GENERAL OPERATING FD,22 HUMAN SERVICES
2018,1,2,02 PURCHASE OF SERVICES,250,PROFESSIONAL CONSULT/SPEC SERVICES  0250,10,22,3854240,1705995020,1705995020,1705995020,64319663,33599093,40320016,32511283,1705995020,010 GENERAL OPERATING FD,22 HUMAN SERVICES
2018,1,2,02 PURCHASE OF SERVICES,250,PROFESSIONAL CONSULT/SPEC SERVICES  0250,10,22,7808733,1713803753,1713803753,1713803753,72128396,41407826,40320016,40320016,1713803753,010 GENERAL OPERATING FD,22 HUMAN SERVICES
2018,1,2,02 PURCHASE OF SERVICES,251,INFORMATION TECHNOLOGY-PROF SERVICE 0251,10,22,32907,1713836660,1713836660,1713836660,72161303,41440733,4809565,32907,1713836660,010 GENERAL OPERATING FD,22 HUMAN SERVICES
2018,1,2,02 PURCHASE OF SERVICES,251,INFORMATION TECHNOLOGY-PROF SERVICE 0251,10,22,39562,1713876222,1713876222,1713876222,72200865,41480295,4809565,72469,1713876222,010 GENERAL OPERATING FD,22 HUMAN SERVICES
2018,1,2,02 PURCHASE OF SERVICES,251,INFORMATION TECHNOLOGY-PROF SERVICE 0251,10,22,4733124,1718609346,1718609346,1718609346,76933989,46213419,4809565,4805593,1718609346,010 GENERAL OPERATING FD,22 HUMAN SERVICES
2018,1,2,02 PURCHASE OF SERVICES,251,INFORMATION TECHNOLOGY-PROF SERVICE 0251,10,22,3972,1718613318,1718613318,1718613318,76937961,46217391,4809565,4809565,1718613318,010 GENERAL OPERATING FD,22 HUMAN SERVICES
2018,1,2,02 PURCHASE OF SERVICES,253,LEGAL SERVICES                      0253,10,22,44214,1718657532,1718657532,1718657532,76982175,46261605,272875,44214,1718657532,010 GENERAL OPERATING FD,22 HUMAN SERVICES
2018,1,2,02 PURCHASE OF SERVICES,253,LEGAL SERVICES                      0253,10,22,228661,1718886193,1718886193,1718886193,77210836,46490266,272875,272875,1718886193,010 GENERAL OPERATING FD,22 HUMAN SERVICES
2018,1,2,02 PURCHASE OF SERVICES,254,MENTAL HEALTH & RETARDATION SERVICE 0254,10,22,52541,1718938734,1718938734,1718938734,77263377,46542807,199921,52541,1718938734,010 GENERAL OPERATING FD,22 HUMAN SERVICES
2018,1,2,02 PURCHASE OF SERVICES,254,MENTAL HEALTH & RETARDATION SERVICE 0254,10,22,147380,1719086114,1719086114,1719086114,77410757,46690187,199921,199921,1719086114,010 GENERAL OPERATING FD,22 HUMAN SERVICES
2018,1,2,02 PURCHASE OF SERVICES,255,DUES                                0255,10,22,1990,1719088104,1719088104,1719088104,77412747,46692177,10053,1990,1719088104,010 GENERAL OPERATING FD,22 HUMAN SERVICES
2018,1,2,02 PURCHASE OF SERVICES,255,DUES                                0255,10,22,6708,1719094812,1719094812,1719094812,77419455,46698885,10053,8698,1719094812,010 GENERAL OPERATING FD,22 HUMAN SERVICES
2018,1,2,02 PURCHASE OF SERVICES,255,DUES                                0255,10,22,57,1719094869,1719094869,1719094869,77419512,46698942,10053,8755,1719094869,010 GENERAL OPERATING FD,22 HUMAN SERVICES
2018,1,2,02 PURCHASE OF SERVICES,255,DUES                                0255,10,22,1298,1719096167,1719096167,1719096167,77420810,46700240,10053,10053,1719096167,010 GENERAL OPERATING FD,22 HUMAN SERVICES
2018,1,2,02 PURCHASE OF SERVICES,256,SEMINAR AND TRAINING SESSIONS       0256,10,22,17232,1719113399,1719113399,1719113399,77438042,46717472,242340,17232,1719113399,010 GENERAL OPERATING FD,22 HUMAN SERVICES
2018,1,2,02 PURCHASE OF SERVICES,256,SEMINAR AND TRAINING SESSIONS       0256,10,22,3065,1719116464,1719116464,1719116464,77441107,46720537,242340,20297,1719116464,010 GENERAL OPERATING FD,22 HUMAN SERVICES
2018,1,2,02 PURCHASE OF SERVICES,256,SEMINAR AND TRAINING SESSIONS       0256,10,22,30304,1719146768,1719146768,1719146768,77471411,46750841,242340,50601,1719146768,010 GENERAL OPERATING FD,22 HUMAN SERVICES
2018,1,2,02 PURCHASE OF SERVICES,256,SEMINAR AND TRAINING SESSIONS       0256,10,22,191739,1719338507,1719338507,1719338507,77663150,46942580,242340,242340,1719338507,010 GENERAL OPERATING FD,22 HUMAN SERVICES
2018,1,2,02 PURCHASE OF SERVICES,258,COURT REPORTERS                     0258,10,22,7344,1719345851,1719345851,1719345851,77670494,46949924,7344,7344,1719345851,010 GENERAL OPERATING FD,22 HUMAN SERVICES
2018,1,2,02 PURCHASE OF SERVICES,260,REPAIR AND MAINTENANCE CHARGES      0260,10,22,18635,1719364486,1719364486,1719364486,77689129,46968559,67292,18635,1719364486,010 GENERAL OPERATING FD,22 HUMAN SERVICES
2018,1,2,02 PURCHASE OF SERVICES,260,REPAIR AND MAINTENANCE CHARGES      0260,10,22,48657,1719413143,1719413143,1719413143,77737786,47017216,67292,67292,1719413143,010 GENERAL OPERATING FD,22 HUMAN SERVICES
2018,1,2,02 PURCHASE OF SERVICES,266,MAINT/SUPPORT-COMPUTR HARDWARE/SOFT 0266,10,22,7497,1719420640,1719420640,1719420640,77745283,47024713,65832,7497,1719420640,010 GENERAL OPERATING FD,22 HUMAN SERVICES
2018,1,2,02 PURCHASE OF SERVICES,266,MAINT/SUPPORT-COMPUTR HARDWARE/SOFT 0266,10,22,58335,1719478975,1719478975,1719478975,77803618,47083048,65832,65832,1719478975,010 GENERAL OPERATING FD,22 HUMAN SERVICES
2018,1,2,02 PURCHASE OF SERVICES,281,LEASE PAYMENTS-PHILA MUNICIPAL AUTH 0281,10,22,2022608,1721501583,1721501583,1721501583,79826226,49105656,2022608,2022608,1721501583,010 GENERAL OPERATING FD,22 HUMAN SERVICES
2018,1,2,02 PURCHASE OF SERVICES,282,RENT/LEASE-PURCHASE COMPUTER EQUIP  0282,10,22,429,1721502012,1721502012,1721502012,79826655,49106085,429,429,1721502012,010 GENERAL OPERATING FD,22 HUMAN SERVICES
2018,1,2,02 PURCHASE OF SERVICES,284,GROUND AND BUILDING RENTAL          0284,10,22,110962,1721612974,1721612974,1721612974,79937617,49217047,110962,110962,1721612974,010 GENERAL OPERATING FD,22 HUMAN SERVICES
2018,1,2,02 PURCHASE OF SERVICES,285,RENTS                               0285,10,22,43367,1721656341,1721656341,1721656341,79980984,49260414,102900,43367,1721656341,010 GENERAL OPERATING FD,22 HUMAN SERVICES
2018,1,2,02 PURCHASE OF SERVICES,285,RENTS                               0285,10,22,59533,1721715874,1721715874,1721715874,80040517,49319947,102900,102900,1721715874,010 GENERAL OPERATING FD,22 HUMAN SERVICES
2018,1,2,02 PURCHASE OF SERVICES,286,RENTAL OF PARKING SPACES            0286,10,22,19184,1721735058,1721735058,1721735058,80059701,49339131,19184,19184,1721735058,010 GENERAL OPERATING FD,22 HUMAN SERVICES
2018,1,2,02 PURCHASE OF SERVICES,290,PAYMENTS FOR CARE OF INDIVIDUALS    0290,10,22,15679891,1737414949,1737414949,1737414949,95739592,65019022,28082750,15679891,1737414949,010 GENERAL OPERATING FD,22 HUMAN SERVICES
2018,1,2,02 PURCHASE OF SERVICES,290,PAYMENTS FOR CARE OF INDIVIDUALS    0290,10,22,12402859,1749817808,1749817808,1749817808,108142451,77421881,28082750,28082750,1749817808,010 GENERAL OPERATING FD,22 HUMAN SERVICES
2018,1,2,02 PURCHASE OF SERVICES,295,PURCHASE SERVICES-IMPREST ADVANCES  0295,10,22,613,1749818421,1749818421,1749818421,108143064,77422494,613,613,1749818421,010 GENERAL OPERATING FD,22 HUMAN SERVICES
2018,1,2,02 PURCHASE OF SERVICES,298,PAYMENTS FOR BURIALS AND GRAVES     0298,10,22,1226,1749819647,1749819647,1749819647,108144290,77423720,1226,1226,1749819647,010 GENERAL OPERATING FD,22 HUMAN SERVICES
2018,1,2,02 PURCHASE OF SERVICES,299,OTHER EXPENSES (NOT OTHRWSE CLSSFD) 0299,10,22,307,1749819954,1749819954,1749819954,108144597,77424027,307,307,1749819954,010 GENERAL OPERATING FD,22 HUMAN SERVICES
2018,1,3,03 MATERIALS AND SUPPLIES,303,"BAKESHOP, DINING ROOM AND KITCHEN   0303",10,22,297,1749820251,1749820251,1749820251,108144894,297,1090,297,1749820251,010 GENERAL OPERATING FD,22 HUMAN SERVICES
2018,1,3,03 MATERIALS AND SUPPLIES,303,"BAKESHOP, DINING ROOM AND KITCHEN   0303",10,22,793,1749821044,1749821044,1749821044,108145687,1090,1090,1090,1749821044,010 GENERAL OPERATING FD,22 HUMAN SERVICES
2018,1,3,03 MATERIALS AND SUPPLIES,304,BOOKS AND OTHER PUBLICATIONS        0304,10,22,190,1749821234,1749821234,1749821234,108145877,1280,576,190,1749821234,010 GENERAL OPERATING FD,22 HUMAN SERVICES
2018,1,3,03 MATERIALS AND SUPPLIES,304,BOOKS AND OTHER PUBLICATIONS        0304,10,22,386,1749821620,1749821620,1749821620,108146263,1666,576,576,1749821620,010 GENERAL OPERATING FD,22 HUMAN SERVICES
2018,1,3,03 MATERIALS AND SUPPLIES,305,BUILDING AND CONSTRUCTION           0305,10,22,6386,1749828006,1749828006,1749828006,108152649,8052,6386,6386,1749828006,010 GENERAL OPERATING FD,22 HUMAN SERVICES
2018,1,3,03 MATERIALS AND SUPPLIES,308,DRY GOODS/NOTIONS/WEARING APPAREL   0308,10,22,8919,1749836925,1749836925,1749836925,108161568,16971,60475,8919,1749836925,010 GENERAL OPERATING FD,22 HUMAN SERVICES
2018,1,3,03 MATERIALS AND SUPPLIES,308,DRY GOODS/NOTIONS/WEARING APPAREL   0308,10,22,49820,1749886745,1749886745,1749886745,108211388,66791,60475,58739,1749886745,010 GENERAL OPERATING FD,22 HUMAN SERVICES
2018,1,3,03 MATERIALS AND SUPPLIES,308,DRY GOODS/NOTIONS/WEARING APPAREL   0308,10,22,1736,1749888481,1749888481,1749888481,108213124,68527,60475,60475,1749888481,010 GENERAL OPERATING FD,22 HUMAN SERVICES
2018,1,3,03 MATERIALS AND SUPPLIES,310,ELECTRICAL AND COMMUNICATION        0310,10,22,1747,1749890228,1749890228,1749890228,108214871,70274,5893,1747,1749890228,010 GENERAL OPERATING FD,22 HUMAN SERVICES
2018,1,3,03 MATERIALS AND SUPPLIES,310,ELECTRICAL AND COMMUNICATION        0310,10,22,4146,1749894374,1749894374,1749894374,108219017,74420,5893,5893,1749894374,010 GENERAL OPERATING FD,22 HUMAN SERVICES
2018,1,3,03 MATERIALS AND SUPPLIES,311,GENERAL EQUIPMENT AND MACHINERY     0311,10,22,396,1749894770,1749894770,1749894770,108219413,74816,396,396,1749894770,010 GENERAL OPERATING FD,22 HUMAN SERVICES
2018,1,3,03 MATERIALS AND SUPPLIES,312,FIRE FIGHTING AND SAFETY            0312,10,22,2455,1749897225,1749897225,1749897225,108221868,77271,13944,2455,1749897225,010 GENERAL OPERATING FD,22 HUMAN SERVICES
2018,1,3,03 MATERIALS AND SUPPLIES,312,FIRE FIGHTING AND SAFETY            0312,10,22,11489,1749908714,1749908714,1749908714,108233357,88760,13944,13944,1749908714,010 GENERAL OPERATING FD,22 HUMAN SERVICES
2018,1,3,03 MATERIALS AND SUPPLIES,313,FOOD                                0313,10,22,237840,1750146554,1750146554,1750146554,108471197,326600,238946,237840,1750146554,010 GENERAL OPERATING FD,22 HUMAN SERVICES
2018,1,3,03 MATERIALS AND SUPPLIES,313,FOOD                                0313,10,22,1106,1750147660,1750147660,1750147660,108472303,327706,238946,238946,1750147660,010 GENERAL OPERATING FD,22 HUMAN SERVICES
2018,1,3,03 MATERIALS AND SUPPLIES,316,GENERAL HARDWARE AND MINOR TOOLS    0316,10,22,3964,1750151624,1750151624,1750151624,108476267,331670,4658,3964,1750151624,010 GENERAL OPERATING FD,22 HUMAN SERVICES
2018,1,3,03 MATERIALS AND SUPPLIES,316,GENERAL HARDWARE AND MINOR TOOLS    0316,10,22,694,1750152318,1750152318,1750152318,108476961,332364,4658,4658,1750152318,010 GENERAL OPERATING FD,22 HUMAN SERVICES
2018,1,3,03 MATERIALS AND SUPPLIES,317,HOSPITAL AND LABORATORY             0317,10,22,2378,1750154696,1750154696,1750154696,108479339,334742,4276,2378,1750154696,010 GENERAL OPERATING FD,22 HUMAN SERVICES
2018,1,3,03 MATERIALS AND SUPPLIES,317,HOSPITAL AND LABORATORY             0317,10,22,1898,1750156594,1750156594,1750156594,108481237,336640,4276,4276,1750156594,010 GENERAL OPERATING FD,22 HUMAN SERVICES
2018,1,3,03 MATERIALS AND SUPPLIES,318,"JANITORIAL, LAUNDRY AND HOUSEHOLD   0318",10,22,451,1750157045,1750157045,1750157045,108481688,337091,32161,451,1750157045,010 GENERAL OPERATING FD,22 HUMAN SERVICES
2018,1,3,03 MATERIALS AND SUPPLIES,318,"JANITORIAL, LAUNDRY AND HOUSEHOLD   0318",10,22,31710,1750188755,1750188755,1750188755,108513398,368801,32161,32161,1750188755,010 GENERAL OPERATING FD,22 HUMAN SERVICES
2018,1,3,03 MATERIALS AND SUPPLIES,320,OFFICE MATERIALS AND SUPPLIES       0320,10,22,16019,1750204774,1750204774,1750204774,108529417,384820,118628,16019,1750204774,010 GENERAL OPERATING FD,22 HUMAN SERVICES
2018,1,3,03 MATERIALS AND SUPPLIES,320,OFFICE MATERIALS AND SUPPLIES       0320,10,22,89190,1750293964,1750293964,1750293964,108618607,474010,118628,105209,1750293964,010 GENERAL OPERATING FD,22 HUMAN SERVICES
2018,1,3,03 MATERIALS AND SUPPLIES,320,OFFICE MATERIALS AND SUPPLIES       0320,10,22,2092,1750296056,1750296056,1750296056,108620699,476102,118628,107301,1750296056,010 GENERAL OPERATING FD,22 HUMAN SERVICES
2018,1,3,03 MATERIALS AND SUPPLIES,320,OFFICE MATERIALS AND SUPPLIES       0320,10,22,11327,1750307383,1750307383,1750307383,108632026,487429,118628,118628,1750307383,010 GENERAL OPERATING FD,22 HUMAN SERVICES
2018,1,3,03 MATERIALS AND SUPPLIES,322,SMALL POWER TOOLS AND HAND TOOLS    0322,10,22,149,1750307532,1750307532,1750307532,108632175,487578,545,149,1750307532,010 GENERAL OPERATING FD,22 HUMAN SERVICES
2018,1,3,03 MATERIALS AND SUPPLIES,322,SMALL POWER TOOLS AND HAND TOOLS    0322,10,22,396,1750307928,1750307928,1750307928,108632571,487974,545,545,1750307928,010 GENERAL OPERATING FD,22 HUMAN SERVICES
2018,1,3,03 MATERIALS AND SUPPLIES,323,PLUMBING/AIR CONDITIONING/SPACE HTG 0323,10,22,2134,1750310062,1750310062,1750310062,108634705,490108,2134,2134,1750310062,010 GENERAL OPERATING FD,22 HUMAN SERVICES
2018,1,3,03 MATERIALS AND SUPPLIES,324,"PRECISION, PHOTOGRAPHIC AND ARTISTS 0324",10,22,10026,1750320088,1750320088,1750320088,108644731,500134,48402,10026,1750320088,010 GENERAL OPERATING FD,22 HUMAN SERVICES
2018,1,3,03 MATERIALS AND SUPPLIES,324,"PRECISION, PHOTOGRAPHIC AND ARTISTS 0324",10,22,1427,1750321515,1750321515,1750321515,108646158,501561,48402,11453,1750321515,010 GENERAL OPERATING FD,22 HUMAN SERVICES
2018,1,3,03 MATERIALS AND SUPPLIES,324,"PRECISION, PHOTOGRAPHIC AND ARTISTS 0324",10,22,25707,1750347222,1750347222,1750347222,108671865,527268,48402,37160,1750347222,010 GENERAL OPERATING FD,22 HUMAN SERVICES
2018,1,3,03 MATERIALS AND SUPPLIES,324,"PRECISION, PHOTOGRAPHIC AND ARTISTS 0324",10,22,11242,1750358464,1750358464,1750358464,108683107,538510,48402,48402,1750358464,010 GENERAL OPERATING FD,22 HUMAN SERVICES
2018,1,3,03 MATERIALS AND SUPPLIES,325,PRINTING                            0325,10,22,40,1750358504,1750358504,1750358504,108683147,538550,6735,40,1750358504,010 GENERAL OPERATING FD,22 HUMAN SERVICES
2018,1,3,03 MATERIALS AND SUPPLIES,325,PRINTING                            0325,10,22,2585,1750361089,1750361089,1750361089,108685732,541135,6735,2625,1750361089,010 GENERAL OPERATING FD,22 HUMAN SERVICES
2018,1,3,03 MATERIALS AND SUPPLIES,325,PRINTING                            0325,10,22,4110,1750365199,1750365199,1750365199,108689842,545245,6735,6735,1750365199,010 GENERAL OPERATING FD,22 HUMAN SERVICES
2018,1,3,03 MATERIALS AND SUPPLIES,326,RECREATIONAL AND EDUCATIONAL        0326,10,22,3484,1750368683,1750368683,1750368683,108693326,548729,4240,3484,1750368683,010 GENERAL OPERATING FD,22 HUMAN SERVICES
2018,1,3,03 MATERIALS AND SUPPLIES,326,RECREATIONAL AND EDUCATIONAL        0326,10,22,756,1750369439,1750369439,1750369439,108694082,549485,4240,4240,1750369439,010 GENERAL OPERATING FD,22 HUMAN SERVICES
2018,1,3,03 MATERIALS AND SUPPLIES,399,OTHER MATERIALS AND SUPPLIES (NOC)  0399,10,22,989,1750370428,1750370428,1750370428,108695071,550474,1121,989,1750370428,010 GENERAL OPERATING FD,22 HUMAN SERVICES
2018,1,3,03 MATERIALS AND SUPPLIES,399,OTHER MATERIALS AND SUPPLIES (NOC)  0399,10,22,132,1750370560,1750370560,1750370560,108695203,550606,1121,1121,1750370560,010 GENERAL OPERATING FD,22 HUMAN SERVICES
2018,1,4,04 EQUIPMENT,410,ELECTRICAL LIGHTING COMMUNICATION   0410,10,22,8721,1750379281,1750379281,1750379281,108703924,8721,8721,8721,1750379281,010 GENERAL OPERATING FD,22 HUMAN SERVICES
2018,1,4,04 EQUIPMENT,411,GENERAL EQUIPMENT AND MACHINERY     0411,10,22,396,1750379677,1750379677,1750379677,108704320,9117,396,396,1750379677,010 GENERAL OPERATING FD,22 HUMAN SERVICES
2018,1,4,04 EQUIPMENT,420,OFFICE EQUIPMENT                    0420,10,22,8919,1750388596,1750388596,1750388596,108713239,18036,38253,8919,1750388596,010 GENERAL OPERATING FD,22 HUMAN SERVICES
2018,1,4,04 EQUIPMENT,420,OFFICE EQUIPMENT                    0420,10,22,1586,1750390182,1750390182,1750390182,108714825,19622,38253,10505,1750390182,010 GENERAL OPERATING FD,22 HUMAN SERVICES
2018,1,4,04 EQUIPMENT,420,OFFICE EQUIPMENT                    0420,10,22,27748,1750417930,1750417930,1750417930,108742573,47370,38253,38253,1750417930,010 GENERAL OPERATING FD,22 HUMAN SERVICES
2018,1,4,04 EQUIPMENT,423,PLUMBING/AIR CONDITIONING/SPACE HTG 0423,10,22,1982,1750419912,1750419912,1750419912,108744555,49352,1982,1982,1750419912,010 GENERAL OPERATING FD,22 HUMAN SERVICES
2018,1,4,04 EQUIPMENT,424,"PRECISION, PHOTOGRAPHIC AND ARTIST  0424",10,22,7023,1750426935,1750426935,1750426935,108751578,56375,7023,7023,1750426935,010 GENERAL OPERATING FD,22 HUMAN SERVICES
2018,1,4,04 EQUIPMENT,426,RECREATIONAL AND EDUCATIONAL        0426,10,22,7928,1750434863,1750434863,1750434863,108759506,64303,7928,7928,1750434863,010 GENERAL OPERATING FD,22 HUMAN SERVICES
2018,1,4,04 EQUIPMENT,427,COMPUTER EQUIPMENT & PERIPHERALS    0427,10,22,203921,1750638784,1750638784,1750638784,108963427,268224,203921,203921,1750638784,010 GENERAL OPERATING FD,22 HUMAN SERVICES
2018,1,4,04 EQUIPMENT,428,VEHICLES -- MOTOR AND MOTORLESS     0428,10,22,17441,1750656225,1750656225,1750656225,108980868,285665,17441,17441,1750656225,010 GENERAL OPERATING FD,22 HUMAN SERVICES
2018,1,4,04 EQUIPMENT,430,FURNITURE AND FURNISHINGS           0430,10,22,34322,1750690547,1750690547,1750690547,109015190,319987,48268,34322,1750690547,010 GENERAL OPERATING FD,22 HUMAN SERVICES
2018,1,4,04 EQUIPMENT,430,FURNITURE AND FURNISHINGS           0430,10,22,1996,1750692543,1750692543,1750692543,109017186,321983,48268,36318,1750692543,010 GENERAL OPERATING FD,22 HUMAN SERVICES
2018,1,4,04 EQUIPMENT,430,FURNITURE AND FURNISHINGS           0430,10,22,11950,1750704493,1750704493,1750704493,109029136,333933,48268,48268,1750704493,010 GENERAL OPERATING FD,22 HUMAN SERVICES
2018,1,4,04 EQUIPMENT,499,OTHER EQUIPMENT (NOC)               0499,10,22,536,1750705029,1750705029,1750705029,109029672,334469,6394,536,1750705029,010 GENERAL OPERATING FD,22 HUMAN SERVICES
2018,1,4,04 EQUIPMENT,499,OTHER EQUIPMENT (NOC)               0499,10,22,5858,1750710887,1750710887,1750710887,109035530,340327,6394,6394,1750710887,010 GENERAL OPERATING FD,22 HUMAN SERVICES
2018,1,1,01 PERSONAL SERVICES,100,SALARY CONTROL                      0100,10,23,400000,1751110887,1751110887,1751110887,400000,400000,400000,400000,1751110887,010 GENERAL OPERATING FD,23 PRISONS
2018,1,1,01 PERSONAL SERVICES,101,PERM FULL TIME-CIVILIAN             0101,10,23,111904693,1863015580,1863015580,1863015580,112304693,112304693,111904693,111904693,1863015580,010 GENERAL OPERATING FD,23 PRISONS
2018,1,1,01 PERSONAL SERVICES,109,PLUS/MINUS GROSS ADJ                0109,10,23,896304,1863911884,1863911884,1863911884,113200997,113200997,896304,896304,1863911884,010 GENERAL OPERATING FD,23 PRISONS
2018,1,1,01 PERSONAL SERVICES,161,OVERTIME-CIVILIAN                   0161,10,23,30039861,1893951745,1893951745,1893951745,143240858,143240858,30039861,30039861,1893951745,010 GENERAL OPERATING FD,23 PRISONS
2018,1,1,01 PERSONAL SERVICES,171,"HOLIDAY ""G""(2/3 SHIFTS)             0171",10,23,3000000,1896951745,1896951745,1896951745,146240858,146240858,3000000,3000000,1896951745,010 GENERAL OPERATING FD,23 PRISONS
2018,1,1,01 PERSONAL SERVICES,181,SHIFT                               0181,10,23,854000,1897805745,1897805745,1897805745,147094858,147094858,854000,854000,1897805745,010 GENERAL OPERATING FD,23 PRISONS
2018,1,1,01 PERSONAL SERVICES,199,SICK PAY(B TIME)-CIVILIAN           0199,10,23,333000,1898138745,1898138745,1898138745,147427858,147427858,333000,333000,1898138745,010 GENERAL OPERATING FD,23 PRISONS
2018,1,2,02 PURCHASE OF SERVICES,201,CLEANING AND LAUNDERING             0201,10,23,646819,1898785564,1898785564,1898785564,148074677,646819,646819,646819,1898785564,010 GENERAL OPERATING FD,23 PRISONS
2018,1,2,02 PURCHASE OF SERVICES,202,JANITORIAL SERVICES                 0202,10,23,43000,1898828564,1898828564,1898828564,148117677,689819,43000,43000,1898828564,010 GENERAL OPERATING FD,23 PRISONS
2018,1,2,02 PURCHASE OF SERVICES,205,REFUSE/GARBAGE/SILT/SLUDGE REMOVAL  0205,10,23,20000,1898848564,1898848564,1898848564,148137677,709819,20000,20000,1898848564,010 GENERAL OPERATING FD,23 PRISONS
2018,1,2,02 PURCHASE OF SERVICES,209,TELEPHONE                           0209,10,23,4800,1898853364,1898853364,1898853364,148142477,714619,4800,4800,1898853364,010 GENERAL OPERATING FD,23 PRISONS
2018,1,2,02 PURCHASE OF SERVICES,210,POSTAGE                             0210,10,23,13000,1898866364,1898866364,1898866364,148155477,727619,13000,13000,1898866364,010 GENERAL OPERATING FD,23 PRISONS
2018,1,2,02 PURCHASE OF SERVICES,211,TRANSPORTATION                      0211,10,23,120000,1898986364,1898986364,1898986364,148275477,847619,120000,120000,1898986364,010 GENERAL OPERATING FD,23 PRISONS
2018,1,2,02 PURCHASE OF SERVICES,215,LICENSES PERMITS INSPECTION CHARGES 0215,10,23,11000,1898997364,1898997364,1898997364,148286477,858619,11000,11000,1898997364,010 GENERAL OPERATING FD,23 PRISONS
2018,1,2,02 PURCHASE OF SERVICES,216,COMMERCIAL OFF-SHELF COMP SOFTWARE  0216,10,23,161588,1899158952,1899158952,1899158952,148448065,1020207,161588,161588,1899158952,010 GENERAL OPERATING FD,23 PRISONS
2018,1,2,02 PURCHASE OF SERVICES,230,MEALS-NON-TRAVEL & OFFICL ENTERTAIN 0230,10,23,4000,1899162952,1899162952,1899162952,148452065,1024207,4000,4000,1899162952,010 GENERAL OPERATING FD,23 PRISONS
2018,1,2,02 PURCHASE OF SERVICES,240,ADVERTISING/PROMOTIONAL ACTIVITIES  0240,10,23,400,1899163352,1899163352,1899163352,148452465,1024607,400,400,1899163352,010 GENERAL OPERATING FD,23 PRISONS
2018,1,2,02 PURCHASE OF SERVICES,250,PROFESSIONAL CONSULT/SPEC SERVICES  0250,10,23,94031727,1993195079,1993195079,1993195079,242484192,95056334,94031727,94031727,1993195079,010 GENERAL OPERATING FD,23 PRISONS
2018,1,2,02 PURCHASE OF SERVICES,255,DUES                                0255,10,23,8000,1993203079,1993203079,1993203079,242492192,95064334,8000,8000,1993203079,010 GENERAL OPERATING FD,23 PRISONS
2018,1,2,02 PURCHASE OF SERVICES,256,SEMINAR AND TRAINING SESSIONS       0256,10,23,74500,1993277579,1993277579,1993277579,242566692,95138834,74500,74500,1993277579,010 GENERAL OPERATING FD,23 PRISONS
2018,1,2,02 PURCHASE OF SERVICES,257,ARCHITECTURAL & ENGINEERING SRVCS   0257,10,23,28580,1993306159,1993306159,1993306159,242595272,95167414,28580,28580,1993306159,010 GENERAL OPERATING FD,23 PRISONS
2018,1,2,02 PURCHASE OF SERVICES,260,REPAIR AND MAINTENANCE CHARGES      0260,10,23,1579799,1994885958,1994885958,1994885958,244175071,96747213,1579799,1579799,1994885958,010 GENERAL OPERATING FD,23 PRISONS
2018,1,2,02 PURCHASE OF SERVICES,266,MAINT/SUPPORT-COMPUTR HARDWARE/SOFT 0266,10,23,90000,1994975958,1994975958,1994975958,244265071,96837213,90000,90000,1994975958,010 GENERAL OPERATING FD,23 PRISONS
2018,1,2,02 PURCHASE OF SERVICES,285,RENTS                               0285,10,23,85441,1995061399,1995061399,1995061399,244350512,96922654,85441,85441,1995061399,010 GENERAL OPERATING FD,23 PRISONS
2018,1,2,02 PURCHASE OF SERVICES,290,PAYMENTS FOR CARE OF INDIVIDUALS    0290,10,23,8532347,2003593746,2003593746,2003593746,252882859,105455001,8532347,8532347,2003593746,010 GENERAL OPERATING FD,23 PRISONS
2018,1,3,03 MATERIALS AND SUPPLIES,301,AGRICULTURAL AND BOTANICAL          0301,10,23,5000,2003598746,2003598746,2003598746,252887859,5000,5000,5000,2003598746,010 GENERAL OPERATING FD,23 PRISONS
2018,1,3,03 MATERIALS AND SUPPLIES,302,"ANIMAL, LIVESTOCK AND MARINE LIFE   0302",10,23,2000,2003600746,2003600746,2003600746,252889859,7000,2000,2000,2003600746,010 GENERAL OPERATING FD,23 PRISONS
2018,1,3,03 MATERIALS AND SUPPLIES,303,"BAKESHOP, DINING ROOM AND KITCHEN   0303",10,23,20000,2003620746,2003620746,2003620746,252909859,27000,20000,20000,2003620746,010 GENERAL OPERATING FD,23 PRISONS
2018,1,3,03 MATERIALS AND SUPPLIES,304,BOOKS AND OTHER PUBLICATIONS        0304,10,23,14000,2003634746,2003634746,2003634746,252923859,41000,14000,14000,2003634746,010 GENERAL OPERATING FD,23 PRISONS
2018,1,3,03 MATERIALS AND SUPPLIES,305,BUILDING AND CONSTRUCTION           0305,10,23,244590,2003879336,2003879336,2003879336,253168449,285590,244590,244590,2003879336,010 GENERAL OPERATING FD,23 PRISONS
2018,1,3,03 MATERIALS AND SUPPLIES,307,CHEMICALS AND GASES                 0307,10,23,14514,2003893850,2003893850,2003893850,253182963,300104,14514,14514,2003893850,010 GENERAL OPERATING FD,23 PRISONS
2018,1,3,03 MATERIALS AND SUPPLIES,308,DRY GOODS/NOTIONS/WEARING APPAREL   0308,10,23,1586000,2005479850,2005479850,2005479850,254768963,1886104,1586000,1586000,2005479850,010 GENERAL OPERATING FD,23 PRISONS
2018,1,3,03 MATERIALS AND SUPPLIES,309,CORDAGE AND FIBERS                  0309,10,23,500,2005480350,2005480350,2005480350,254769463,1886604,500,500,2005480350,010 GENERAL OPERATING FD,23 PRISONS
2018,1,3,03 MATERIALS AND SUPPLIES,310,ELECTRICAL AND COMMUNICATION        0310,10,23,140000,2005620350,2005620350,2005620350,254909463,2026604,140000,140000,2005620350,010 GENERAL OPERATING FD,23 PRISONS
2018,1,3,03 MATERIALS AND SUPPLIES,311,GENERAL EQUIPMENT AND MACHINERY     0311,10,23,62000,2005682350,2005682350,2005682350,254971463,2088604,62000,62000,2005682350,010 GENERAL OPERATING FD,23 PRISONS
2018,1,3,03 MATERIALS AND SUPPLIES,312,FIRE FIGHTING AND SAFETY            0312,10,23,198119,2005880469,2005880469,2005880469,255169582,2286723,198119,198119,2005880469,010 GENERAL OPERATING FD,23 PRISONS
2018,1,3,03 MATERIALS AND SUPPLIES,313,FOOD                                0313,10,23,6000,2005886469,2005886469,2005886469,255175582,2292723,6000,6000,2005886469,010 GENERAL OPERATING FD,23 PRISONS
2018,1,3,03 MATERIALS AND SUPPLIES,314,FUEL -- HEATING AND LIGHTING        0314,10,23,69375,2005955844,2005955844,2005955844,255244957,2362098,69375,69375,2005955844,010 GENERAL OPERATING FD,23 PRISONS
2018,1,3,03 MATERIALS AND SUPPLIES,316,GENERAL HARDWARE AND MINOR TOOLS    0316,10,23,118000,2006073844,2006073844,2006073844,255362957,2480098,118000,118000,2006073844,010 GENERAL OPERATING FD,23 PRISONS
2018,1,3,03 MATERIALS AND SUPPLIES,317,HOSPITAL AND LABORATORY             0317,10,23,73000,2006146844,2006146844,2006146844,255435957,2553098,73000,73000,2006146844,010 GENERAL OPERATING FD,23 PRISONS
2018,1,3,03 MATERIALS AND SUPPLIES,318,"JANITORIAL, LAUNDRY AND HOUSEHOLD   0318",10,23,752000,2006898844,2006898844,2006898844,256187957,3305098,752000,752000,2006898844,010 GENERAL OPERATING FD,23 PRISONS
2018,1,3,03 MATERIALS AND SUPPLIES,320,OFFICE MATERIALS AND SUPPLIES       0320,10,23,202500,2007101344,2007101344,2007101344,256390457,3507598,202500,202500,2007101344,010 GENERAL OPERATING FD,23 PRISONS
2018,1,3,03 MATERIALS AND SUPPLIES,322,SMALL POWER TOOLS AND HAND TOOLS    0322,10,23,25000,2007126344,2007126344,2007126344,256415457,3532598,25000,25000,2007126344,010 GENERAL OPERATING FD,23 PRISONS
2018,1,3,03 MATERIALS AND SUPPLIES,323,PLUMBING/AIR CONDITIONING/SPACE HTG 0323,10,23,252000,2007378344,2007378344,2007378344,256667457,3784598,252000,252000,2007378344,010 GENERAL OPERATING FD,23 PRISONS
2018,1,3,03 MATERIALS AND SUPPLIES,324,"PRECISION, PHOTOGRAPHIC AND ARTISTS 0324",10,23,297400,2007675744,2007675744,2007675744,256964857,4081998,297400,297400,2007675744,010 GENERAL OPERATING FD,23 PRISONS
2018,1,3,03 MATERIALS AND SUPPLIES,325,PRINTING                            0325,10,23,108500,2007784244,2007784244,2007784244,257073357,4190498,108500,108500,2007784244,010 GENERAL OPERATING FD,23 PRISONS
2018,1,3,03 MATERIALS AND SUPPLIES,326,RECREATIONAL AND EDUCATIONAL        0326,10,23,1800,2007786044,2007786044,2007786044,257075157,4192298,1800,1800,2007786044,010 GENERAL OPERATING FD,23 PRISONS
2018,1,3,03 MATERIALS AND SUPPLIES,328,MOTOR VEHICLE PARTS AND ACCESSORIES 0328,10,23,5000,2007791044,2007791044,2007791044,257080157,4197298,5000,5000,2007791044,010 GENERAL OPERATING FD,23 PRISONS
2018,1,3,03 MATERIALS AND SUPPLIES,340,#2 DIESEL FUEL                      0340,10,23,8000,2007799044,2007799044,2007799044,257088157,4205298,8000,8000,2007799044,010 GENERAL OPERATING FD,23 PRISONS
2018,1,3,03 MATERIALS AND SUPPLIES,342,LIQUID PROPANE GAS (LPG)            0342,10,23,4000,2007803044,2007803044,2007803044,257092157,4209298,4000,4000,2007803044,010 GENERAL OPERATING FD,23 PRISONS
2018,1,4,04 EQUIPMENT,405,"CONSTRUCTION, DREDGING, CONVEYING   0405",10,23,30000,2007833044,2007833044,2007833044,257122157,30000,30000,30000,2007833044,010 GENERAL OPERATING FD,23 PRISONS
2018,1,4,04 EQUIPMENT,410,ELECTRICAL LIGHTING COMMUNICATION   0410,10,23,14000,2007847044,2007847044,2007847044,257136157,44000,14000,14000,2007847044,010 GENERAL OPERATING FD,23 PRISONS
2018,1,4,04 EQUIPMENT,411,GENERAL EQUIPMENT AND MACHINERY     0411,10,23,19000,2007866044,2007866044,2007866044,257155157,63000,19000,19000,2007866044,010 GENERAL OPERATING FD,23 PRISONS
2018,1,4,04 EQUIPMENT,412,FIRE FIGHTING AND EMERGENCY         0412,10,23,17000,2007883044,2007883044,2007883044,257172157,80000,17000,17000,2007883044,010 GENERAL OPERATING FD,23 PRISONS
2018,1,4,04 EQUIPMENT,420,OFFICE EQUIPMENT                    0420,10,23,18000,2007901044,2007901044,2007901044,257190157,98000,18000,18000,2007901044,010 GENERAL OPERATING FD,23 PRISONS
2018,1,4,04 EQUIPMENT,423,PLUMBING/AIR CONDITIONING/SPACE HTG 0423,10,23,97246,2007998290,2007998290,2007998290,257287403,195246,97246,97246,2007998290,010 GENERAL OPERATING FD,23 PRISONS
2018,1,4,04 EQUIPMENT,424,"PRECISION, PHOTOGRAPHIC AND ARTIST  0424",10,23,6200,2008004490,2008004490,2008004490,257293603,201446,6200,6200,2008004490,010 GENERAL OPERATING FD,23 PRISONS
2018,1,4,04 EQUIPMENT,426,RECREATIONAL AND EDUCATIONAL        0426,10,23,19000,2008023490,2008023490,2008023490,257312603,220446,19000,19000,2008023490,010 GENERAL OPERATING FD,23 PRISONS
2018,1,4,04 EQUIPMENT,427,COMPUTER EQUIPMENT & PERIPHERALS    0427,10,23,269000,2008292490,2008292490,2008292490,257581603,489446,269000,269000,2008292490,010 GENERAL OPERATING FD,23 PRISONS
2018,1,4,04 EQUIPMENT,430,FURNITURE AND FURNISHINGS           0430,10,23,75000,2008367490,2008367490,2008367490,257656603,564446,75000,75000,2008367490,010 GENERAL OPERATING FD,23 PRISONS
2018,1,5,"05 CONTRIBUTIONS,INDEMNITIES,REFDS,TAXES",506,PRISONER INMATE & RESIDENT PAYMENTS 0506,10,23,1301757,2009669247,2009669247,2009669247,258958360,1301757,1301757,1301757,2009669247,010 GENERAL OPERATING FD,23 PRISONS
2018,1,1,01 PERSONAL SERVICES,100,SALARY CONTROL                      0100,10,24,5000,2009674247,2009674247,2009674247,5000,5000,5000,5000,2009674247,010 GENERAL OPERATING FD,24 OFFICE OF SUPPORTIVE HOUSING
2018,1,1,01 PERSONAL SERVICES,101,PERM FULL TIME-CIVILIAN             0101,10,24,1251191,2010925438,2010925438,2010925438,1256191,1256191,8498696,1251191,2010925438,010 GENERAL OPERATING FD,24 OFFICE OF SUPPORTIVE HOUSING
2018,1,1,01 PERSONAL SERVICES,101,PERM FULL TIME-CIVILIAN             0101,10,24,5509767,2016435205,2016435205,2016435205,6765958,6765958,8498696,6760958,2016435205,010 GENERAL OPERATING FD,24 OFFICE OF SUPPORTIVE HOUSING
2018,1,1,01 PERSONAL SERVICES,101,PERM FULL TIME-CIVILIAN             0101,10,24,1737738,2018172943,2018172943,2018172943,8503696,8503696,8498696,8498696,2018172943,010 GENERAL OPERATING FD,24 OFFICE OF SUPPORTIVE HOUSING
2018,1,1,01 PERSONAL SERVICES,109,PLUS/MINUS GROSS ADJ                0109,10,24,2427,2018175370,2018175370,2018175370,8506123,8506123,2427,2427,2018175370,010 GENERAL OPERATING FD,24 OFFICE OF SUPPORTIVE HOUSING
2018,1,1,01 PERSONAL SERVICES,111,PERM PART TIME                      0111,10,24,230,2018175600,2018175600,2018175600,8506353,8506353,230,230,2018175600,010 GENERAL OPERATING FD,24 OFFICE OF SUPPORTIVE HOUSING
2018,1,1,01 PERSONAL SERVICES,161,OVERTIME-CIVILIAN                   0161,10,24,2005,2018177605,2018177605,2018177605,8508358,8508358,245349,2005,2018177605,010 GENERAL OPERATING FD,24 OFFICE OF SUPPORTIVE HOUSING
2018,1,1,01 PERSONAL SERVICES,161,OVERTIME-CIVILIAN                   0161,10,24,63644,2018241249,2018241249,2018241249,8572002,8572002,245349,65649,2018241249,010 GENERAL OPERATING FD,24 OFFICE OF SUPPORTIVE HOUSING
2018,1,1,01 PERSONAL SERVICES,161,OVERTIME-CIVILIAN                   0161,10,24,179700,2018420949,2018420949,2018420949,8751702,8751702,245349,245349,2018420949,010 GENERAL OPERATING FD,24 OFFICE OF SUPPORTIVE HOUSING
2018,1,1,01 PERSONAL SERVICES,171,"HOLIDAY ""G""(2/3 SHIFTS)             0171",10,24,296,2018421245,2018421245,2018421245,8751998,8751998,36952,296,2018421245,010 GENERAL OPERATING FD,24 OFFICE OF SUPPORTIVE HOUSING
2018,1,1,01 PERSONAL SERVICES,171,"HOLIDAY ""G""(2/3 SHIFTS)             0171",10,24,36656,2018457901,2018457901,2018457901,8788654,8788654,36952,36952,2018457901,010 GENERAL OPERATING FD,24 OFFICE OF SUPPORTIVE HOUSING
2018,1,1,01 PERSONAL SERVICES,181,SHIFT                               0181,10,24,13540,2018471441,2018471441,2018471441,8802194,8802194,13540,13540,2018471441,010 GENERAL OPERATING FD,24 OFFICE OF SUPPORTIVE HOUSING
2018,1,2,02 PURCHASE OF SERVICES,201,CLEANING AND LAUNDERING             0201,10,24,4000,2018475441,2018475441,2018475441,8806194,4000,40000,4000,2018475441,010 GENERAL OPERATING FD,24 OFFICE OF SUPPORTIVE HOUSING
2018,1,2,02 PURCHASE OF SERVICES,201,CLEANING AND LAUNDERING             0201,10,24,36000,2018511441,2018511441,2018511441,8842194,40000,40000,40000,2018511441,010 GENERAL OPERATING FD,24 OFFICE OF SUPPORTIVE HOUSING
2018,1,2,02 PURCHASE OF SERVICES,209,TELEPHONE                           0209,10,24,20000,2018531441,2018531441,2018531441,8862194,60000,20000,20000,2018531441,010 GENERAL OPERATING FD,24 OFFICE OF SUPPORTIVE HOUSING
2018,1,2,02 PURCHASE OF SERVICES,210,POSTAGE                             0210,10,24,1500,2018532941,2018532941,2018532941,8863694,61500,3000,1500,2018532941,010 GENERAL OPERATING FD,24 OFFICE OF SUPPORTIVE HOUSING
2018,1,2,02 PURCHASE OF SERVICES,210,POSTAGE                             0210,10,24,1500,2018534441,2018534441,2018534441,8865194,63000,3000,3000,2018534441,010 GENERAL OPERATING FD,24 OFFICE OF SUPPORTIVE HOUSING
2018,1,2,02 PURCHASE OF SERVICES,211,TRANSPORTATION                      0211,10,24,2800,2018537241,2018537241,2018537241,8867994,65800,5321,2800,2018537241,010 GENERAL OPERATING FD,24 OFFICE OF SUPPORTIVE HOUSING
2018,1,2,02 PURCHASE OF SERVICES,211,TRANSPORTATION                      0211,10,24,2521,2018539762,2018539762,2018539762,8870515,68321,5321,5321,2018539762,010 GENERAL OPERATING FD,24 OFFICE OF SUPPORTIVE HOUSING
2018,1,2,02 PURCHASE OF SERVICES,215,LICENSES PERMITS INSPECTION CHARGES 0215,10,24,150,2018539912,2018539912,2018539912,8870665,68471,150,150,2018539912,010 GENERAL OPERATING FD,24 OFFICE OF SUPPORTIVE HOUSING
2018,1,2,02 PURCHASE OF SERVICES,250,PROFESSIONAL CONSULT/SPEC SERVICES  0250,10,24,170282,2018710194,2018710194,2018710194,9040947,238753,5613222,170282,2018710194,010 GENERAL OPERATING FD,24 OFFICE OF SUPPORTIVE HOUSING
2018,1,2,02 PURCHASE OF SERVICES,250,PROFESSIONAL CONSULT/SPEC SERVICES  0250,10,24,5442940,2024153134,2024153134,2024153134,14483887,5681693,5613222,5613222,2024153134,010 GENERAL OPERATING FD,24 OFFICE OF SUPPORTIVE HOUSING
2018,1,2,02 PURCHASE OF SERVICES,251,INFORMATION TECHNOLOGY-PROF SERVICE 0251,10,24,141785,2024294919,2024294919,2024294919,14625672,5823478,141785,141785,2024294919,010 GENERAL OPERATING FD,24 OFFICE OF SUPPORTIVE HOUSING
2018,1,2,02 PURCHASE OF SERVICES,253,LEGAL SERVICES                      0253,10,24,80000,2024374919,2024374919,2024374919,14705672,5903478,80000,80000,2024374919,010 GENERAL OPERATING FD,24 OFFICE OF SUPPORTIVE HOUSING
2018,1,2,02 PURCHASE OF SERVICES,254,MENTAL HEALTH & RETARDATION SERVICE 0254,10,24,16200,2024391119,2024391119,2024391119,14721872,5919678,16200,16200,2024391119,010 GENERAL OPERATING FD,24 OFFICE OF SUPPORTIVE HOUSING
2018,1,2,02 PURCHASE OF SERVICES,255,DUES                                0255,10,24,1380,2024392499,2024392499,2024392499,14723252,5921058,1380,1380,2024392499,010 GENERAL OPERATING FD,24 OFFICE OF SUPPORTIVE HOUSING
2018,1,2,02 PURCHASE OF SERVICES,256,SEMINAR AND TRAINING SESSIONS       0256,10,24,1225,2024393724,2024393724,2024393724,14724477,5922283,4225,1225,2024393724,010 GENERAL OPERATING FD,24 OFFICE OF SUPPORTIVE HOUSING
2018,1,2,02 PURCHASE OF SERVICES,256,SEMINAR AND TRAINING SESSIONS       0256,10,24,3000,2024396724,2024396724,2024396724,14727477,5925283,4225,4225,2024396724,010 GENERAL OPERATING FD,24 OFFICE OF SUPPORTIVE HOUSING
2018,1,2,02 PURCHASE OF SERVICES,260,REPAIR AND MAINTENANCE CHARGES      0260,10,24,146650,2024543374,2024543374,2024543374,14874127,6071933,170650,146650,2024543374,010 GENERAL OPERATING FD,24 OFFICE OF SUPPORTIVE HOUSING
2018,1,2,02 PURCHASE OF SERVICES,260,REPAIR AND MAINTENANCE CHARGES      0260,10,24,24000,2024567374,2024567374,2024567374,14898127,6095933,170650,170650,2024567374,010 GENERAL OPERATING FD,24 OFFICE OF SUPPORTIVE HOUSING
2018,1,2,02 PURCHASE OF SERVICES,280,INSURANCE AND OFFICIAL BONDS        0280,10,24,120,2024567494,2024567494,2024567494,14898247,6096053,120,120,2024567494,010 GENERAL OPERATING FD,24 OFFICE OF SUPPORTIVE HOUSING
2018,1,2,02 PURCHASE OF SERVICES,284,GROUND AND BUILDING RENTAL          0284,10,24,2817433,2027384927,2027384927,2027384927,17715680,8913486,2817433,2817433,2027384927,010 GENERAL OPERATING FD,24 OFFICE OF SUPPORTIVE HOUSING
2018,1,2,02 PURCHASE OF SERVICES,285,RENTS                               0285,10,24,6000,2027390927,2027390927,2027390927,17721680,8919486,31000,6000,2027390927,010 GENERAL OPERATING FD,24 OFFICE OF SUPPORTIVE HOUSING
2018,1,2,02 PURCHASE OF SERVICES,285,RENTS                               0285,10,24,25000,2027415927,2027415927,2027415927,17746680,8944486,31000,31000,2027415927,010 GENERAL OPERATING FD,24 OFFICE OF SUPPORTIVE HOUSING
2018,1,2,02 PURCHASE OF SERVICES,290,PAYMENTS FOR CARE OF INDIVIDUALS    0290,10,24,30124729,2057540656,2057540656,2057540656,47871409,39069215,30124729,30124729,2057540656,010 GENERAL OPERATING FD,24 OFFICE OF SUPPORTIVE HOUSING
2018,1,3,03 MATERIALS AND SUPPLIES,305,BUILDING AND CONSTRUCTION           0305,10,24,2790,2057543446,2057543446,2057543446,47874199,2790,7558,2790,2057543446,010 GENERAL OPERATING FD,24 OFFICE OF SUPPORTIVE HOUSING
2018,1,3,03 MATERIALS AND SUPPLIES,305,BUILDING AND CONSTRUCTION           0305,10,24,4768,2057548214,2057548214,2057548214,47878967,7558,7558,7558,2057548214,010 GENERAL OPERATING FD,24 OFFICE OF SUPPORTIVE HOUSING
2018,1,3,03 MATERIALS AND SUPPLIES,308,DRY GOODS/NOTIONS/WEARING APPAREL   0308,10,24,6781,2057554995,2057554995,2057554995,47885748,14339,7281,6781,2057554995,010 GENERAL OPERATING FD,24 OFFICE OF SUPPORTIVE HOUSING
2018,1,3,03 MATERIALS AND SUPPLIES,308,DRY GOODS/NOTIONS/WEARING APPAREL   0308,10,24,500,2057555495,2057555495,2057555495,47886248,14839,7281,7281,2057555495,010 GENERAL OPERATING FD,24 OFFICE OF SUPPORTIVE HOUSING
2018,1,3,03 MATERIALS AND SUPPLIES,310,ELECTRICAL AND COMMUNICATION        0310,10,24,2500,2057557995,2057557995,2057557995,47888748,17339,2500,2500,2057557995,010 GENERAL OPERATING FD,24 OFFICE OF SUPPORTIVE HOUSING
2018,1,3,03 MATERIALS AND SUPPLIES,313,FOOD                                0313,10,24,2099,2057560094,2057560094,2057560094,47890847,19438,2099,2099,2057560094,010 GENERAL OPERATING FD,24 OFFICE OF SUPPORTIVE HOUSING
2018,1,3,03 MATERIALS AND SUPPLIES,314,FUEL -- HEATING AND LIGHTING        0314,10,24,7500,2057567594,2057567594,2057567594,47898347,26938,7500,7500,2057567594,010 GENERAL OPERATING FD,24 OFFICE OF SUPPORTIVE HOUSING
2018,1,3,03 MATERIALS AND SUPPLIES,316,GENERAL HARDWARE AND MINOR TOOLS    0316,10,24,21688,2057589282,2057589282,2057589282,47920035,48626,21688,21688,2057589282,010 GENERAL OPERATING FD,24 OFFICE OF SUPPORTIVE HOUSING
2018,1,3,03 MATERIALS AND SUPPLIES,317,HOSPITAL AND LABORATORY             0317,10,24,39512,2057628794,2057628794,2057628794,47959547,88138,39512,39512,2057628794,010 GENERAL OPERATING FD,24 OFFICE OF SUPPORTIVE HOUSING
2018,1,3,03 MATERIALS AND SUPPLIES,318,"JANITORIAL, LAUNDRY AND HOUSEHOLD   0318",10,24,1989,2057630783,2057630783,2057630783,47961536,90127,41706,1989,2057630783,010 GENERAL OPERATING FD,24 OFFICE OF SUPPORTIVE HOUSING
2018,1,3,03 MATERIALS AND SUPPLIES,318,"JANITORIAL, LAUNDRY AND HOUSEHOLD   0318",10,24,39717,2057670500,2057670500,2057670500,48001253,129844,41706,41706,2057670500,010 GENERAL OPERATING FD,24 OFFICE OF SUPPORTIVE HOUSING
2018,1,3,03 MATERIALS AND SUPPLIES,320,OFFICE MATERIALS AND SUPPLIES       0320,10,24,16520,2057687020,2057687020,2057687020,48017773,146364,30314,16520,2057687020,010 GENERAL OPERATING FD,24 OFFICE OF SUPPORTIVE HOUSING
2018,1,3,03 MATERIALS AND SUPPLIES,320,OFFICE MATERIALS AND SUPPLIES       0320,10,24,13794,2057700814,2057700814,2057700814,48031567,160158,30314,30314,2057700814,010 GENERAL OPERATING FD,24 OFFICE OF SUPPORTIVE HOUSING
2018,1,3,03 MATERIALS AND SUPPLIES,323,PLUMBING/AIR CONDITIONING/SPACE HTG 0323,10,24,12500,2057713314,2057713314,2057713314,48044067,172658,12500,12500,2057713314,010 GENERAL OPERATING FD,24 OFFICE OF SUPPORTIVE HOUSING
2018,1,3,03 MATERIALS AND SUPPLIES,324,"PRECISION, PHOTOGRAPHIC AND ARTISTS 0324",10,24,7408,2057720722,2057720722,2057720722,48051475,180066,9539,7408,2057720722,010 GENERAL OPERATING FD,24 OFFICE OF SUPPORTIVE HOUSING
2018,1,3,03 MATERIALS AND SUPPLIES,324,"PRECISION, PHOTOGRAPHIC AND ARTISTS 0324",10,24,2131,2057722853,2057722853,2057722853,48053606,182197,9539,9539,2057722853,010 GENERAL OPERATING FD,24 OFFICE OF SUPPORTIVE HOUSING
2018,1,3,03 MATERIALS AND SUPPLIES,325,PRINTING                            0325,10,24,1871,2057724724,2057724724,2057724724,48055477,184068,1896,1871,2057724724,010 GENERAL OPERATING FD,24 OFFICE OF SUPPORTIVE HOUSING
2018,1,3,03 MATERIALS AND SUPPLIES,325,PRINTING                            0325,10,24,25,2057724749,2057724749,2057724749,48055502,184093,1896,1896,2057724749,010 GENERAL OPERATING FD,24 OFFICE OF SUPPORTIVE HOUSING
2018,1,3,03 MATERIALS AND SUPPLIES,326,RECREATIONAL AND EDUCATIONAL        0326,10,24,430,2057725179,2057725179,2057725179,48055932,184523,551,430,2057725179,010 GENERAL OPERATING FD,24 OFFICE OF SUPPORTIVE HOUSING
2018,1,3,03 MATERIALS AND SUPPLIES,326,RECREATIONAL AND EDUCATIONAL        0326,10,24,121,2057725300,2057725300,2057725300,48056053,184644,551,551,2057725300,010 GENERAL OPERATING FD,24 OFFICE OF SUPPORTIVE HOUSING
2018,1,4,04 EQUIPMENT,420,OFFICE EQUIPMENT                    0420,10,24,5000,2057730300,2057730300,2057730300,48061053,5000,34543,5000,2057730300,010 GENERAL OPERATING FD,24 OFFICE OF SUPPORTIVE HOUSING
2018,1,4,04 EQUIPMENT,420,OFFICE EQUIPMENT                    0420,10,24,29543,2057759843,2057759843,2057759843,48090596,34543,34543,34543,2057759843,010 GENERAL OPERATING FD,24 OFFICE OF SUPPORTIVE HOUSING
2018,1,4,04 EQUIPMENT,427,COMPUTER EQUIPMENT & PERIPHERALS    0427,10,24,25388,2057785231,2057785231,2057785231,48115984,59931,50388,25388,2057785231,010 GENERAL OPERATING FD,24 OFFICE OF SUPPORTIVE HOUSING
2018,1,4,04 EQUIPMENT,427,COMPUTER EQUIPMENT & PERIPHERALS    0427,10,24,25000,2057810231,2057810231,2057810231,48140984,84931,50388,50388,2057810231,010 GENERAL OPERATING FD,24 OFFICE OF SUPPORTIVE HOUSING
2018,1,4,04 EQUIPMENT,430,FURNITURE AND FURNISHINGS           0430,10,24,22552,2057832783,2057832783,2057832783,48163536,107483,73552,22552,2057832783,010 GENERAL OPERATING FD,24 OFFICE OF SUPPORTIVE HOUSING
2018,1,4,04 EQUIPMENT,430,FURNITURE AND FURNISHINGS           0430,10,24,51000,2057883783,2057883783,2057883783,48214536,158483,73552,73552,2057883783,010 GENERAL OPERATING FD,24 OFFICE OF SUPPORTIVE HOUSING
2018,1,4,04 EQUIPMENT,499,OTHER EQUIPMENT (NOC)               0499,10,24,1000,2057884783,2057884783,2057884783,48215536,159483,1000,1000,2057884783,010 GENERAL OPERATING FD,24 OFFICE OF SUPPORTIVE HOUSING
2018,1,5,"05 CONTRIBUTIONS,INDEMNITIES,REFDS,TAXES",506,PRISONER INMATE & RESIDENT PAYMENTS 0506,10,24,32421,2057917204,2057917204,2057917204,48247957,32421,32421,32421,2057917204,010 GENERAL OPERATING FD,24 OFFICE OF SUPPORTIVE HOUSING
2018,1,1,01 PERSONAL SERVICES,100,SALARY CONTROL                      0100,10,25,32663,2057949867,2057949867,2057949867,32663,32663,32663,32663,2057949867,010 GENERAL OPERATING FD,25 FLEET MANAGEMENT
2018,1,1,01 PERSONAL SERVICES,101,PERM FULL TIME-CIVILIAN             0101,10,25,13494534,2071444401,2071444401,2071444401,13527197,13527197,15712715,13494534,2071444401,010 GENERAL OPERATING FD,25 FLEET MANAGEMENT
2018,1,1,01 PERSONAL SERVICES,101,PERM FULL TIME-CIVILIAN             0101,10,25,2218181,2073662582,2073662582,2073662582,15745378,15745378,15712715,15712715,2073662582,010 GENERAL OPERATING FD,25 FLEET MANAGEMENT
2018,1,1,01 PERSONAL SERVICES,109,PLUS/MINUS GROSS ADJ                0109,10,25,155853,2073818435,2073818435,2073818435,15901231,15901231,184478,155853,2073818435,010 GENERAL OPERATING FD,25 FLEET MANAGEMENT
2018,1,1,01 PERSONAL SERVICES,109,PLUS/MINUS GROSS ADJ                0109,10,25,28625,2073847060,2073847060,2073847060,15929856,15929856,184478,184478,2073847060,010 GENERAL OPERATING FD,25 FLEET MANAGEMENT
2018,1,1,01 PERSONAL SERVICES,121,TEMPORARY/SEASONAL                  0121,10,25,110951,2073958011,2073958011,2073958011,16040807,16040807,110951,110951,2073958011,010 GENERAL OPERATING FD,25 FLEET MANAGEMENT
2018,1,1,01 PERSONAL SERVICES,161,OVERTIME-CIVILIAN                   0161,10,25,1673836,2075631847,2075631847,2075631847,17714643,17714643,1768574,1673836,2075631847,010 GENERAL OPERATING FD,25 FLEET MANAGEMENT
2018,1,1,01 PERSONAL SERVICES,161,OVERTIME-CIVILIAN                   0161,10,25,94738,2075726585,2075726585,2075726585,17809381,17809381,1768574,1768574,2075726585,010 GENERAL OPERATING FD,25 FLEET MANAGEMENT
2018,1,1,01 PERSONAL SERVICES,171,"HOLIDAY ""G""(2/3 SHIFTS)             0171",10,25,117508,2075844093,2075844093,2075844093,17926889,17926889,117508,117508,2075844093,010 GENERAL OPERATING FD,25 FLEET MANAGEMENT
2018,1,1,01 PERSONAL SERVICES,181,SHIFT                               0181,10,25,62040,2075906133,2075906133,2075906133,17988929,17988929,62040,62040,2075906133,010 GENERAL OPERATING FD,25 FLEET MANAGEMENT
2018,1,1,01 PERSONAL SERVICES,199,SICK PAY(B TIME)-CIVILIAN           0199,10,25,20330,2075926463,2075926463,2075926463,18009259,18009259,20330,20330,2075926463,010 GENERAL OPERATING FD,25 FLEET MANAGEMENT
2018,1,2,02 PURCHASE OF SERVICES,201,CLEANING AND LAUNDERING             0201,10,25,62000,2075988463,2075988463,2075988463,18071259,62000,62000,62000,2075988463,010 GENERAL OPERATING FD,25 FLEET MANAGEMENT
2018,1,2,02 PURCHASE OF SERVICES,202,JANITORIAL SERVICES                 0202,10,25,278000,2076266463,2076266463,2076266463,18349259,340000,278000,278000,2076266463,010 GENERAL OPERATING FD,25 FLEET MANAGEMENT
2018,1,2,02 PURCHASE OF SERVICES,209,TELEPHONE                           0209,10,25,5000,2076271463,2076271463,2076271463,18354259,345000,10000,5000,2076271463,010 GENERAL OPERATING FD,25 FLEET MANAGEMENT
2018,1,2,02 PURCHASE OF SERVICES,209,TELEPHONE                           0209,10,25,5000,2076276463,2076276463,2076276463,18359259,350000,10000,10000,2076276463,010 GENERAL OPERATING FD,25 FLEET MANAGEMENT
2018,1,2,02 PURCHASE OF SERVICES,210,POSTAGE                             0210,10,25,2000,2076278463,2076278463,2076278463,18361259,352000,2000,2000,2076278463,010 GENERAL OPERATING FD,25 FLEET MANAGEMENT
2018,1,2,02 PURCHASE OF SERVICES,211,TRANSPORTATION                      0211,10,25,10000,2076288463,2076288463,2076288463,18371259,362000,10000,10000,2076288463,010 GENERAL OPERATING FD,25 FLEET MANAGEMENT
2018,1,2,02 PURCHASE OF SERVICES,215,LICENSES PERMITS INSPECTION CHARGES 0215,10,25,83000,2076371463,2076371463,2076371463,18454259,445000,83000,83000,2076371463,010 GENERAL OPERATING FD,25 FLEET MANAGEMENT
2018,1,2,02 PURCHASE OF SERVICES,216,COMMERCIAL OFF-SHELF COMP SOFTWARE  0216,10,25,2000,2076373463,2076373463,2076373463,18456259,447000,2000,2000,2076373463,010 GENERAL OPERATING FD,25 FLEET MANAGEMENT
2018,1,2,02 PURCHASE OF SERVICES,250,PROFESSIONAL CONSULT/SPEC SERVICES  0250,10,25,305000,2076678463,2076678463,2076678463,18761259,752000,575000,305000,2076678463,010 GENERAL OPERATING FD,25 FLEET MANAGEMENT
2018,1,2,02 PURCHASE OF SERVICES,250,PROFESSIONAL CONSULT/SPEC SERVICES  0250,10,25,270000,2076948463,2076948463,2076948463,19031259,1022000,575000,575000,2076948463,010 GENERAL OPERATING FD,25 FLEET MANAGEMENT
2018,1,2,02 PURCHASE OF SERVICES,251,INFORMATION TECHNOLOGY-PROF SERVICE 0251,10,25,140000,2077088463,2077088463,2077088463,19171259,1162000,140000,140000,2077088463,010 GENERAL OPERATING FD,25 FLEET MANAGEMENT
2018,1,2,02 PURCHASE OF SERVICES,255,DUES                                0255,10,25,2000,2077090463,2077090463,2077090463,19173259,1164000,2000,2000,2077090463,010 GENERAL OPERATING FD,25 FLEET MANAGEMENT
2018,1,2,02 PURCHASE OF SERVICES,256,SEMINAR AND TRAINING SESSIONS       0256,10,25,19200,2077109663,2077109663,2077109663,19192459,1183200,24000,19200,2077109663,010 GENERAL OPERATING FD,25 FLEET MANAGEMENT
2018,1,2,02 PURCHASE OF SERVICES,256,SEMINAR AND TRAINING SESSIONS       0256,10,25,4800,2077114463,2077114463,2077114463,19197259,1188000,24000,24000,2077114463,010 GENERAL OPERATING FD,25 FLEET MANAGEMENT
2018,1,2,02 PURCHASE OF SERVICES,260,REPAIR AND MAINTENANCE CHARGES      0260,10,25,3208396,2080322859,2080322859,2080322859,22405655,4396396,3416396,3208396,2080322859,010 GENERAL OPERATING FD,25 FLEET MANAGEMENT
2018,1,2,02 PURCHASE OF SERVICES,260,REPAIR AND MAINTENANCE CHARGES      0260,10,25,208000,2080530859,2080530859,2080530859,22613655,4604396,3416396,3416396,2080530859,010 GENERAL OPERATING FD,25 FLEET MANAGEMENT
2018,1,2,02 PURCHASE OF SERVICES,280,INSURANCE AND OFFICIAL BONDS        0280,10,25,12000,2080542859,2080542859,2080542859,22625655,4616396,12000,12000,2080542859,010 GENERAL OPERATING FD,25 FLEET MANAGEMENT
2018,1,2,02 PURCHASE OF SERVICES,283,LEASE PURCHASE -- VEHICLES          0283,10,25,4500000,2085042859,2085042859,2085042859,27125655,9116396,4500000,4500000,2085042859,010 GENERAL OPERATING FD,25 FLEET MANAGEMENT
2018,1,2,02 PURCHASE OF SERVICES,285,RENTS                               0285,10,25,90000,2085132859,2085132859,2085132859,27215655,9206396,90000,90000,2085132859,010 GENERAL OPERATING FD,25 FLEET MANAGEMENT
2018,1,2,02 PURCHASE OF SERVICES,286,RENTAL OF PARKING SPACES            0286,10,25,398000,2085530859,2085530859,2085530859,27613655,9604396,398000,398000,2085530859,010 GENERAL OPERATING FD,25 FLEET MANAGEMENT
2018,1,3,03 MATERIALS AND SUPPLIES,304,BOOKS AND OTHER PUBLICATIONS        0304,10,25,90000,2085620859,2085620859,2085620859,27703655,90000,90000,90000,2085620859,010 GENERAL OPERATING FD,25 FLEET MANAGEMENT
2018,1,3,03 MATERIALS AND SUPPLIES,305,BUILDING AND CONSTRUCTION           0305,10,25,210000,2085830859,2085830859,2085830859,27913655,300000,210000,210000,2085830859,010 GENERAL OPERATING FD,25 FLEET MANAGEMENT
2018,1,3,03 MATERIALS AND SUPPLIES,307,CHEMICALS AND GASES                 0307,10,25,148000,2085978859,2085978859,2085978859,28061655,448000,148000,148000,2085978859,010 GENERAL OPERATING FD,25 FLEET MANAGEMENT
2018,1,3,03 MATERIALS AND SUPPLIES,308,DRY GOODS/NOTIONS/WEARING APPAREL   0308,10,25,132000,2086110859,2086110859,2086110859,28193655,580000,132000,132000,2086110859,010 GENERAL OPERATING FD,25 FLEET MANAGEMENT
2018,1,3,03 MATERIALS AND SUPPLIES,310,ELECTRICAL AND COMMUNICATION        0310,10,25,2000,2086112859,2086112859,2086112859,28195655,582000,2000,2000,2086112859,010 GENERAL OPERATING FD,25 FLEET MANAGEMENT
2018,1,3,03 MATERIALS AND SUPPLIES,311,GENERAL EQUIPMENT AND MACHINERY     0311,10,25,1000,2086113859,2086113859,2086113859,28196655,583000,1000,1000,2086113859,010 GENERAL OPERATING FD,25 FLEET MANAGEMENT
2018,1,3,03 MATERIALS AND SUPPLIES,312,FIRE FIGHTING AND SAFETY            0312,10,25,20000,2086133859,2086133859,2086133859,28216655,603000,20000,20000,2086133859,010 GENERAL OPERATING FD,25 FLEET MANAGEMENT
2018,1,3,03 MATERIALS AND SUPPLIES,313,FOOD                                0313,10,25,2000,2086135859,2086135859,2086135859,28218655,605000,2000,2000,2086135859,010 GENERAL OPERATING FD,25 FLEET MANAGEMENT
2018,1,3,03 MATERIALS AND SUPPLIES,314,FUEL -- HEATING AND LIGHTING        0314,10,25,14000,2086149859,2086149859,2086149859,28232655,619000,14000,14000,2086149859,010 GENERAL OPERATING FD,25 FLEET MANAGEMENT
2018,1,3,03 MATERIALS AND SUPPLIES,316,GENERAL HARDWARE AND MINOR TOOLS    0316,10,25,50000,2086199859,2086199859,2086199859,28282655,669000,50000,50000,2086199859,010 GENERAL OPERATING FD,25 FLEET MANAGEMENT
2018,1,3,03 MATERIALS AND SUPPLIES,317,HOSPITAL AND LABORATORY             0317,10,25,7000,2086206859,2086206859,2086206859,28289655,676000,7000,7000,2086206859,010 GENERAL OPERATING FD,25 FLEET MANAGEMENT
2018,1,3,03 MATERIALS AND SUPPLIES,318,"JANITORIAL, LAUNDRY AND HOUSEHOLD   0318",10,25,63000,2086269859,2086269859,2086269859,28352655,739000,63000,63000,2086269859,010 GENERAL OPERATING FD,25 FLEET MANAGEMENT
2018,1,3,03 MATERIALS AND SUPPLIES,320,OFFICE MATERIALS AND SUPPLIES       0320,10,25,12500,2086282359,2086282359,2086282359,28365155,751500,25000,12500,2086282359,010 GENERAL OPERATING FD,25 FLEET MANAGEMENT
2018,1,3,03 MATERIALS AND SUPPLIES,320,OFFICE MATERIALS AND SUPPLIES       0320,10,25,12500,2086294859,2086294859,2086294859,28377655,764000,25000,25000,2086294859,010 GENERAL OPERATING FD,25 FLEET MANAGEMENT
2018,1,3,03 MATERIALS AND SUPPLIES,322,SMALL POWER TOOLS AND HAND TOOLS    0322,10,25,102724,2086397583,2086397583,2086397583,28480379,866724,102724,102724,2086397583,010 GENERAL OPERATING FD,25 FLEET MANAGEMENT
2018,1,3,03 MATERIALS AND SUPPLIES,323,PLUMBING/AIR CONDITIONING/SPACE HTG 0323,10,25,1000,2086398583,2086398583,2086398583,28481379,867724,1000,1000,2086398583,010 GENERAL OPERATING FD,25 FLEET MANAGEMENT
2018,1,3,03 MATERIALS AND SUPPLIES,324,"PRECISION, PHOTOGRAPHIC AND ARTISTS 0324",10,25,20000,2086418583,2086418583,2086418583,28501379,887724,20000,20000,2086418583,010 GENERAL OPERATING FD,25 FLEET MANAGEMENT
2018,1,3,03 MATERIALS AND SUPPLIES,325,PRINTING                            0325,10,25,4000,2086422583,2086422583,2086422583,28505379,891724,8000,4000,2086422583,010 GENERAL OPERATING FD,25 FLEET MANAGEMENT
2018,1,3,03 MATERIALS AND SUPPLIES,325,PRINTING                            0325,10,25,4000,2086426583,2086426583,2086426583,28509379,895724,8000,8000,2086426583,010 GENERAL OPERATING FD,25 FLEET MANAGEMENT
2018,1,3,03 MATERIALS AND SUPPLIES,328,MOTOR VEHICLE PARTS AND ACCESSORIES 0328,10,25,9371811,2095798394,2095798394,2095798394,37881190,10267535,9371811,9371811,2095798394,010 GENERAL OPERATING FD,25 FLEET MANAGEMENT
2018,1,3,03 MATERIALS AND SUPPLIES,335,LUBRICANTS                          0335,10,25,840000,2096638394,2096638394,2096638394,38721190,11107535,840000,840000,2096638394,010 GENERAL OPERATING FD,25 FLEET MANAGEMENT
2018,1,3,03 MATERIALS AND SUPPLIES,340,#2 DIESEL FUEL                      0340,10,25,6096000,2102734394,2102734394,2102734394,44817190,17203535,6096000,6096000,2102734394,010 GENERAL OPERATING FD,25 FLEET MANAGEMENT
2018,1,3,03 MATERIALS AND SUPPLIES,345,GASOLINE                            0345,10,25,8959676,2111694070,2111694070,2111694070,53776866,26163211,8959676,8959676,2111694070,010 GENERAL OPERATING FD,25 FLEET MANAGEMENT
2018,1,4,04 EQUIPMENT,411,GENERAL EQUIPMENT AND MACHINERY     0411,10,25,200000,2111894070,2111894070,2111894070,53976866,200000,200000,200000,2111894070,010 GENERAL OPERATING FD,25 FLEET MANAGEMENT
2018,1,4,04 EQUIPMENT,420,OFFICE EQUIPMENT                    0420,10,25,7500,2111901570,2111901570,2111901570,53984366,207500,15000,7500,2111901570,010 GENERAL OPERATING FD,25 FLEET MANAGEMENT
2018,1,4,04 EQUIPMENT,420,OFFICE EQUIPMENT                    0420,10,25,7500,2111909070,2111909070,2111909070,53991866,215000,15000,15000,2111909070,010 GENERAL OPERATING FD,25 FLEET MANAGEMENT
2018,1,4,04 EQUIPMENT,424,"PRECISION, PHOTOGRAPHIC AND ARTIST  0424",10,25,5000,2111914070,2111914070,2111914070,53996866,220000,5000,5000,2111914070,010 GENERAL OPERATING FD,25 FLEET MANAGEMENT
2018,1,4,04 EQUIPMENT,427,COMPUTER EQUIPMENT & PERIPHERALS    0427,10,25,60000,2111974070,2111974070,2111974070,54056866,280000,60000,60000,2111974070,010 GENERAL OPERATING FD,25 FLEET MANAGEMENT
2018,1,4,04 EQUIPMENT,428,VEHICLES -- MOTOR AND MOTORLESS     0428,10,25,9465000,2121439070,2121439070,2121439070,63521866,9745000,9465000,9465000,2121439070,010 GENERAL OPERATING FD,25 FLEET MANAGEMENT
2018,1,4,04 EQUIPMENT,430,FURNITURE AND FURNISHINGS           0430,10,25,10000,2121449070,2121449070,2121449070,63531866,9755000,20000,10000,2121449070,010 GENERAL OPERATING FD,25 FLEET MANAGEMENT
2018,1,4,04 EQUIPMENT,430,FURNITURE AND FURNISHINGS           0430,10,25,10000,2121459070,2121459070,2121459070,63541866,9765000,20000,20000,2121459070,010 GENERAL OPERATING FD,25 FLEET MANAGEMENT
2018,1,1,01 PERSONAL SERVICES,100,SALARY CONTROL                      0100,10,26,50000,2121509070,2121509070,2121509070,50000,50000,200000,50000,2121509070,010 GENERAL OPERATING FD,26 LICENSES & INSPECTIONS
2018,1,1,01 PERSONAL SERVICES,100,SALARY CONTROL                      0100,10,26,40000,2121549070,2121549070,2121549070,90000,90000,200000,90000,2121549070,010 GENERAL OPERATING FD,26 LICENSES & INSPECTIONS
2018,1,1,01 PERSONAL SERVICES,100,SALARY CONTROL                      0100,10,26,80000,2121629070,2121629070,2121629070,170000,170000,200000,170000,2121629070,010 GENERAL OPERATING FD,26 LICENSES & INSPECTIONS
2018,1,1,01 PERSONAL SERVICES,100,SALARY CONTROL                      0100,10,26,20000,2121649070,2121649070,2121649070,190000,190000,200000,190000,2121649070,010 GENERAL OPERATING FD,26 LICENSES & INSPECTIONS
2018,1,1,01 PERSONAL SERVICES,100,SALARY CONTROL                      0100,10,26,10000,2121659070,2121659070,2121659070,200000,200000,200000,200000,2121659070,010 GENERAL OPERATING FD,26 LICENSES & INSPECTIONS
2018,1,1,01 PERSONAL SERVICES,101,PERM FULL TIME-CIVILIAN             0101,10,26,2179278,2123838348,2123838348,2123838348,2379278,2379278,21585319,2179278,2123838348,010 GENERAL OPERATING FD,26 LICENSES & INSPECTIONS
2018,1,1,01 PERSONAL SERVICES,101,PERM FULL TIME-CIVILIAN             0101,10,26,7938612,2131776960,2131776960,2131776960,10317890,10317890,21585319,10117890,2131776960,010 GENERAL OPERATING FD,26 LICENSES & INSPECTIONS
2018,1,1,01 PERSONAL SERVICES,101,PERM FULL TIME-CIVILIAN             0101,10,26,5602705,2137379665,2137379665,2137379665,15920595,15920595,21585319,15720595,2137379665,010 GENERAL OPERATING FD,26 LICENSES & INSPECTIONS
2018,1,1,01 PERSONAL SERVICES,101,PERM FULL TIME-CIVILIAN             0101,10,26,5104659,2142484324,2142484324,2142484324,21025254,21025254,21585319,20825254,2142484324,010 GENERAL OPERATING FD,26 LICENSES & INSPECTIONS
2018,1,1,01 PERSONAL SERVICES,101,PERM FULL TIME-CIVILIAN             0101,10,26,760065,2143244389,2143244389,2143244389,21785319,21785319,21585319,21585319,2143244389,010 GENERAL OPERATING FD,26 LICENSES & INSPECTIONS
2018,1,1,01 PERSONAL SERVICES,161,OVERTIME-CIVILIAN                   0161,10,26,50000,2143294389,2143294389,2143294389,21835319,21835319,1220825,50000,2143294389,010 GENERAL OPERATING FD,26 LICENSES & INSPECTIONS
2018,1,1,01 PERSONAL SERVICES,161,OVERTIME-CIVILIAN                   0161,10,26,105000,2143399389,2143399389,2143399389,21940319,21940319,1220825,155000,2143399389,010 GENERAL OPERATING FD,26 LICENSES & INSPECTIONS
2018,1,1,01 PERSONAL SERVICES,161,OVERTIME-CIVILIAN                   0161,10,26,15000,2143414389,2143414389,2143414389,21955319,21955319,1220825,170000,2143414389,010 GENERAL OPERATING FD,26 LICENSES & INSPECTIONS
2018,1,1,01 PERSONAL SERVICES,161,OVERTIME-CIVILIAN                   0161,10,26,330000,2143744389,2143744389,2143744389,22285319,22285319,1220825,500000,2143744389,010 GENERAL OPERATING FD,26 LICENSES & INSPECTIONS
2018,1,1,01 PERSONAL SERVICES,161,OVERTIME-CIVILIAN                   0161,10,26,720825,2144465214,2144465214,2144465214,23006144,23006144,1220825,1220825,2144465214,010 GENERAL OPERATING FD,26 LICENSES & INSPECTIONS
2018,1,1,01 PERSONAL SERVICES,171,"HOLIDAY ""G""(2/3 SHIFTS)             0171",10,26,1500,2144466714,2144466714,2144466714,23007644,23007644,10000,1500,2144466714,010 GENERAL OPERATING FD,26 LICENSES & INSPECTIONS
2018,1,1,01 PERSONAL SERVICES,171,"HOLIDAY ""G""(2/3 SHIFTS)             0171",10,26,1000,2144467714,2144467714,2144467714,23008644,23008644,10000,2500,2144467714,010 GENERAL OPERATING FD,26 LICENSES & INSPECTIONS
2018,1,1,01 PERSONAL SERVICES,171,"HOLIDAY ""G""(2/3 SHIFTS)             0171",10,26,4000,2144471714,2144471714,2144471714,23012644,23012644,10000,6500,2144471714,010 GENERAL OPERATING FD,26 LICENSES & INSPECTIONS
2018,1,1,01 PERSONAL SERVICES,171,"HOLIDAY ""G""(2/3 SHIFTS)             0171",10,26,500,2144472214,2144472214,2144472214,23013144,23013144,10000,7000,2144472214,010 GENERAL OPERATING FD,26 LICENSES & INSPECTIONS
2018,1,1,01 PERSONAL SERVICES,171,"HOLIDAY ""G""(2/3 SHIFTS)             0171",10,26,3000,2144475214,2144475214,2144475214,23016144,23016144,10000,10000,2144475214,010 GENERAL OPERATING FD,26 LICENSES & INSPECTIONS
2018,1,1,01 PERSONAL SERVICES,181,SHIFT                               0181,10,26,700,2144475914,2144475914,2144475914,23016844,23016844,3586,700,2144475914,010 GENERAL OPERATING FD,26 LICENSES & INSPECTIONS
2018,1,1,01 PERSONAL SERVICES,181,SHIFT                               0181,10,26,400,2144476314,2144476314,2144476314,23017244,23017244,3586,1100,2144476314,010 GENERAL OPERATING FD,26 LICENSES & INSPECTIONS
2018,1,1,01 PERSONAL SERVICES,181,SHIFT                               0181,10,26,200,2144476514,2144476514,2144476514,23017444,23017444,3586,1300,2144476514,010 GENERAL OPERATING FD,26 LICENSES & INSPECTIONS
2018,1,1,01 PERSONAL SERVICES,181,SHIFT                               0181,10,26,100,2144476614,2144476614,2144476614,23017544,23017544,3586,1400,2144476614,010 GENERAL OPERATING FD,26 LICENSES & INSPECTIONS
2018,1,1,01 PERSONAL SERVICES,181,SHIFT                               0181,10,26,2186,2144478800,2144478800,2144478800,23019730,23019730,3586,3586,2144478800,010 GENERAL OPERATING FD,26 LICENSES & INSPECTIONS
2018,1,2,02 PURCHASE OF SERVICES,201,CLEANING AND LAUNDERING             0201,10,26,500,2144479300,2144479300,2144479300,23020230,500,989,500,2144479300,010 GENERAL OPERATING FD,26 LICENSES & INSPECTIONS
2018,1,2,02 PURCHASE OF SERVICES,201,CLEANING AND LAUNDERING             0201,10,26,489,2144479789,2144479789,2144479789,23020719,989,989,989,2144479789,010 GENERAL OPERATING FD,26 LICENSES & INSPECTIONS
2018,1,2,02 PURCHASE OF SERVICES,202,JANITORIAL SERVICES                 0202,10,26,17734,2144497523,2144497523,2144497523,23038453,18723,43884,17734,2144497523,010 GENERAL OPERATING FD,26 LICENSES & INSPECTIONS
2018,1,2,02 PURCHASE OF SERVICES,202,JANITORIAL SERVICES                 0202,10,26,9834,2144507357,2144507357,2144507357,23048287,28557,43884,27568,2144507357,010 GENERAL OPERATING FD,26 LICENSES & INSPECTIONS
2018,1,2,02 PURCHASE OF SERVICES,202,JANITORIAL SERVICES                 0202,10,26,16316,2144523673,2144523673,2144523673,23064603,44873,43884,43884,2144523673,010 GENERAL OPERATING FD,26 LICENSES & INSPECTIONS
2018,1,2,02 PURCHASE OF SERVICES,205,REFUSE/GARBAGE/SILT/SLUDGE REMOVAL  0205,10,26,2000,2144525673,2144525673,2144525673,23066603,46873,2000,2000,2144525673,010 GENERAL OPERATING FD,26 LICENSES & INSPECTIONS
2018,1,2,02 PURCHASE OF SERVICES,209,TELEPHONE                           0209,10,26,21323,2144546996,2144546996,2144546996,23087926,68196,29995,21323,2144546996,010 GENERAL OPERATING FD,26 LICENSES & INSPECTIONS
2018,1,2,02 PURCHASE OF SERVICES,209,TELEPHONE                           0209,10,26,8372,2144555368,2144555368,2144555368,23096298,76568,29995,29695,2144555368,010 GENERAL OPERATING FD,26 LICENSES & INSPECTIONS
2018,1,2,02 PURCHASE OF SERVICES,209,TELEPHONE                           0209,10,26,300,2144555668,2144555668,2144555668,23096598,76868,29995,29995,2144555668,010 GENERAL OPERATING FD,26 LICENSES & INSPECTIONS
2018,1,2,02 PURCHASE OF SERVICES,210,POSTAGE                             0210,10,26,11,2144555679,2144555679,2144555679,23096609,76879,504,11,2144555679,010 GENERAL OPERATING FD,26 LICENSES & INSPECTIONS
2018,1,2,02 PURCHASE OF SERVICES,210,POSTAGE                             0210,10,26,493,2144556172,2144556172,2144556172,23097102,77372,504,504,2144556172,010 GENERAL OPERATING FD,26 LICENSES & INSPECTIONS
2018,1,2,02 PURCHASE OF SERVICES,211,TRANSPORTATION                      0211,10,26,2000,2144558172,2144558172,2144558172,23099102,79372,162851,2000,2144558172,010 GENERAL OPERATING FD,26 LICENSES & INSPECTIONS
2018,1,2,02 PURCHASE OF SERVICES,211,TRANSPORTATION                      0211,10,26,76197,2144634369,2144634369,2144634369,23175299,155569,162851,78197,2144634369,010 GENERAL OPERATING FD,26 LICENSES & INSPECTIONS
2018,1,2,02 PURCHASE OF SERVICES,211,TRANSPORTATION                      0211,10,26,5000,2144639369,2144639369,2144639369,23180299,160569,162851,83197,2144639369,010 GENERAL OPERATING FD,26 LICENSES & INSPECTIONS
2018,1,2,02 PURCHASE OF SERVICES,211,TRANSPORTATION                      0211,10,26,79654,2144719023,2144719023,2144719023,23259953,240223,162851,162851,2144719023,010 GENERAL OPERATING FD,26 LICENSES & INSPECTIONS
2018,1,2,02 PURCHASE OF SERVICES,216,COMMERCIAL OFF-SHELF COMP SOFTWARE  0216,10,26,1000,2144720023,2144720023,2144720023,23260953,241223,1000,1000,2144720023,010 GENERAL OPERATING FD,26 LICENSES & INSPECTIONS
2018,1,2,02 PURCHASE OF SERVICES,230,MEALS-NON-TRAVEL & OFFICL ENTERTAIN 0230,10,26,1000,2144721023,2144721023,2144721023,23261953,242223,1000,1000,2144721023,010 GENERAL OPERATING FD,26 LICENSES & INSPECTIONS
2018,1,2,02 PURCHASE OF SERVICES,240,ADVERTISING/PROMOTIONAL ACTIVITIES  0240,10,26,7000,2144728023,2144728023,2144728023,23268953,249223,7000,7000,2144728023,010 GENERAL OPERATING FD,26 LICENSES & INSPECTIONS
2018,1,2,02 PURCHASE OF SERVICES,250,PROFESSIONAL CONSULT/SPEC SERVICES  0250,10,26,350200,2145078223,2145078223,2145078223,23619153,599423,1545700,350200,2145078223,010 GENERAL OPERATING FD,26 LICENSES & INSPECTIONS
2018,1,2,02 PURCHASE OF SERVICES,250,PROFESSIONAL CONSULT/SPEC SERVICES  0250,10,26,104681,2145182904,2145182904,2145182904,23723834,704104,1545700,454881,2145182904,010 GENERAL OPERATING FD,26 LICENSES & INSPECTIONS
2018,1,2,02 PURCHASE OF SERVICES,250,PROFESSIONAL CONSULT/SPEC SERVICES  0250,10,26,902331,2146085235,2146085235,2146085235,24626165,1606435,1545700,1357212,2146085235,010 GENERAL OPERATING FD,26 LICENSES & INSPECTIONS
2018,1,2,02 PURCHASE OF SERVICES,250,PROFESSIONAL CONSULT/SPEC SERVICES  0250,10,26,188488,2146273723,2146273723,2146273723,24814653,1794923,1545700,1545700,2146273723,010 GENERAL OPERATING FD,26 LICENSES & INSPECTIONS
2018,1,2,02 PURCHASE OF SERVICES,251,INFORMATION TECHNOLOGY-PROF SERVICE 0251,10,26,5400,2146279123,2146279123,2146279123,24820053,1800323,5400,5400,2146279123,010 GENERAL OPERATING FD,26 LICENSES & INSPECTIONS
2018,1,2,02 PURCHASE OF SERVICES,255,DUES                                0255,10,26,505,2146279628,2146279628,2146279628,24820558,1800828,5612,505,2146279628,010 GENERAL OPERATING FD,26 LICENSES & INSPECTIONS
2018,1,2,02 PURCHASE OF SERVICES,255,DUES                                0255,10,26,1000,2146280628,2146280628,2146280628,24821558,1801828,5612,1505,2146280628,010 GENERAL OPERATING FD,26 LICENSES & INSPECTIONS
2018,1,2,02 PURCHASE OF SERVICES,255,DUES                                0255,10,26,1107,2146281735,2146281735,2146281735,24822665,1802935,5612,2612,2146281735,010 GENERAL OPERATING FD,26 LICENSES & INSPECTIONS
2018,1,2,02 PURCHASE OF SERVICES,255,DUES                                0255,10,26,3000,2146284735,2146284735,2146284735,24825665,1805935,5612,5612,2146284735,010 GENERAL OPERATING FD,26 LICENSES & INSPECTIONS
2018,1,2,02 PURCHASE OF SERVICES,256,SEMINAR AND TRAINING SESSIONS       0256,10,26,46871,2146331606,2146331606,2146331606,24872536,1852806,607536,46871,2146331606,010 GENERAL OPERATING FD,26 LICENSES & INSPECTIONS
2018,1,2,02 PURCHASE OF SERVICES,256,SEMINAR AND TRAINING SESSIONS       0256,10,26,117424,2146449030,2146449030,2146449030,24989960,1970230,607536,164295,2146449030,010 GENERAL OPERATING FD,26 LICENSES & INSPECTIONS
2018,1,2,02 PURCHASE OF SERVICES,256,SEMINAR AND TRAINING SESSIONS       0256,10,26,171853,2146620883,2146620883,2146620883,25161813,2142083,607536,336148,2146620883,010 GENERAL OPERATING FD,26 LICENSES & INSPECTIONS
2018,1,2,02 PURCHASE OF SERVICES,256,SEMINAR AND TRAINING SESSIONS       0256,10,26,68500,2146689383,2146689383,2146689383,25230313,2210583,607536,404648,2146689383,010 GENERAL OPERATING FD,26 LICENSES & INSPECTIONS
2018,1,2,02 PURCHASE OF SERVICES,256,SEMINAR AND TRAINING SESSIONS       0256,10,26,202888,2146892271,2146892271,2146892271,25433201,2413471,607536,607536,2146892271,010 GENERAL OPERATING FD,26 LICENSES & INSPECTIONS
2018,1,2,02 PURCHASE OF SERVICES,258,COURT REPORTERS                     0258,10,26,288,2146892559,2146892559,2146892559,25433489,2413759,788,288,2146892559,010 GENERAL OPERATING FD,26 LICENSES & INSPECTIONS
2018,1,2,02 PURCHASE OF SERVICES,258,COURT REPORTERS                     0258,10,26,500,2146893059,2146893059,2146893059,25433989,2414259,788,788,2146893059,010 GENERAL OPERATING FD,26 LICENSES & INSPECTIONS
2018,1,2,02 PURCHASE OF SERVICES,260,REPAIR AND MAINTENANCE CHARGES      0260,10,26,60415,2146953474,2146953474,2146953474,25494404,2474674,482465,60415,2146953474,010 GENERAL OPERATING FD,26 LICENSES & INSPECTIONS
2018,1,2,02 PURCHASE OF SERVICES,260,REPAIR AND MAINTENANCE CHARGES      0260,10,26,16300,2146969774,2146969774,2146969774,25510704,2490974,482465,76715,2146969774,010 GENERAL OPERATING FD,26 LICENSES & INSPECTIONS
2018,1,2,02 PURCHASE OF SERVICES,260,REPAIR AND MAINTENANCE CHARGES      0260,10,26,1250,2146971024,2146971024,2146971024,25511954,2492224,482465,77965,2146971024,010 GENERAL OPERATING FD,26 LICENSES & INSPECTIONS
2018,1,2,02 PURCHASE OF SERVICES,260,REPAIR AND MAINTENANCE CHARGES      0260,10,26,392500,2147363524,2147363524,2147363524,25904454,2884724,482465,470465,2147363524,010 GENERAL OPERATING FD,26 LICENSES & INSPECTIONS
2018,1,2,02 PURCHASE OF SERVICES,260,REPAIR AND MAINTENANCE CHARGES      0260,10,26,12000,2147375524,2147375524,2147375524,25916454,2896724,482465,482465,2147375524,010 GENERAL OPERATING FD,26 LICENSES & INSPECTIONS
2018,1,2,02 PURCHASE OF SERVICES,262,DEMOLITION OF BUILDINGS             0262,10,26,8593981,2155969505,2155969505,2155969505,34510435,11490705,8593981,8593981,2155969505,010 GENERAL OPERATING FD,26 LICENSES & INSPECTIONS
2018,1,2,02 PURCHASE OF SERVICES,266,MAINT/SUPPORT-COMPUTR HARDWARE/SOFT 0266,10,26,1800,2155971305,2155971305,2155971305,34512235,11492505,22325,1800,2155971305,010 GENERAL OPERATING FD,26 LICENSES & INSPECTIONS
2018,1,2,02 PURCHASE OF SERVICES,266,MAINT/SUPPORT-COMPUTR HARDWARE/SOFT 0266,10,26,5621,2155976926,2155976926,2155976926,34517856,11498126,22325,7421,2155976926,010 GENERAL OPERATING FD,26 LICENSES & INSPECTIONS
2018,1,2,02 PURCHASE OF SERVICES,266,MAINT/SUPPORT-COMPUTR HARDWARE/SOFT 0266,10,26,6354,2155983280,2155983280,2155983280,34524210,11504480,22325,13775,2155983280,010 GENERAL OPERATING FD,26 LICENSES & INSPECTIONS
2018,1,2,02 PURCHASE OF SERVICES,266,MAINT/SUPPORT-COMPUTR HARDWARE/SOFT 0266,10,26,8550,2155991830,2155991830,2155991830,34532760,11513030,22325,22325,2155991830,010 GENERAL OPERATING FD,26 LICENSES & INSPECTIONS
2018,1,2,02 PURCHASE OF SERVICES,284,GROUND AND BUILDING RENTAL          0284,10,26,172000,2156163830,2156163830,2156163830,34704760,11685030,172000,172000,2156163830,010 GENERAL OPERATING FD,26 LICENSES & INSPECTIONS
2018,1,2,02 PURCHASE OF SERVICES,285,RENTS                               0285,10,26,10100,2156173930,2156173930,2156173930,34714860,11695130,23500,10100,2156173930,010 GENERAL OPERATING FD,26 LICENSES & INSPECTIONS
2018,1,2,02 PURCHASE OF SERVICES,285,RENTS                               0285,10,26,11900,2156185830,2156185830,2156185830,34726760,11707030,23500,22000,2156185830,010 GENERAL OPERATING FD,26 LICENSES & INSPECTIONS
2018,1,2,02 PURCHASE OF SERVICES,285,RENTS                               0285,10,26,1500,2156187330,2156187330,2156187330,34728260,11708530,23500,23500,2156187330,010 GENERAL OPERATING FD,26 LICENSES & INSPECTIONS
2018,1,2,02 PURCHASE OF SERVICES,286,RENTAL OF PARKING SPACES            0286,10,26,113649,2156300979,2156300979,2156300979,34841909,11822179,113649,113649,2156300979,010 GENERAL OPERATING FD,26 LICENSES & INSPECTIONS
2018,1,2,02 PURCHASE OF SERVICES,295,PURCHASE SERVICES-IMPREST ADVANCES  0295,10,26,800,2156301779,2156301779,2156301779,34842709,11822979,800,800,2156301779,010 GENERAL OPERATING FD,26 LICENSES & INSPECTIONS
2018,1,2,02 PURCHASE OF SERVICES,299,OTHER EXPENSES (NOT OTHRWSE CLSSFD) 0299,10,26,82,2156301861,2156301861,2156301861,34842791,11823061,82,82,2156301861,010 GENERAL OPERATING FD,26 LICENSES & INSPECTIONS
2018,1,3,03 MATERIALS AND SUPPLIES,304,BOOKS AND OTHER PUBLICATIONS        0304,10,26,20500,2156322361,2156322361,2156322361,34863291,20500,52335,20500,2156322361,010 GENERAL OPERATING FD,26 LICENSES & INSPECTIONS
2018,1,3,03 MATERIALS AND SUPPLIES,304,BOOKS AND OTHER PUBLICATIONS        0304,10,26,12210,2156334571,2156334571,2156334571,34875501,32710,52335,32710,2156334571,010 GENERAL OPERATING FD,26 LICENSES & INSPECTIONS
2018,1,3,03 MATERIALS AND SUPPLIES,304,BOOKS AND OTHER PUBLICATIONS        0304,10,26,11126,2156345697,2156345697,2156345697,34886627,43836,52335,43836,2156345697,010 GENERAL OPERATING FD,26 LICENSES & INSPECTIONS
2018,1,3,03 MATERIALS AND SUPPLIES,304,BOOKS AND OTHER PUBLICATIONS        0304,10,26,8499,2156354196,2156354196,2156354196,34895126,52335,52335,52335,2156354196,010 GENERAL OPERATING FD,26 LICENSES & INSPECTIONS
2018,1,3,03 MATERIALS AND SUPPLIES,305,BUILDING AND CONSTRUCTION           0305,10,26,30755,2156384951,2156384951,2156384951,34925881,83090,44775,30755,2156384951,010 GENERAL OPERATING FD,26 LICENSES & INSPECTIONS
2018,1,3,03 MATERIALS AND SUPPLIES,305,BUILDING AND CONSTRUCTION           0305,10,26,11915,2156396866,2156396866,2156396866,34937796,95005,44775,42670,2156396866,010 GENERAL OPERATING FD,26 LICENSES & INSPECTIONS
2018,1,3,03 MATERIALS AND SUPPLIES,305,BUILDING AND CONSTRUCTION           0305,10,26,2105,2156398971,2156398971,2156398971,34939901,97110,44775,44775,2156398971,010 GENERAL OPERATING FD,26 LICENSES & INSPECTIONS
2018,1,3,03 MATERIALS AND SUPPLIES,308,DRY GOODS/NOTIONS/WEARING APPAREL   0308,10,26,34007,2156432978,2156432978,2156432978,34973908,131117,71028,34007,2156432978,010 GENERAL OPERATING FD,26 LICENSES & INSPECTIONS
2018,1,3,03 MATERIALS AND SUPPLIES,308,DRY GOODS/NOTIONS/WEARING APPAREL   0308,10,26,22000,2156454978,2156454978,2156454978,34995908,153117,71028,56007,2156454978,010 GENERAL OPERATING FD,26 LICENSES & INSPECTIONS
2018,1,3,03 MATERIALS AND SUPPLIES,308,DRY GOODS/NOTIONS/WEARING APPAREL   0308,10,26,3300,2156458278,2156458278,2156458278,34999208,156417,71028,59307,2156458278,010 GENERAL OPERATING FD,26 LICENSES & INSPECTIONS
2018,1,3,03 MATERIALS AND SUPPLIES,308,DRY GOODS/NOTIONS/WEARING APPAREL   0308,10,26,11721,2156469999,2156469999,2156469999,35010929,168138,71028,71028,2156469999,010 GENERAL OPERATING FD,26 LICENSES & INSPECTIONS
2018,1,3,03 MATERIALS AND SUPPLIES,310,ELECTRICAL AND COMMUNICATION        0310,10,26,3639,2156473638,2156473638,2156473638,35014568,171777,4139,3639,2156473638,010 GENERAL OPERATING FD,26 LICENSES & INSPECTIONS
2018,1,3,03 MATERIALS AND SUPPLIES,310,ELECTRICAL AND COMMUNICATION        0310,10,26,500,2156474138,2156474138,2156474138,35015068,172277,4139,4139,2156474138,010 GENERAL OPERATING FD,26 LICENSES & INSPECTIONS
2018,1,3,03 MATERIALS AND SUPPLIES,311,GENERAL EQUIPMENT AND MACHINERY     0311,10,26,267,2156474405,2156474405,2156474405,35015335,172544,267,267,2156474405,010 GENERAL OPERATING FD,26 LICENSES & INSPECTIONS
2018,1,3,03 MATERIALS AND SUPPLIES,312,FIRE FIGHTING AND SAFETY            0312,10,26,2550,2156476955,2156476955,2156476955,35017885,175094,2550,2550,2156476955,010 GENERAL OPERATING FD,26 LICENSES & INSPECTIONS
2018,1,3,03 MATERIALS AND SUPPLIES,313,FOOD                                0313,10,26,1370,2156478325,2156478325,2156478325,35019255,176464,1370,1370,2156478325,010 GENERAL OPERATING FD,26 LICENSES & INSPECTIONS
2018,1,3,03 MATERIALS AND SUPPLIES,316,GENERAL HARDWARE AND MINOR TOOLS    0316,10,26,500,2156478825,2156478825,2156478825,35019755,176964,7154,500,2156478825,010 GENERAL OPERATING FD,26 LICENSES & INSPECTIONS
2018,1,3,03 MATERIALS AND SUPPLIES,316,GENERAL HARDWARE AND MINOR TOOLS    0316,10,26,154,2156478979,2156478979,2156478979,35019909,177118,7154,654,2156478979,010 GENERAL OPERATING FD,26 LICENSES & INSPECTIONS
2018,1,3,03 MATERIALS AND SUPPLIES,316,GENERAL HARDWARE AND MINOR TOOLS    0316,10,26,5500,2156484479,2156484479,2156484479,35025409,182618,7154,6154,2156484479,010 GENERAL OPERATING FD,26 LICENSES & INSPECTIONS
2018,1,3,03 MATERIALS AND SUPPLIES,316,GENERAL HARDWARE AND MINOR TOOLS    0316,10,26,1000,2156485479,2156485479,2156485479,35026409,183618,7154,7154,2156485479,010 GENERAL OPERATING FD,26 LICENSES & INSPECTIONS
2018,1,3,03 MATERIALS AND SUPPLIES,318,"JANITORIAL, LAUNDRY AND HOUSEHOLD   0318",10,26,6710,2156492189,2156492189,2156492189,35033119,190328,33410,6710,2156492189,010 GENERAL OPERATING FD,26 LICENSES & INSPECTIONS
2018,1,3,03 MATERIALS AND SUPPLIES,318,"JANITORIAL, LAUNDRY AND HOUSEHOLD   0318",10,26,1100,2156493289,2156493289,2156493289,35034219,191428,33410,7810,2156493289,010 GENERAL OPERATING FD,26 LICENSES & INSPECTIONS
2018,1,3,03 MATERIALS AND SUPPLIES,318,"JANITORIAL, LAUNDRY AND HOUSEHOLD   0318",10,26,24600,2156517889,2156517889,2156517889,35058819,216028,33410,32410,2156517889,010 GENERAL OPERATING FD,26 LICENSES & INSPECTIONS
2018,1,3,03 MATERIALS AND SUPPLIES,318,"JANITORIAL, LAUNDRY AND HOUSEHOLD   0318",10,26,1000,2156518889,2156518889,2156518889,35059819,217028,33410,33410,2156518889,010 GENERAL OPERATING FD,26 LICENSES & INSPECTIONS
2018,1,3,03 MATERIALS AND SUPPLIES,320,OFFICE MATERIALS AND SUPPLIES       0320,10,26,63550,2156582439,2156582439,2156582439,35123369,280578,85250,63550,2156582439,010 GENERAL OPERATING FD,26 LICENSES & INSPECTIONS
2018,1,3,03 MATERIALS AND SUPPLIES,320,OFFICE MATERIALS AND SUPPLIES       0320,10,26,7600,2156590039,2156590039,2156590039,35130969,288178,85250,71150,2156590039,010 GENERAL OPERATING FD,26 LICENSES & INSPECTIONS
2018,1,3,03 MATERIALS AND SUPPLIES,320,OFFICE MATERIALS AND SUPPLIES       0320,10,26,4100,2156594139,2156594139,2156594139,35135069,292278,85250,75250,2156594139,010 GENERAL OPERATING FD,26 LICENSES & INSPECTIONS
2018,1,3,03 MATERIALS AND SUPPLIES,320,OFFICE MATERIALS AND SUPPLIES       0320,10,26,10000,2156604139,2156604139,2156604139,35145069,302278,85250,85250,2156604139,010 GENERAL OPERATING FD,26 LICENSES & INSPECTIONS
2018,1,3,03 MATERIALS AND SUPPLIES,322,SMALL POWER TOOLS AND HAND TOOLS    0322,10,26,938,2156605077,2156605077,2156605077,35146007,303216,13988,938,2156605077,010 GENERAL OPERATING FD,26 LICENSES & INSPECTIONS
2018,1,3,03 MATERIALS AND SUPPLIES,322,SMALL POWER TOOLS AND HAND TOOLS    0322,10,26,12100,2156617177,2156617177,2156617177,35158107,315316,13988,13038,2156617177,010 GENERAL OPERATING FD,26 LICENSES & INSPECTIONS
2018,1,3,03 MATERIALS AND SUPPLIES,322,SMALL POWER TOOLS AND HAND TOOLS    0322,10,26,950,2156618127,2156618127,2156618127,35159057,316266,13988,13988,2156618127,010 GENERAL OPERATING FD,26 LICENSES & INSPECTIONS
2018,1,3,03 MATERIALS AND SUPPLIES,324,"PRECISION, PHOTOGRAPHIC AND ARTISTS 0324",10,26,3400,2156621527,2156621527,2156621527,35162457,319666,29712,3400,2156621527,010 GENERAL OPERATING FD,26 LICENSES & INSPECTIONS
2018,1,3,03 MATERIALS AND SUPPLIES,324,"PRECISION, PHOTOGRAPHIC AND ARTISTS 0324",10,26,26312,2156647839,2156647839,2156647839,35188769,345978,29712,29712,2156647839,010 GENERAL OPERATING FD,26 LICENSES & INSPECTIONS
2018,1,3,03 MATERIALS AND SUPPLIES,325,PRINTING                            0325,10,26,2500,2156650339,2156650339,2156650339,35191269,348478,16700,2500,2156650339,010 GENERAL OPERATING FD,26 LICENSES & INSPECTIONS
2018,1,3,03 MATERIALS AND SUPPLIES,325,PRINTING                            0325,10,26,14200,2156664539,2156664539,2156664539,35205469,362678,16700,16700,2156664539,010 GENERAL OPERATING FD,26 LICENSES & INSPECTIONS
2018,1,3,03 MATERIALS AND SUPPLIES,326,RECREATIONAL AND EDUCATIONAL        0326,10,26,415,2156664954,2156664954,2156664954,35205884,363093,415,415,2156664954,010 GENERAL OPERATING FD,26 LICENSES & INSPECTIONS
2018,1,3,03 MATERIALS AND SUPPLIES,328,MOTOR VEHICLE PARTS AND ACCESSORIES 0328,10,26,374,2156665328,2156665328,2156665328,35206258,363467,12608,374,2156665328,010 GENERAL OPERATING FD,26 LICENSES & INSPECTIONS
2018,1,3,03 MATERIALS AND SUPPLIES,328,MOTOR VEHICLE PARTS AND ACCESSORIES 0328,10,26,12234,2156677562,2156677562,2156677562,35218492,375701,12608,12608,2156677562,010 GENERAL OPERATING FD,26 LICENSES & INSPECTIONS
2018,1,3,03 MATERIALS AND SUPPLIES,341,COMPRESSED NATURAL GAS (CNG)        0341,10,26,250,2156677812,2156677812,2156677812,35218742,375951,250,250,2156677812,010 GENERAL OPERATING FD,26 LICENSES & INSPECTIONS
2018,1,4,04 EQUIPMENT,405,"CONSTRUCTION, DREDGING, CONVEYING   0405",10,26,800,2156678612,2156678612,2156678612,35219542,800,800,800,2156678612,010 GENERAL OPERATING FD,26 LICENSES & INSPECTIONS
2018,1,4,04 EQUIPMENT,410,ELECTRICAL LIGHTING COMMUNICATION   0410,10,26,1500,2156680112,2156680112,2156680112,35221042,2300,1500,1500,2156680112,010 GENERAL OPERATING FD,26 LICENSES & INSPECTIONS
2018,1,4,04 EQUIPMENT,411,GENERAL EQUIPMENT AND MACHINERY     0411,10,26,2200,2156682312,2156682312,2156682312,35223242,4500,2200,2200,2156682312,010 GENERAL OPERATING FD,26 LICENSES & INSPECTIONS
2018,1,4,04 EQUIPMENT,420,OFFICE EQUIPMENT                    0420,10,26,6028,2156688340,2156688340,2156688340,35229270,10528,77496,6028,2156688340,010 GENERAL OPERATING FD,26 LICENSES & INSPECTIONS
2018,1,4,04 EQUIPMENT,420,OFFICE EQUIPMENT                    0420,10,26,10309,2156698649,2156698649,2156698649,35239579,20837,77496,16337,2156698649,010 GENERAL OPERATING FD,26 LICENSES & INSPECTIONS
2018,1,4,04 EQUIPMENT,420,OFFICE EQUIPMENT                    0420,10,26,8290,2156706939,2156706939,2156706939,35247869,29127,77496,24627,2156706939,010 GENERAL OPERATING FD,26 LICENSES & INSPECTIONS
2018,1,4,04 EQUIPMENT,420,OFFICE EQUIPMENT                    0420,10,26,52869,2156759808,2156759808,2156759808,35300738,81996,77496,77496,2156759808,010 GENERAL OPERATING FD,26 LICENSES & INSPECTIONS
2018,1,4,04 EQUIPMENT,423,PLUMBING/AIR CONDITIONING/SPACE HTG 0423,10,26,1300,2156761108,2156761108,2156761108,35302038,83296,1834,1300,2156761108,010 GENERAL OPERATING FD,26 LICENSES & INSPECTIONS
2018,1,4,04 EQUIPMENT,423,PLUMBING/AIR CONDITIONING/SPACE HTG 0423,10,26,534,2156761642,2156761642,2156761642,35302572,83830,1834,1834,2156761642,010 GENERAL OPERATING FD,26 LICENSES & INSPECTIONS
2018,1,4,04 EQUIPMENT,424,"PRECISION, PHOTOGRAPHIC AND ARTIST  0424",10,26,6300,2156767942,2156767942,2156767942,35308872,90130,6300,6300,2156767942,010 GENERAL OPERATING FD,26 LICENSES & INSPECTIONS
2018,1,4,04 EQUIPMENT,427,COMPUTER EQUIPMENT & PERIPHERALS    0427,10,26,2105,2156770047,2156770047,2156770047,35310977,92235,5736,2105,2156770047,010 GENERAL OPERATING FD,26 LICENSES & INSPECTIONS
2018,1,4,04 EQUIPMENT,427,COMPUTER EQUIPMENT & PERIPHERALS    0427,10,26,3631,2156773678,2156773678,2156773678,35314608,95866,5736,5736,2156773678,010 GENERAL OPERATING FD,26 LICENSES & INSPECTIONS
2018,1,4,04 EQUIPMENT,430,FURNITURE AND FURNISHINGS           0430,10,26,2566,2156776244,2156776244,2156776244,35317174,98432,440158,2566,2156776244,010 GENERAL OPERATING FD,26 LICENSES & INSPECTIONS
2018,1,4,04 EQUIPMENT,430,FURNITURE AND FURNISHINGS           0430,10,26,113592,2156889836,2156889836,2156889836,35430766,212024,440158,116158,2156889836,010 GENERAL OPERATING FD,26 LICENSES & INSPECTIONS
2018,1,4,04 EQUIPMENT,430,FURNITURE AND FURNISHINGS           0430,10,26,96000,2156985836,2156985836,2156985836,35526766,308024,440158,212158,2156985836,010 GENERAL OPERATING FD,26 LICENSES & INSPECTIONS
2018,1,4,04 EQUIPMENT,430,FURNITURE AND FURNISHINGS           0430,10,26,228000,2157213836,2157213836,2157213836,35754766,536024,440158,440158,2157213836,010 GENERAL OPERATING FD,26 LICENSES & INSPECTIONS
2018,1,4,04 EQUIPMENT,499,OTHER EQUIPMENT (NOC)               0499,10,26,500,2157214336,2157214336,2157214336,35755266,536524,500,500,2157214336,010 GENERAL OPERATING FD,26 LICENSES & INSPECTIONS
2018,1,1,01 PERSONAL SERVICES,101,PERM FULL TIME-CIVILIAN             0101,10,27,99080,2157313416,2157313416,2157313416,99080,99080,99080,99080,2157313416,010 GENERAL OPERATING FD,27 BOARD OF LICENSES & INSPECTIONS
2018,1,1,01 PERSONAL SERVICES,131,BOARD                               0131,10,27,62269,2157375685,2157375685,2157375685,161349,161349,62269,62269,2157375685,010 GENERAL OPERATING FD,27 BOARD OF LICENSES & INSPECTIONS
2018,1,2,02 PURCHASE OF SERVICES,258,COURT REPORTERS                     0258,10,27,10436,2157386121,2157386121,2157386121,171785,10436,10436,10436,2157386121,010 GENERAL OPERATING FD,27 BOARD OF LICENSES & INSPECTIONS
2018,1,1,01 PERSONAL SERVICES,101,PERM FULL TIME-CIVILIAN             0101,10,29,59255,2157445376,2157445376,2157445376,59255,59255,59255,59255,2157445376,010 GENERAL OPERATING FD,29 BOARD OF BUILDING STANDARDS
2018,1,1,01 PERSONAL SERVICES,131,BOARD                               0131,10,29,16164,2157461540,2157461540,2157461540,75419,75419,16164,16164,2157461540,010 GENERAL OPERATING FD,29 BOARD OF BUILDING STANDARDS
2018,1,1,01 PERSONAL SERVICES,100,SALARY CONTROL                      0100,10,31,46862,2157508402,2157508402,2157508402,46862,46862,55272,46862,2157508402,010 GENERAL OPERATING FD,31 RECORDS
2018,1,1,01 PERSONAL SERVICES,100,SALARY CONTROL                      0100,10,31,8410,2157516812,2157516812,2157516812,55272,55272,55272,55272,2157516812,010 GENERAL OPERATING FD,31 RECORDS
2018,1,1,01 PERSONAL SERVICES,101,PERM FULL TIME-CIVILIAN             0101,10,31,882725,2158399537,2158399537,2158399537,937997,937997,2966823,882725,2158399537,010 GENERAL OPERATING FD,31 RECORDS
2018,1,1,01 PERSONAL SERVICES,101,PERM FULL TIME-CIVILIAN             0101,10,31,776477,2159176014,2159176014,2159176014,1714474,1714474,2966823,1659202,2159176014,010 GENERAL OPERATING FD,31 RECORDS
2018,1,1,01 PERSONAL SERVICES,101,PERM FULL TIME-CIVILIAN             0101,10,31,863692,2160039706,2160039706,2160039706,2578166,2578166,2966823,2522894,2160039706,010 GENERAL OPERATING FD,31 RECORDS
2018,1,1,01 PERSONAL SERVICES,101,PERM FULL TIME-CIVILIAN             0101,10,31,325146,2160364852,2160364852,2160364852,2903312,2903312,2966823,2848040,2160364852,010 GENERAL OPERATING FD,31 RECORDS
2018,1,1,01 PERSONAL SERVICES,101,PERM FULL TIME-CIVILIAN             0101,10,31,118783,2160483635,2160483635,2160483635,3022095,3022095,2966823,2966823,2160483635,010 GENERAL OPERATING FD,31 RECORDS
2018,1,1,01 PERSONAL SERVICES,109,PLUS/MINUS GROSS ADJ                0109,10,31,17010,2160500645,2160500645,2160500645,3039105,3039105,45127,17010,2160500645,010 GENERAL OPERATING FD,31 RECORDS
2018,1,1,01 PERSONAL SERVICES,109,PLUS/MINUS GROSS ADJ                0109,10,31,5000,2160505645,2160505645,2160505645,3044105,3044105,45127,22010,2160505645,010 GENERAL OPERATING FD,31 RECORDS
2018,1,1,01 PERSONAL SERVICES,109,PLUS/MINUS GROSS ADJ                0109,10,31,19780,2160525425,2160525425,2160525425,3063885,3063885,45127,41790,2160525425,010 GENERAL OPERATING FD,31 RECORDS
2018,1,1,01 PERSONAL SERVICES,109,PLUS/MINUS GROSS ADJ                0109,10,31,3115,2160528540,2160528540,2160528540,3067000,3067000,45127,44905,2160528540,010 GENERAL OPERATING FD,31 RECORDS
2018,1,1,01 PERSONAL SERVICES,109,PLUS/MINUS GROSS ADJ                0109,10,31,222,2160528762,2160528762,2160528762,3067222,3067222,45127,45127,2160528762,010 GENERAL OPERATING FD,31 RECORDS
2018,1,1,01 PERSONAL SERVICES,161,OVERTIME-CIVILIAN                   0161,10,31,3990,2160532752,2160532752,2160532752,3071212,3071212,126457,3990,2160532752,010 GENERAL OPERATING FD,31 RECORDS
2018,1,1,01 PERSONAL SERVICES,161,OVERTIME-CIVILIAN                   0161,10,31,28517,2160561269,2160561269,2160561269,3099729,3099729,126457,32507,2160561269,010 GENERAL OPERATING FD,31 RECORDS
2018,1,1,01 PERSONAL SERVICES,161,OVERTIME-CIVILIAN                   0161,10,31,44173,2160605442,2160605442,2160605442,3143902,3143902,126457,76680,2160605442,010 GENERAL OPERATING FD,31 RECORDS
2018,1,1,01 PERSONAL SERVICES,161,OVERTIME-CIVILIAN                   0161,10,31,6000,2160611442,2160611442,2160611442,3149902,3149902,126457,82680,2160611442,010 GENERAL OPERATING FD,31 RECORDS
2018,1,1,01 PERSONAL SERVICES,161,OVERTIME-CIVILIAN                   0161,10,31,43777,2160655219,2160655219,2160655219,3193679,3193679,126457,126457,2160655219,010 GENERAL OPERATING FD,31 RECORDS
2018,1,1,01 PERSONAL SERVICES,181,SHIFT                               0181,10,31,63,2160655282,2160655282,2160655282,3193742,3193742,1256,63,2160655282,010 GENERAL OPERATING FD,31 RECORDS
2018,1,1,01 PERSONAL SERVICES,181,SHIFT                               0181,10,31,785,2160656067,2160656067,2160656067,3194527,3194527,1256,848,2160656067,010 GENERAL OPERATING FD,31 RECORDS
2018,1,1,01 PERSONAL SERVICES,181,SHIFT                               0181,10,31,131,2160656198,2160656198,2160656198,3194658,3194658,1256,979,2160656198,010 GENERAL OPERATING FD,31 RECORDS
2018,1,1,01 PERSONAL SERVICES,181,SHIFT                               0181,10,31,91,2160656289,2160656289,2160656289,3194749,3194749,1256,1070,2160656289,010 GENERAL OPERATING FD,31 RECORDS
2018,1,1,01 PERSONAL SERVICES,181,SHIFT                               0181,10,31,186,2160656475,2160656475,2160656475,3194935,3194935,1256,1256,2160656475,010 GENERAL OPERATING FD,31 RECORDS
2018,1,2,02 PURCHASE OF SERVICES,210,POSTAGE                             0210,10,31,279,2160656754,2160656754,2160656754,3195214,279,1185,279,2160656754,010 GENERAL OPERATING FD,31 RECORDS
2018,1,2,02 PURCHASE OF SERVICES,210,POSTAGE                             0210,10,31,23,2160656777,2160656777,2160656777,3195237,302,1185,302,2160656777,010 GENERAL OPERATING FD,31 RECORDS
2018,1,2,02 PURCHASE OF SERVICES,210,POSTAGE                             0210,10,31,883,2160657660,2160657660,2160657660,3196120,1185,1185,1185,2160657660,010 GENERAL OPERATING FD,31 RECORDS
2018,1,2,02 PURCHASE OF SERVICES,211,TRANSPORTATION                      0211,10,31,73,2160657733,2160657733,2160657733,3196193,1258,119,73,2160657733,010 GENERAL OPERATING FD,31 RECORDS
2018,1,2,02 PURCHASE OF SERVICES,211,TRANSPORTATION                      0211,10,31,40,2160657773,2160657773,2160657773,3196233,1298,119,113,2160657773,010 GENERAL OPERATING FD,31 RECORDS
2018,1,2,02 PURCHASE OF SERVICES,211,TRANSPORTATION                      0211,10,31,6,2160657779,2160657779,2160657779,3196239,1304,119,119,2160657779,010 GENERAL OPERATING FD,31 RECORDS
2018,1,2,02 PURCHASE OF SERVICES,216,COMMERCIAL OFF-SHELF COMP SOFTWARE  0216,10,31,4013,2160661792,2160661792,2160661792,3200252,5317,7328,4013,2160661792,010 GENERAL OPERATING FD,31 RECORDS
2018,1,2,02 PURCHASE OF SERVICES,216,COMMERCIAL OFF-SHELF COMP SOFTWARE  0216,10,31,1715,2160663507,2160663507,2160663507,3201967,7032,7328,5728,2160663507,010 GENERAL OPERATING FD,31 RECORDS
2018,1,2,02 PURCHASE OF SERVICES,216,COMMERCIAL OFF-SHELF COMP SOFTWARE  0216,10,31,1600,2160665107,2160665107,2160665107,3203567,8632,7328,7328,2160665107,010 GENERAL OPERATING FD,31 RECORDS
2018,1,2,02 PURCHASE OF SERVICES,250,PROFESSIONAL CONSULT/SPEC SERVICES  0250,10,31,283611,2160948718,2160948718,2160948718,3487178,292243,1229071,283611,2160948718,010 GENERAL OPERATING FD,31 RECORDS
2018,1,2,02 PURCHASE OF SERVICES,250,PROFESSIONAL CONSULT/SPEC SERVICES  0250,10,31,319700,2161268418,2161268418,2161268418,3806878,611943,1229071,603311,2161268418,010 GENERAL OPERATING FD,31 RECORDS
2018,1,2,02 PURCHASE OF SERVICES,250,PROFESSIONAL CONSULT/SPEC SERVICES  0250,10,31,13931,2161282349,2161282349,2161282349,3820809,625874,1229071,617242,2161282349,010 GENERAL OPERATING FD,31 RECORDS
2018,1,2,02 PURCHASE OF SERVICES,250,PROFESSIONAL CONSULT/SPEC SERVICES  0250,10,31,2718,2161285067,2161285067,2161285067,3823527,628592,1229071,619960,2161285067,010 GENERAL OPERATING FD,31 RECORDS
2018,1,2,02 PURCHASE OF SERVICES,250,PROFESSIONAL CONSULT/SPEC SERVICES  0250,10,31,609111,2161894178,2161894178,2161894178,4432638,1237703,1229071,1229071,2161894178,010 GENERAL OPERATING FD,31 RECORDS
2018,1,2,02 PURCHASE OF SERVICES,251,INFORMATION TECHNOLOGY-PROF SERVICE 0251,10,31,30000,2161924178,2161924178,2161924178,4462638,1267703,30000,30000,2161924178,010 GENERAL OPERATING FD,31 RECORDS
2018,1,2,02 PURCHASE OF SERVICES,255,DUES                                0255,10,31,445,2161924623,2161924623,2161924623,4463083,1268148,445,445,2161924623,010 GENERAL OPERATING FD,31 RECORDS
2018,1,2,02 PURCHASE OF SERVICES,256,SEMINAR AND TRAINING SESSIONS       0256,10,31,495,2161925118,2161925118,2161925118,4463578,1268643,495,495,2161925118,010 GENERAL OPERATING FD,31 RECORDS
2018,1,2,02 PURCHASE OF SERVICES,260,REPAIR AND MAINTENANCE CHARGES      0260,10,31,22484,2161947602,2161947602,2161947602,4486062,1291127,255244,22484,2161947602,010 GENERAL OPERATING FD,31 RECORDS
2018,1,2,02 PURCHASE OF SERVICES,260,REPAIR AND MAINTENANCE CHARGES      0260,10,31,28991,2161976593,2161976593,2161976593,4515053,1320118,255244,51475,2161976593,010 GENERAL OPERATING FD,31 RECORDS
2018,1,2,02 PURCHASE OF SERVICES,260,REPAIR AND MAINTENANCE CHARGES      0260,10,31,2200,2161978793,2161978793,2161978793,4517253,1322318,255244,53675,2161978793,010 GENERAL OPERATING FD,31 RECORDS
2018,1,2,02 PURCHASE OF SERVICES,260,REPAIR AND MAINTENANCE CHARGES      0260,10,31,6228,2161985021,2161985021,2161985021,4523481,1328546,255244,59903,2161985021,010 GENERAL OPERATING FD,31 RECORDS
2018,1,2,02 PURCHASE OF SERVICES,260,REPAIR AND MAINTENANCE CHARGES      0260,10,31,195341,2162180362,2162180362,2162180362,4718822,1523887,255244,255244,2162180362,010 GENERAL OPERATING FD,31 RECORDS
2018,1,2,02 PURCHASE OF SERVICES,266,MAINT/SUPPORT-COMPUTR HARDWARE/SOFT 0266,10,31,390,2162180752,2162180752,2162180752,4719212,1524277,10898,390,2162180752,010 GENERAL OPERATING FD,31 RECORDS
2018,1,2,02 PURCHASE OF SERVICES,266,MAINT/SUPPORT-COMPUTR HARDWARE/SOFT 0266,10,31,10508,2162191260,2162191260,2162191260,4729720,1534785,10898,10898,2162191260,010 GENERAL OPERATING FD,31 RECORDS
2018,1,2,02 PURCHASE OF SERVICES,285,RENTS                               0285,10,31,631,2162191891,2162191891,2162191891,4730351,1535416,1306,631,2162191891,010 GENERAL OPERATING FD,31 RECORDS
2018,1,2,02 PURCHASE OF SERVICES,285,RENTS                               0285,10,31,675,2162192566,2162192566,2162192566,4731026,1536091,1306,1306,2162192566,010 GENERAL OPERATING FD,31 RECORDS
2018,1,2,02 PURCHASE OF SERVICES,295,PURCHASE SERVICES-IMPREST ADVANCES  0295,10,31,2688,2162195254,2162195254,2162195254,4733714,1538779,2688,2688,2162195254,010 GENERAL OPERATING FD,31 RECORDS
2018,1,3,03 MATERIALS AND SUPPLIES,304,BOOKS AND OTHER PUBLICATIONS        0304,10,31,313,2162195567,2162195567,2162195567,4734027,313,358,313,2162195567,010 GENERAL OPERATING FD,31 RECORDS
2018,1,3,03 MATERIALS AND SUPPLIES,304,BOOKS AND OTHER PUBLICATIONS        0304,10,31,45,2162195612,2162195612,2162195612,4734072,358,358,358,2162195612,010 GENERAL OPERATING FD,31 RECORDS
2018,1,3,03 MATERIALS AND SUPPLIES,313,FOOD                                0313,10,31,20,2162195632,2162195632,2162195632,4734092,378,20,20,2162195632,010 GENERAL OPERATING FD,31 RECORDS
2018,1,3,03 MATERIALS AND SUPPLIES,320,OFFICE MATERIALS AND SUPPLIES       0320,10,31,9476,2162205108,2162205108,2162205108,4743568,9854,31852,9476,2162205108,010 GENERAL OPERATING FD,31 RECORDS
2018,1,3,03 MATERIALS AND SUPPLIES,320,OFFICE MATERIALS AND SUPPLIES       0320,10,31,3385,2162208493,2162208493,2162208493,4746953,13239,31852,12861,2162208493,010 GENERAL OPERATING FD,31 RECORDS
2018,1,3,03 MATERIALS AND SUPPLIES,320,OFFICE MATERIALS AND SUPPLIES       0320,10,31,1231,2162209724,2162209724,2162209724,4748184,14470,31852,14092,2162209724,010 GENERAL OPERATING FD,31 RECORDS
2018,1,3,03 MATERIALS AND SUPPLIES,320,OFFICE MATERIALS AND SUPPLIES       0320,10,31,3000,2162212724,2162212724,2162212724,4751184,17470,31852,17092,2162212724,010 GENERAL OPERATING FD,31 RECORDS
2018,1,3,03 MATERIALS AND SUPPLIES,320,OFFICE MATERIALS AND SUPPLIES       0320,10,31,14760,2162227484,2162227484,2162227484,4765944,32230,31852,31852,2162227484,010 GENERAL OPERATING FD,31 RECORDS
2018,1,3,03 MATERIALS AND SUPPLIES,322,SMALL POWER TOOLS AND HAND TOOLS    0322,10,31,4505,2162231989,2162231989,2162231989,4770449,36735,4505,4505,2162231989,010 GENERAL OPERATING FD,31 RECORDS
2018,1,3,03 MATERIALS AND SUPPLIES,324,"PRECISION, PHOTOGRAPHIC AND ARTISTS 0324",10,31,420,2162232409,2162232409,2162232409,4770869,37155,13420,420,2162232409,010 GENERAL OPERATING FD,31 RECORDS
2018,1,3,03 MATERIALS AND SUPPLIES,324,"PRECISION, PHOTOGRAPHIC AND ARTISTS 0324",10,31,1500,2162233909,2162233909,2162233909,4772369,38655,13420,1920,2162233909,010 GENERAL OPERATING FD,31 RECORDS
2018,1,3,03 MATERIALS AND SUPPLIES,324,"PRECISION, PHOTOGRAPHIC AND ARTISTS 0324",10,31,11500,2162245409,2162245409,2162245409,4783869,50155,13420,13420,2162245409,010 GENERAL OPERATING FD,31 RECORDS
2018,1,3,03 MATERIALS AND SUPPLIES,325,PRINTING                            0325,10,31,3840,2162249249,2162249249,2162249249,4787709,53995,10347,3840,2162249249,010 GENERAL OPERATING FD,31 RECORDS
2018,1,3,03 MATERIALS AND SUPPLIES,325,PRINTING                            0325,10,31,6240,2162255489,2162255489,2162255489,4793949,60235,10347,10080,2162255489,010 GENERAL OPERATING FD,31 RECORDS
2018,1,3,03 MATERIALS AND SUPPLIES,325,PRINTING                            0325,10,31,42,2162255531,2162255531,2162255531,4793991,60277,10347,10122,2162255531,010 GENERAL OPERATING FD,31 RECORDS
2018,1,3,03 MATERIALS AND SUPPLIES,325,PRINTING                            0325,10,31,225,2162255756,2162255756,2162255756,4794216,60502,10347,10347,2162255756,010 GENERAL OPERATING FD,31 RECORDS
2018,1,4,04 EQUIPMENT,420,OFFICE EQUIPMENT                    0420,10,31,2294,2162258050,2162258050,2162258050,4796510,2294,4319,2294,2162258050,010 GENERAL OPERATING FD,31 RECORDS
2018,1,4,04 EQUIPMENT,420,OFFICE EQUIPMENT                    0420,10,31,948,2162258998,2162258998,2162258998,4797458,3242,4319,3242,2162258998,010 GENERAL OPERATING FD,31 RECORDS
2018,1,4,04 EQUIPMENT,420,OFFICE EQUIPMENT                    0420,10,31,1077,2162260075,2162260075,2162260075,4798535,4319,4319,4319,2162260075,010 GENERAL OPERATING FD,31 RECORDS
2018,1,4,04 EQUIPMENT,427,COMPUTER EQUIPMENT & PERIPHERALS    0427,10,31,67374,2162327449,2162327449,2162327449,4865909,71693,75297,67374,2162327449,010 GENERAL OPERATING FD,31 RECORDS
2018,1,4,04 EQUIPMENT,427,COMPUTER EQUIPMENT & PERIPHERALS    0427,10,31,7923,2162335372,2162335372,2162335372,4873832,79616,75297,75297,2162335372,010 GENERAL OPERATING FD,31 RECORDS
2018,1,4,04 EQUIPMENT,430,FURNITURE AND FURNISHINGS           0430,10,31,2611,2162337983,2162337983,2162337983,4876443,82227,3640,2611,2162337983,010 GENERAL OPERATING FD,31 RECORDS
2018,1,4,04 EQUIPMENT,430,FURNITURE AND FURNISHINGS           0430,10,31,1029,2162339012,2162339012,2162339012,4877472,83256,3640,3640,2162339012,010 GENERAL OPERATING FD,31 RECORDS
2018,1,5,"05 CONTRIBUTIONS,INDEMNITIES,REFDS,TAXES",504,MERITORIOUS AWARDS                  0504,10,31,1456,2162340468,2162340468,2162340468,4878928,1456,1456,1456,2162340468,010 GENERAL OPERATING FD,31 RECORDS
2018,1,5,"05 CONTRIBUTIONS,INDEMNITIES,REFDS,TAXES",517,CONTRIBUTIONS-GOV & NON-PROF NOT ED 0517,10,34,2550000,2164890468,2164890468,2164890468,2550000,2550000,2550000,2550000,2164890468,010 GENERAL OPERATING FD,34 ART MUSEUM
2018,1,1,01 PERSONAL SERVICES,100,SALARY CONTROL                      0100,10,35,57680,2164948148,2164948148,2164948148,57680,57680,57680,57680,2164948148,010 GENERAL OPERATING FD,35 DIRECTOR OF FINANCE
2018,1,1,01 PERSONAL SERVICES,101,PERM FULL TIME-CIVILIAN             0101,10,35,1327840,2166275988,2166275988,2166275988,1385520,1385520,7186580,1327840,2166275988,010 GENERAL OPERATING FD,35 DIRECTOR OF FINANCE
2018,1,1,01 PERSONAL SERVICES,101,PERM FULL TIME-CIVILIAN             0101,10,35,346249,2166622237,2166622237,2166622237,1731769,1731769,7186580,1674089,2166622237,010 GENERAL OPERATING FD,35 DIRECTOR OF FINANCE
2018,1,1,01 PERSONAL SERVICES,101,PERM FULL TIME-CIVILIAN             0101,10,35,1529616,2168151853,2168151853,2168151853,3261385,3261385,7186580,3203705,2168151853,010 GENERAL OPERATING FD,35 DIRECTOR OF FINANCE
2018,1,1,01 PERSONAL SERVICES,101,PERM FULL TIME-CIVILIAN             0101,10,35,1420324,2169572177,2169572177,2169572177,4681709,4681709,7186580,4624029,2169572177,010 GENERAL OPERATING FD,35 DIRECTOR OF FINANCE
2018,1,1,01 PERSONAL SERVICES,101,PERM FULL TIME-CIVILIAN             0101,10,35,2562551,2172134728,2172134728,2172134728,7244260,7244260,7186580,7186580,2172134728,010 GENERAL OPERATING FD,35 DIRECTOR OF FINANCE
2018,1,1,01 PERSONAL SERVICES,109,PLUS/MINUS GROSS ADJ                0109,10,35,20754,2172155482,2172155482,2172155482,7265014,7265014,20754,20754,2172155482,010 GENERAL OPERATING FD,35 DIRECTOR OF FINANCE
2018,1,1,01 PERSONAL SERVICES,111,PERM PART TIME                      0111,10,35,28123,2172183605,2172183605,2172183605,7293137,7293137,28123,28123,2172183605,010 GENERAL OPERATING FD,35 DIRECTOR OF FINANCE
2018,1,1,01 PERSONAL SERVICES,161,OVERTIME-CIVILIAN                   0161,10,35,9889,2172193494,2172193494,2172193494,7303026,7303026,34475,9889,2172193494,010 GENERAL OPERATING FD,35 DIRECTOR OF FINANCE
2018,1,1,01 PERSONAL SERVICES,161,OVERTIME-CIVILIAN                   0161,10,35,24586,2172218080,2172218080,2172218080,7327612,7327612,34475,34475,2172218080,010 GENERAL OPERATING FD,35 DIRECTOR OF FINANCE
2018,1,1,01 PERSONAL SERVICES,171,"HOLIDAY ""G""(2/3 SHIFTS)             0171",10,35,565,2172218645,2172218645,2172218645,7328177,7328177,565,565,2172218645,010 GENERAL OPERATING FD,35 DIRECTOR OF FINANCE
2018,1,1,01 PERSONAL SERVICES,186,FLEX CASH                           0186,10,35,800000,2173018645,2173018645,2173018645,8128177,8128177,800000,800000,2173018645,010 GENERAL OPERATING FD,35 DIRECTOR OF FINANCE
2018,1,1,01 PERSONAL SERVICES,187,WORKER'S COMP-DISABILITY COMP       0187,10,35,39375000,2212393645,2212393645,2212393645,47503177,47503177,39375000,39375000,2212393645,010 GENERAL OPERATING FD,35 DIRECTOR OF FINANCE
2018,1,1,01 PERSONAL SERVICES,188,WORKER'S COMP-MEDICAL               0188,10,35,27712798,2240106443,2240106443,2240106443,75215975,75215975,27712798,27712798,2240106443,010 GENERAL OPERATING FD,35 DIRECTOR OF FINANCE
2018,1,1,01 PERSONAL SERVICES,189,MEDICARE TAX                        0189,10,35,22598854,2262705297,2262705297,2262705297,97814829,97814829,22598854,22598854,2262705297,010 GENERAL OPERATING FD,35 DIRECTOR OF FINANCE
2018,1,1,01 PERSONAL SERVICES,190,PENSION-OBLIGATION BOND PAYMENTS    0190,10,35,111330520,2374035817,2374035817,2374035817,209145349,209145349,111330520,111330520,2374035817,010 GENERAL OPERATING FD,35 DIRECTOR OF FINANCE
2018,1,1,01 PERSONAL SERVICES,191,PENSION-ACTUAL                      0191,10,35,568919117,2942954934,2942954934,2942954934,778064466,778064466,568919117,568919117,2942954934,010 GENERAL OPERATING FD,35 DIRECTOR OF FINANCE
2018,1,1,01 PERSONAL SERVICES,192,FICA TAXES                          0192,10,35,53459138,2996414072,2996414072,2996414072,831523604,831523604,53459138,53459138,2996414072,010 GENERAL OPERATING FD,35 DIRECTOR OF FINANCE
2018,1,1,01 PERSONAL SERVICES,193,MEDICAL HEALTH & WELFARE CREDIT     0193,10,35,466427163,3462841235,3462841235,3462841235,1297950767,1297950767,466427163,466427163,3462841235,010 GENERAL OPERATING FD,35 DIRECTOR OF FINANCE
2018,1,1,01 PERSONAL SERVICES,194,GROUP LIFE INSURANCE                0194,10,35,8100386,3470941621,3470941621,3470941621,1306051153,1306051153,8100386,8100386,3470941621,010 GENERAL OPERATING FD,35 DIRECTOR OF FINANCE
2018,1,1,01 PERSONAL SERVICES,195,GROUP LEGAL INSURANCE               0195,10,35,4849842,3475791463,3475791463,3475791463,1310900995,1310900995,4849842,4849842,3475791463,010 GENERAL OPERATING FD,35 DIRECTOR OF FINANCE
2018,1,1,01 PERSONAL SERVICES,196,UNEMPLOYMENT COMP INSURANCE         0196,10,35,4080260,3479871723,3479871723,3479871723,1314981255,1314981255,4080260,4080260,3479871723,010 GENERAL OPERATING FD,35 DIRECTOR OF FINANCE
2018,1,1,01 PERSONAL SERVICES,197,AUTO MECHANIC TOOL INSURANCE        0197,10,35,146267,3480017990,3480017990,3480017990,1315127522,1315127522,146267,146267,3480017990,010 GENERAL OPERATING FD,35 DIRECTOR OF FINANCE
2018,1,2,02 PURCHASE OF SERVICES,210,POSTAGE                             0210,10,35,1353,3480019343,3480019343,3480019343,1315128875,1353,1778,1353,3480019343,010 GENERAL OPERATING FD,35 DIRECTOR OF FINANCE
2018,1,2,02 PURCHASE OF SERVICES,210,POSTAGE                             0210,10,35,405,3480019748,3480019748,3480019748,1315129280,1758,1778,1758,3480019748,010 GENERAL OPERATING FD,35 DIRECTOR OF FINANCE
2018,1,2,02 PURCHASE OF SERVICES,210,POSTAGE                             0210,10,35,20,3480019768,3480019768,3480019768,1315129300,1778,1778,1778,3480019768,010 GENERAL OPERATING FD,35 DIRECTOR OF FINANCE
2018,1,2,02 PURCHASE OF SERVICES,211,TRANSPORTATION                      0211,10,35,2100,3480021868,3480021868,3480021868,1315131400,3878,7103,2100,3480021868,010 GENERAL OPERATING FD,35 DIRECTOR OF FINANCE
2018,1,2,02 PURCHASE OF SERVICES,211,TRANSPORTATION                      0211,10,35,445,3480022313,3480022313,3480022313,1315131845,4323,7103,2545,3480022313,010 GENERAL OPERATING FD,35 DIRECTOR OF FINANCE
2018,1,2,02 PURCHASE OF SERVICES,211,TRANSPORTATION                      0211,10,35,150,3480022463,3480022463,3480022463,1315131995,4473,7103,2695,3480022463,010 GENERAL OPERATING FD,35 DIRECTOR OF FINANCE
2018,1,2,02 PURCHASE OF SERVICES,211,TRANSPORTATION                      0211,10,35,4408,3480026871,3480026871,3480026871,1315136403,8881,7103,7103,3480026871,010 GENERAL OPERATING FD,35 DIRECTOR OF FINANCE
2018,1,2,02 PURCHASE OF SERVICES,216,COMMERCIAL OFF-SHELF COMP SOFTWARE  0216,10,35,549,3480027420,3480027420,3480027420,1315136952,9430,549,549,3480027420,010 GENERAL OPERATING FD,35 DIRECTOR OF FINANCE
2018,1,2,02 PURCHASE OF SERVICES,230,MEALS-NON-TRAVEL & OFFICL ENTERTAIN 0230,10,35,65112,3480092532,3480092532,3480092532,1315202064,74542,65112,65112,3480092532,010 GENERAL OPERATING FD,35 DIRECTOR OF FINANCE
2018,1,2,02 PURCHASE OF SERVICES,240,ADVERTISING/PROMOTIONAL ACTIVITIES  0240,10,35,46,3480092578,3480092578,3480092578,1315202110,74588,46,46,3480092578,010 GENERAL OPERATING FD,35 DIRECTOR OF FINANCE
2018,1,2,02 PURCHASE OF SERVICES,250,PROFESSIONAL CONSULT/SPEC SERVICES  0250,10,35,160000,3480252578,3480252578,3480252578,1315362110,234588,1812475,160000,3480252578,010 GENERAL OPERATING FD,35 DIRECTOR OF FINANCE
2018,1,2,02 PURCHASE OF SERVICES,250,PROFESSIONAL CONSULT/SPEC SERVICES  0250,10,35,1100000,3481352578,3481352578,3481352578,1316462110,1334588,1812475,1260000,3481352578,010 GENERAL OPERATING FD,35 DIRECTOR OF FINANCE
2018,1,2,02 PURCHASE OF SERVICES,250,PROFESSIONAL CONSULT/SPEC SERVICES  0250,10,35,507085,3481859663,3481859663,3481859663,1316969195,1841673,1812475,1767085,3481859663,010 GENERAL OPERATING FD,35 DIRECTOR OF FINANCE
2018,1,2,02 PURCHASE OF SERVICES,250,PROFESSIONAL CONSULT/SPEC SERVICES  0250,10,35,45390,3481905053,3481905053,3481905053,1317014585,1887063,1812475,1812475,3481905053,010 GENERAL OPERATING FD,35 DIRECTOR OF FINANCE
2018,1,2,02 PURCHASE OF SERVICES,252,ACCOUNTING AND AUDITING SERVICES    0252,10,35,45000,3481950053,3481950053,3481950053,1317059585,1932063,45000,45000,3481950053,010 GENERAL OPERATING FD,35 DIRECTOR OF FINANCE
2018,1,2,02 PURCHASE OF SERVICES,255,DUES                                0255,10,35,90256,3482040309,3482040309,3482040309,1317149841,2022319,92454,90256,3482040309,010 GENERAL OPERATING FD,35 DIRECTOR OF FINANCE
2018,1,2,02 PURCHASE OF SERVICES,255,DUES                                0255,10,35,690,3482040999,3482040999,3482040999,1317150531,2023009,92454,90946,3482040999,010 GENERAL OPERATING FD,35 DIRECTOR OF FINANCE
2018,1,2,02 PURCHASE OF SERVICES,255,DUES                                0255,10,35,1000,3482041999,3482041999,3482041999,1317151531,2024009,92454,91946,3482041999,010 GENERAL OPERATING FD,35 DIRECTOR OF FINANCE
2018,1,2,02 PURCHASE OF SERVICES,255,DUES                                0255,10,35,508,3482042507,3482042507,3482042507,1317152039,2024517,92454,92454,3482042507,010 GENERAL OPERATING FD,35 DIRECTOR OF FINANCE
2018,1,2,02 PURCHASE OF SERVICES,256,SEMINAR AND TRAINING SESSIONS       0256,10,35,1200,3482043707,3482043707,3482043707,1317153239,2025717,5330,1200,3482043707,010 GENERAL OPERATING FD,35 DIRECTOR OF FINANCE
2018,1,2,02 PURCHASE OF SERVICES,256,SEMINAR AND TRAINING SESSIONS       0256,10,35,300,3482044007,3482044007,3482044007,1317153539,2026017,5330,1500,3482044007,010 GENERAL OPERATING FD,35 DIRECTOR OF FINANCE
2018,1,2,02 PURCHASE OF SERVICES,256,SEMINAR AND TRAINING SESSIONS       0256,10,35,1500,3482045507,3482045507,3482045507,1317155039,2027517,5330,3000,3482045507,010 GENERAL OPERATING FD,35 DIRECTOR OF FINANCE
2018,1,2,02 PURCHASE OF SERVICES,256,SEMINAR AND TRAINING SESSIONS       0256,10,35,2330,3482047837,3482047837,3482047837,1317157369,2029847,5330,5330,3482047837,010 GENERAL OPERATING FD,35 DIRECTOR OF FINANCE
2018,1,2,02 PURCHASE OF SERVICES,260,REPAIR AND MAINTENANCE CHARGES      0260,10,35,1911,3482049748,3482049748,3482049748,1317159280,2031758,17675,1911,3482049748,010 GENERAL OPERATING FD,35 DIRECTOR OF FINANCE
2018,1,2,02 PURCHASE OF SERVICES,260,REPAIR AND MAINTENANCE CHARGES      0260,10,35,4845,3482054593,3482054593,3482054593,1317164125,2036603,17675,6756,3482054593,010 GENERAL OPERATING FD,35 DIRECTOR OF FINANCE
2018,1,2,02 PURCHASE OF SERVICES,260,REPAIR AND MAINTENANCE CHARGES      0260,10,35,4919,3482059512,3482059512,3482059512,1317169044,2041522,17675,11675,3482059512,010 GENERAL OPERATING FD,35 DIRECTOR OF FINANCE
2018,1,2,02 PURCHASE OF SERVICES,260,REPAIR AND MAINTENANCE CHARGES      0260,10,35,6000,3482065512,3482065512,3482065512,1317175044,2047522,17675,17675,3482065512,010 GENERAL OPERATING FD,35 DIRECTOR OF FINANCE
2018,1,2,02 PURCHASE OF SERVICES,266,MAINT/SUPPORT-COMPUTR HARDWARE/SOFT 0266,10,35,28990,3482094502,3482094502,3482094502,1317204034,2076512,31024,28990,3482094502,010 GENERAL OPERATING FD,35 DIRECTOR OF FINANCE
2018,1,2,02 PURCHASE OF SERVICES,266,MAINT/SUPPORT-COMPUTR HARDWARE/SOFT 0266,10,35,2034,3482096536,3482096536,3482096536,1317206068,2078546,31024,31024,3482096536,010 GENERAL OPERATING FD,35 DIRECTOR OF FINANCE
2018,1,2,02 PURCHASE OF SERVICES,277,WITNESS FEES                        0277,10,35,171518,3482268054,3482268054,3482268054,1317377586,2250064,171518,171518,3482268054,010 GENERAL OPERATING FD,35 DIRECTOR OF FINANCE
2018,1,2,02 PURCHASE OF SERVICES,280,INSURANCE AND OFFICIAL BONDS        0280,10,35,796900,3483064954,3483064954,3483064954,1318174486,3046964,796900,796900,3483064954,010 GENERAL OPERATING FD,35 DIRECTOR OF FINANCE
2018,1,2,02 PURCHASE OF SERVICES,285,RENTS                               0285,10,35,1400,3483066354,3483066354,3483066354,1318175886,3048364,3940,1400,3483066354,010 GENERAL OPERATING FD,35 DIRECTOR OF FINANCE
2018,1,2,02 PURCHASE OF SERVICES,285,RENTS                               0285,10,35,2540,3483068894,3483068894,3483068894,1318178426,3050904,3940,3940,3483068894,010 GENERAL OPERATING FD,35 DIRECTOR OF FINANCE
2018,1,2,02 PURCHASE OF SERVICES,286,RENTAL OF PARKING SPACES            0286,10,35,1000,3483069894,3483069894,3483069894,1318179426,3051904,1000,1000,3483069894,010 GENERAL OPERATING FD,35 DIRECTOR OF FINANCE
2018,1,2,02 PURCHASE OF SERVICES,298,PAYMENTS FOR BURIALS AND GRAVES     0298,10,35,147546,3483217440,3483217440,3483217440,1318326972,3199450,147546,147546,3483217440,010 GENERAL OPERATING FD,35 DIRECTOR OF FINANCE
2018,1,2,02 PURCHASE OF SERVICES,299,OTHER EXPENSES (NOT OTHRWSE CLSSFD) 0299,10,35,1980,3483219420,3483219420,3483219420,1318328952,3201430,1980,1980,3483219420,010 GENERAL OPERATING FD,35 DIRECTOR OF FINANCE
2018,1,3,03 MATERIALS AND SUPPLIES,304,BOOKS AND OTHER PUBLICATIONS        0304,10,35,300,3483219720,3483219720,3483219720,1318329252,300,14281,300,3483219720,010 GENERAL OPERATING FD,35 DIRECTOR OF FINANCE
2018,1,3,03 MATERIALS AND SUPPLIES,304,BOOKS AND OTHER PUBLICATIONS        0304,10,35,10745,3483230465,3483230465,3483230465,1318339997,11045,14281,11045,3483230465,010 GENERAL OPERATING FD,35 DIRECTOR OF FINANCE
2018,1,3,03 MATERIALS AND SUPPLIES,304,BOOKS AND OTHER PUBLICATIONS        0304,10,35,2736,3483233201,3483233201,3483233201,1318342733,13781,14281,13781,3483233201,010 GENERAL OPERATING FD,35 DIRECTOR OF FINANCE
2018,1,3,03 MATERIALS AND SUPPLIES,304,BOOKS AND OTHER PUBLICATIONS        0304,10,35,500,3483233701,3483233701,3483233701,1318343233,14281,14281,14281,3483233701,010 GENERAL OPERATING FD,35 DIRECTOR OF FINANCE
2018,1,3,03 MATERIALS AND SUPPLIES,320,OFFICE MATERIALS AND SUPPLIES       0320,10,35,4000,3483237701,3483237701,3483237701,1318347233,18281,37884,4000,3483237701,010 GENERAL OPERATING FD,35 DIRECTOR OF FINANCE
2018,1,3,03 MATERIALS AND SUPPLIES,320,OFFICE MATERIALS AND SUPPLIES       0320,10,35,19456,3483257157,3483257157,3483257157,1318366689,37737,37884,23456,3483257157,010 GENERAL OPERATING FD,35 DIRECTOR OF FINANCE
2018,1,3,03 MATERIALS AND SUPPLIES,320,OFFICE MATERIALS AND SUPPLIES       0320,10,35,3250,3483260407,3483260407,3483260407,1318369939,40987,37884,26706,3483260407,010 GENERAL OPERATING FD,35 DIRECTOR OF FINANCE
2018,1,3,03 MATERIALS AND SUPPLIES,320,OFFICE MATERIALS AND SUPPLIES       0320,10,35,6907,3483267314,3483267314,3483267314,1318376846,47894,37884,33613,3483267314,010 GENERAL OPERATING FD,35 DIRECTOR OF FINANCE
2018,1,3,03 MATERIALS AND SUPPLIES,320,OFFICE MATERIALS AND SUPPLIES       0320,10,35,4271,3483271585,3483271585,3483271585,1318381117,52165,37884,37884,3483271585,010 GENERAL OPERATING FD,35 DIRECTOR OF FINANCE
2018,1,3,03 MATERIALS AND SUPPLIES,324,"PRECISION, PHOTOGRAPHIC AND ARTISTS 0324",10,35,4000,3483275585,3483275585,3483275585,1318385117,56165,7234,4000,3483275585,010 GENERAL OPERATING FD,35 DIRECTOR OF FINANCE
2018,1,3,03 MATERIALS AND SUPPLIES,324,"PRECISION, PHOTOGRAPHIC AND ARTISTS 0324",10,35,1034,3483276619,3483276619,3483276619,1318386151,57199,7234,5034,3483276619,010 GENERAL OPERATING FD,35 DIRECTOR OF FINANCE
2018,1,3,03 MATERIALS AND SUPPLIES,324,"PRECISION, PHOTOGRAPHIC AND ARTISTS 0324",10,35,2200,3483278819,3483278819,3483278819,1318388351,59399,7234,7234,3483278819,010 GENERAL OPERATING FD,35 DIRECTOR OF FINANCE
2018,1,3,03 MATERIALS AND SUPPLIES,325,PRINTING                            0325,10,35,22765,3483301584,3483301584,3483301584,1318411116,82164,24365,22765,3483301584,010 GENERAL OPERATING FD,35 DIRECTOR OF FINANCE
2018,1,3,03 MATERIALS AND SUPPLIES,325,PRINTING                            0325,10,35,600,3483302184,3483302184,3483302184,1318411716,82764,24365,23365,3483302184,010 GENERAL OPERATING FD,35 DIRECTOR OF FINANCE
2018,1,3,03 MATERIALS AND SUPPLIES,325,PRINTING                            0325,10,35,1000,3483303184,3483303184,3483303184,1318412716,83764,24365,24365,3483303184,010 GENERAL OPERATING FD,35 DIRECTOR OF FINANCE
2018,1,3,03 MATERIALS AND SUPPLIES,399,OTHER MATERIALS AND SUPPLIES (NOC)  0399,10,35,3729,3483306913,3483306913,3483306913,1318416445,87493,3729,3729,3483306913,010 GENERAL OPERATING FD,35 DIRECTOR OF FINANCE
2018,1,4,04 EQUIPMENT,420,OFFICE EQUIPMENT                    0420,10,35,15326,3483322239,3483322239,3483322239,1318431771,15326,15326,15326,3483322239,010 GENERAL OPERATING FD,35 DIRECTOR OF FINANCE
2018,1,4,04 EQUIPMENT,427,COMPUTER EQUIPMENT & PERIPHERALS    0427,10,35,290,3483322529,3483322529,3483322529,1318432061,15616,290,290,3483322529,010 GENERAL OPERATING FD,35 DIRECTOR OF FINANCE
2018,1,5,"05 CONTRIBUTIONS,INDEMNITIES,REFDS,TAXES",504,MERITORIOUS AWARDS                  0504,10,35,25000,3483347529,3483347529,3483347529,1318457061,25000,25000,25000,3483347529,010 GENERAL OPERATING FD,35 DIRECTOR OF FINANCE
2018,1,5,"05 CONTRIBUTIONS,INDEMNITIES,REFDS,TAXES",505,CONTRIBUTIONS-ED & NON-PROF REC ORG 0505,10,35,104348281,3587695810,3587695810,3587695810,1422805342,104373281,134757488,104348281,3587695810,010 GENERAL OPERATING FD,35 DIRECTOR OF FINANCE
2018,1,5,"05 CONTRIBUTIONS,INDEMNITIES,REFDS,TAXES",505,CONTRIBUTIONS-ED & NON-PROF REC ORG 0505,10,35,30409207,3618105017,3618105017,3618105017,1453214549,134782488,134757488,134757488,3618105017,010 GENERAL OPERATING FD,35 DIRECTOR OF FINANCE
2018,1,5,"05 CONTRIBUTIONS,INDEMNITIES,REFDS,TAXES",512,REFUNDS                             0512,10,35,250000,3618355017,3618355017,3618355017,1453464549,135032488,250000,250000,3618355017,010 GENERAL OPERATING FD,35 DIRECTOR OF FINANCE
2018,1,5,"05 CONTRIBUTIONS,INDEMNITIES,REFDS,TAXES",513,INDEMNITIES-INTERDEPARTMENTAL TRANS 0513,10,35,44920000,3663275017,3663275017,3663275017,1498384549,179952488,44920000,44920000,3663275017,010 GENERAL OPERATING FD,35 DIRECTOR OF FINANCE
2018,1,5,"05 CONTRIBUTIONS,INDEMNITIES,REFDS,TAXES",517,CONTRIBUTIONS-GOV & NON-PROF NOT ED 0517,10,35,4400000,3667675017,3667675017,3667675017,1502784549,184352488,4400000,4400000,3667675017,010 GENERAL OPERATING FD,35 DIRECTOR OF FINANCE
2018,1,9,09 ADVANCES & OTHER MISC PAYMENTS,999,STANDBY AUTHORIZATIONS              0999,10,35,50893000,3718568017,3718568017,3718568017,1553677549,50893000,50893000,50893000,3718568017,010 GENERAL OPERATING FD,35 DIRECTOR OF FINANCE
2018,1,1,01 PERSONAL SERVICES,100,SALARY CONTROL                      0100,10,36,25000,3718593017,3718593017,3718593017,25000,25000,157000,25000,3718593017,010 GENERAL OPERATING FD,36 REVENUE
2018,1,1,01 PERSONAL SERVICES,100,SALARY CONTROL                      0100,10,36,100000,3718693017,3718693017,3718693017,125000,125000,157000,125000,3718693017,010 GENERAL OPERATING FD,36 REVENUE
2018,1,1,01 PERSONAL SERVICES,100,SALARY CONTROL                      0100,10,36,32000,3718725017,3718725017,3718725017,157000,157000,157000,157000,3718725017,010 GENERAL OPERATING FD,36 REVENUE
2018,1,1,01 PERSONAL SERVICES,101,PERM FULL TIME-CIVILIAN             0101,10,36,60000,3718785017,3718785017,3718785017,217000,217000,20662242,60000,3718785017,010 GENERAL OPERATING FD,36 REVENUE
2018,1,1,01 PERSONAL SERVICES,101,PERM FULL TIME-CIVILIAN             0101,10,36,5494406,3724279423,3724279423,3724279423,5711406,5711406,20662242,5554406,3724279423,010 GENERAL OPERATING FD,36 REVENUE
2018,1,1,01 PERSONAL SERVICES,101,PERM FULL TIME-CIVILIAN             0101,10,36,3896728,3728176151,3728176151,3728176151,9608134,9608134,20662242,9451134,3728176151,010 GENERAL OPERATING FD,36 REVENUE
2018,1,1,01 PERSONAL SERVICES,101,PERM FULL TIME-CIVILIAN             0101,10,36,11211108,3739387259,3739387259,3739387259,20819242,20819242,20662242,20662242,3739387259,010 GENERAL OPERATING FD,36 REVENUE
2018,1,1,01 PERSONAL SERVICES,109,PLUS/MINUS GROSS ADJ                0109,10,36,30000,3739417259,3739417259,3739417259,20849242,20849242,58500,30000,3739417259,010 GENERAL OPERATING FD,36 REVENUE
2018,1,1,01 PERSONAL SERVICES,109,PLUS/MINUS GROSS ADJ                0109,10,36,28500,3739445759,3739445759,3739445759,20877742,20877742,58500,58500,3739445759,010 GENERAL OPERATING FD,36 REVENUE
2018,1,1,01 PERSONAL SERVICES,121,TEMPORARY/SEASONAL                  0121,10,36,150000,3739595759,3739595759,3739595759,21027742,21027742,710000,150000,3739595759,010 GENERAL OPERATING FD,36 REVENUE
2018,1,1,01 PERSONAL SERVICES,121,TEMPORARY/SEASONAL                  0121,10,36,60000,3739655759,3739655759,3739655759,21087742,21087742,710000,210000,3739655759,010 GENERAL OPERATING FD,36 REVENUE
2018,1,1,01 PERSONAL SERVICES,121,TEMPORARY/SEASONAL                  0121,10,36,500000,3740155759,3740155759,3740155759,21587742,21587742,710000,710000,3740155759,010 GENERAL OPERATING FD,36 REVENUE
2018,1,1,01 PERSONAL SERVICES,161,OVERTIME-CIVILIAN                   0161,10,36,400000,3740555759,3740555759,3740555759,21987742,21987742,610000,400000,3740555759,010 GENERAL OPERATING FD,36 REVENUE
2018,1,1,01 PERSONAL SERVICES,161,OVERTIME-CIVILIAN                   0161,10,36,150000,3740705759,3740705759,3740705759,22137742,22137742,610000,550000,3740705759,010 GENERAL OPERATING FD,36 REVENUE
2018,1,1,01 PERSONAL SERVICES,161,OVERTIME-CIVILIAN                   0161,10,36,60000,3740765759,3740765759,3740765759,22197742,22197742,610000,610000,3740765759,010 GENERAL OPERATING FD,36 REVENUE
2018,1,1,01 PERSONAL SERVICES,171,"HOLIDAY ""G""(2/3 SHIFTS)             0171",10,36,3600,3740769359,3740769359,3740769359,22201342,22201342,6300,3600,3740769359,010 GENERAL OPERATING FD,36 REVENUE
2018,1,1,01 PERSONAL SERVICES,171,"HOLIDAY ""G""(2/3 SHIFTS)             0171",10,36,2700,3740772059,3740772059,3740772059,22204042,22204042,6300,6300,3740772059,010 GENERAL OPERATING FD,36 REVENUE
2018,1,1,01 PERSONAL SERVICES,181,SHIFT                               0181,10,36,1653,3740773712,3740773712,3740773712,22205695,22205695,2151,1653,3740773712,010 GENERAL OPERATING FD,36 REVENUE
2018,1,1,01 PERSONAL SERVICES,181,SHIFT                               0181,10,36,400,3740774112,3740774112,3740774112,22206095,22206095,2151,2053,3740774112,010 GENERAL OPERATING FD,36 REVENUE
2018,1,1,01 PERSONAL SERVICES,181,SHIFT                               0181,10,36,98,3740774210,3740774210,3740774210,22206193,22206193,2151,2151,3740774210,010 GENERAL OPERATING FD,36 REVENUE
2018,1,1,01 PERSONAL SERVICES,199,SICK PAY(B TIME)-CIVILIAN           0199,10,36,25000,3740799210,3740799210,3740799210,22231193,22231193,25000,25000,3740799210,010 GENERAL OPERATING FD,36 REVENUE
2018,1,2,02 PURCHASE OF SERVICES,209,TELEPHONE                           0209,10,36,5000,3740804210,3740804210,3740804210,22236193,5000,5000,5000,3740804210,010 GENERAL OPERATING FD,36 REVENUE
2018,1,2,02 PURCHASE OF SERVICES,210,POSTAGE                             0210,10,36,800,3740805010,3740805010,3740805010,22236993,5800,2760300,800,3740805010,010 GENERAL OPERATING FD,36 REVENUE
2018,1,2,02 PURCHASE OF SERVICES,210,POSTAGE                             0210,10,36,2759500,3743564510,3743564510,3743564510,24996493,2765300,2760300,2760300,3743564510,010 GENERAL OPERATING FD,36 REVENUE
2018,1,2,02 PURCHASE OF SERVICES,211,TRANSPORTATION                      0211,10,36,8000,3743572510,3743572510,3743572510,25004493,2773300,18700,8000,3743572510,010 GENERAL OPERATING FD,36 REVENUE
2018,1,2,02 PURCHASE OF SERVICES,211,TRANSPORTATION                      0211,10,36,700,3743573210,3743573210,3743573210,25005193,2774000,18700,8700,3743573210,010 GENERAL OPERATING FD,36 REVENUE
2018,1,2,02 PURCHASE OF SERVICES,211,TRANSPORTATION                      0211,10,36,10000,3743583210,3743583210,3743583210,25015193,2784000,18700,18700,3743583210,010 GENERAL OPERATING FD,36 REVENUE
2018,1,2,02 PURCHASE OF SERVICES,216,COMMERCIAL OFF-SHELF COMP SOFTWARE  0216,10,36,50000,3743633210,3743633210,3743633210,25065193,2834000,56835,50000,3743633210,010 GENERAL OPERATING FD,36 REVENUE
2018,1,2,02 PURCHASE OF SERVICES,216,COMMERCIAL OFF-SHELF COMP SOFTWARE  0216,10,36,335,3743633545,3743633545,3743633545,25065528,2834335,56835,50335,3743633545,010 GENERAL OPERATING FD,36 REVENUE
2018,1,2,02 PURCHASE OF SERVICES,216,COMMERCIAL OFF-SHELF COMP SOFTWARE  0216,10,36,6500,3743640045,3743640045,3743640045,25072028,2840835,56835,56835,3743640045,010 GENERAL OPERATING FD,36 REVENUE
2018,1,2,02 PURCHASE OF SERVICES,230,MEALS-NON-TRAVEL & OFFICL ENTERTAIN 0230,10,36,1000,3743641045,3743641045,3743641045,25073028,2841835,1500,1000,3743641045,010 GENERAL OPERATING FD,36 REVENUE
2018,1,2,02 PURCHASE OF SERVICES,230,MEALS-NON-TRAVEL & OFFICL ENTERTAIN 0230,10,36,500,3743641545,3743641545,3743641545,25073528,2842335,1500,1500,3743641545,010 GENERAL OPERATING FD,36 REVENUE
2018,1,2,02 PURCHASE OF SERVICES,240,ADVERTISING/PROMOTIONAL ACTIVITIES  0240,10,36,18000,3743659545,3743659545,3743659545,25091528,2860335,39500,18000,3743659545,010 GENERAL OPERATING FD,36 REVENUE
2018,1,2,02 PURCHASE OF SERVICES,240,ADVERTISING/PROMOTIONAL ACTIVITIES  0240,10,36,1500,3743661045,3743661045,3743661045,25093028,2861835,39500,19500,3743661045,010 GENERAL OPERATING FD,36 REVENUE
2018,1,2,02 PURCHASE OF SERVICES,240,ADVERTISING/PROMOTIONAL ACTIVITIES  0240,10,36,20000,3743681045,3743681045,3743681045,25113028,2881835,39500,39500,3743681045,010 GENERAL OPERATING FD,36 REVENUE
2018,1,2,02 PURCHASE OF SERVICES,250,PROFESSIONAL CONSULT/SPEC SERVICES  0250,10,36,258000,3743939045,3743939045,3743939045,25371028,3139835,3804589,258000,3743939045,010 GENERAL OPERATING FD,36 REVENUE
2018,1,2,02 PURCHASE OF SERVICES,250,PROFESSIONAL CONSULT/SPEC SERVICES  0250,10,36,1980250,3745919295,3745919295,3745919295,27351278,5120085,3804589,2238250,3745919295,010 GENERAL OPERATING FD,36 REVENUE
2018,1,2,02 PURCHASE OF SERVICES,250,PROFESSIONAL CONSULT/SPEC SERVICES  0250,10,36,1170000,3747089295,3747089295,3747089295,28521278,6290085,3804589,3408250,3747089295,010 GENERAL OPERATING FD,36 REVENUE
2018,1,2,02 PURCHASE OF SERVICES,250,PROFESSIONAL CONSULT/SPEC SERVICES  0250,10,36,396339,3747485634,3747485634,3747485634,28917617,6686424,3804589,3804589,3747485634,010 GENERAL OPERATING FD,36 REVENUE
2018,1,2,02 PURCHASE OF SERVICES,251,INFORMATION TECHNOLOGY-PROF SERVICE 0251,10,36,246400,3747732034,3747732034,3747732034,29164017,6932824,385400,246400,3747732034,010 GENERAL OPERATING FD,36 REVENUE
2018,1,2,02 PURCHASE OF SERVICES,251,INFORMATION TECHNOLOGY-PROF SERVICE 0251,10,36,72000,3747804034,3747804034,3747804034,29236017,7004824,385400,318400,3747804034,010 GENERAL OPERATING FD,36 REVENUE
2018,1,2,02 PURCHASE OF SERVICES,251,INFORMATION TECHNOLOGY-PROF SERVICE 0251,10,36,67000,3747871034,3747871034,3747871034,29303017,7071824,385400,385400,3747871034,010 GENERAL OPERATING FD,36 REVENUE
2018,1,2,02 PURCHASE OF SERVICES,253,LEGAL SERVICES                      0253,10,36,5000,3747876034,3747876034,3747876034,29308017,7076824,5000,5000,3747876034,010 GENERAL OPERATING FD,36 REVENUE
2018,1,2,02 PURCHASE OF SERVICES,255,DUES                                0255,10,36,15000,3747891034,3747891034,3747891034,29323017,7091824,21150,15000,3747891034,010 GENERAL OPERATING FD,36 REVENUE
2018,1,2,02 PURCHASE OF SERVICES,255,DUES                                0255,10,36,3700,3747894734,3747894734,3747894734,29326717,7095524,21150,18700,3747894734,010 GENERAL OPERATING FD,36 REVENUE
2018,1,2,02 PURCHASE OF SERVICES,255,DUES                                0255,10,36,2450,3747897184,3747897184,3747897184,29329167,7097974,21150,21150,3747897184,010 GENERAL OPERATING FD,36 REVENUE
2018,1,2,02 PURCHASE OF SERVICES,256,SEMINAR AND TRAINING SESSIONS       0256,10,36,1300,3747898484,3747898484,3747898484,29330467,7099274,9300,1300,3747898484,010 GENERAL OPERATING FD,36 REVENUE
2018,1,2,02 PURCHASE OF SERVICES,256,SEMINAR AND TRAINING SESSIONS       0256,10,36,5000,3747903484,3747903484,3747903484,29335467,7104274,9300,6300,3747903484,010 GENERAL OPERATING FD,36 REVENUE
2018,1,2,02 PURCHASE OF SERVICES,256,SEMINAR AND TRAINING SESSIONS       0256,10,36,3000,3747906484,3747906484,3747906484,29338467,7107274,9300,9300,3747906484,010 GENERAL OPERATING FD,36 REVENUE
2018,1,2,02 PURCHASE OF SERVICES,258,COURT REPORTERS                     0258,10,36,14665,3747921149,3747921149,3747921149,29353132,7121939,14665,14665,3747921149,010 GENERAL OPERATING FD,36 REVENUE
2018,1,2,02 PURCHASE OF SERVICES,260,REPAIR AND MAINTENANCE CHARGES      0260,10,36,20000,3747941149,3747941149,3747941149,29373132,7141939,45310,20000,3747941149,010 GENERAL OPERATING FD,36 REVENUE
2018,1,2,02 PURCHASE OF SERVICES,260,REPAIR AND MAINTENANCE CHARGES      0260,10,36,310,3747941459,3747941459,3747941459,29373442,7142249,45310,20310,3747941459,010 GENERAL OPERATING FD,36 REVENUE
2018,1,2,02 PURCHASE OF SERVICES,260,REPAIR AND MAINTENANCE CHARGES      0260,10,36,25000,3747966459,3747966459,3747966459,29398442,7167249,45310,45310,3747966459,010 GENERAL OPERATING FD,36 REVENUE
2018,1,2,02 PURCHASE OF SERVICES,266,MAINT/SUPPORT-COMPUTR HARDWARE/SOFT 0266,10,36,12000,3747978459,3747978459,3747978459,29410442,7179249,42000,12000,3747978459,010 GENERAL OPERATING FD,36 REVENUE
2018,1,2,02 PURCHASE OF SERVICES,266,MAINT/SUPPORT-COMPUTR HARDWARE/SOFT 0266,10,36,30000,3748008459,3748008459,3748008459,29440442,7209249,42000,42000,3748008459,010 GENERAL OPERATING FD,36 REVENUE
2018,1,2,02 PURCHASE OF SERVICES,277,WITNESS FEES                        0277,10,36,100,3748008559,3748008559,3748008559,29440542,7209349,100,100,3748008559,010 GENERAL OPERATING FD,36 REVENUE
2018,1,2,02 PURCHASE OF SERVICES,285,RENTS                               0285,10,36,83000,3748091559,3748091559,3748091559,29523542,7292349,141000,83000,3748091559,010 GENERAL OPERATING FD,36 REVENUE
2018,1,2,02 PURCHASE OF SERVICES,285,RENTS                               0285,10,36,58000,3748149559,3748149559,3748149559,29581542,7350349,141000,141000,3748149559,010 GENERAL OPERATING FD,36 REVENUE
2018,1,3,03 MATERIALS AND SUPPLIES,304,BOOKS AND OTHER PUBLICATIONS        0304,10,36,2300,3748151859,3748151859,3748151859,29583842,2300,25300,2300,3748151859,010 GENERAL OPERATING FD,36 REVENUE
2018,1,3,03 MATERIALS AND SUPPLIES,304,BOOKS AND OTHER PUBLICATIONS        0304,10,36,8000,3748159859,3748159859,3748159859,29591842,10300,25300,10300,3748159859,010 GENERAL OPERATING FD,36 REVENUE
2018,1,3,03 MATERIALS AND SUPPLIES,304,BOOKS AND OTHER PUBLICATIONS        0304,10,36,15000,3748174859,3748174859,3748174859,29606842,25300,25300,25300,3748174859,010 GENERAL OPERATING FD,36 REVENUE
2018,1,3,03 MATERIALS AND SUPPLIES,305,BUILDING AND CONSTRUCTION           0305,10,36,1000,3748175859,3748175859,3748175859,29607842,26300,1000,1000,3748175859,010 GENERAL OPERATING FD,36 REVENUE
2018,1,3,03 MATERIALS AND SUPPLIES,308,DRY GOODS/NOTIONS/WEARING APPAREL   0308,10,36,1035,3748176894,3748176894,3748176894,29608877,27335,1835,1035,3748176894,010 GENERAL OPERATING FD,36 REVENUE
2018,1,3,03 MATERIALS AND SUPPLIES,308,DRY GOODS/NOTIONS/WEARING APPAREL   0308,10,36,800,3748177694,3748177694,3748177694,29609677,28135,1835,1835,3748177694,010 GENERAL OPERATING FD,36 REVENUE
2018,1,3,03 MATERIALS AND SUPPLIES,310,ELECTRICAL AND COMMUNICATION        0310,10,36,5200,3748182894,3748182894,3748182894,29614877,33335,5200,5200,3748182894,010 GENERAL OPERATING FD,36 REVENUE
2018,1,3,03 MATERIALS AND SUPPLIES,316,GENERAL HARDWARE AND MINOR TOOLS    0316,10,36,500,3748183394,3748183394,3748183394,29615377,33835,500,500,3748183394,010 GENERAL OPERATING FD,36 REVENUE
2018,1,3,03 MATERIALS AND SUPPLIES,317,HOSPITAL AND LABORATORY             0317,10,36,295,3748183689,3748183689,3748183689,29615672,34130,895,295,3748183689,010 GENERAL OPERATING FD,36 REVENUE
2018,1,3,03 MATERIALS AND SUPPLIES,317,HOSPITAL AND LABORATORY             0317,10,36,600,3748184289,3748184289,3748184289,29616272,34730,895,895,3748184289,010 GENERAL OPERATING FD,36 REVENUE
2018,1,3,03 MATERIALS AND SUPPLIES,318,"JANITORIAL, LAUNDRY AND HOUSEHOLD   0318",10,36,1500,3748185789,3748185789,3748185789,29617772,36230,1500,1500,3748185789,010 GENERAL OPERATING FD,36 REVENUE
2018,1,3,03 MATERIALS AND SUPPLIES,320,OFFICE MATERIALS AND SUPPLIES       0320,10,36,51000,3748236789,3748236789,3748236789,29668772,87230,465071,51000,3748236789,010 GENERAL OPERATING FD,36 REVENUE
2018,1,3,03 MATERIALS AND SUPPLIES,320,OFFICE MATERIALS AND SUPPLIES       0320,10,36,75000,3748311789,3748311789,3748311789,29743772,162230,465071,126000,3748311789,010 GENERAL OPERATING FD,36 REVENUE
2018,1,3,03 MATERIALS AND SUPPLIES,320,OFFICE MATERIALS AND SUPPLIES       0320,10,36,314071,3748625860,3748625860,3748625860,30057843,476301,465071,440071,3748625860,010 GENERAL OPERATING FD,36 REVENUE
2018,1,3,03 MATERIALS AND SUPPLIES,320,OFFICE MATERIALS AND SUPPLIES       0320,10,36,25000,3748650860,3748650860,3748650860,30082843,501301,465071,465071,3748650860,010 GENERAL OPERATING FD,36 REVENUE
2018,1,3,03 MATERIALS AND SUPPLIES,324,"PRECISION, PHOTOGRAPHIC AND ARTISTS 0324",10,36,15500,3748666360,3748666360,3748666360,30098343,516801,25245,15500,3748666360,010 GENERAL OPERATING FD,36 REVENUE
2018,1,3,03 MATERIALS AND SUPPLIES,324,"PRECISION, PHOTOGRAPHIC AND ARTISTS 0324",10,36,5600,3748671960,3748671960,3748671960,30103943,522401,25245,21100,3748671960,010 GENERAL OPERATING FD,36 REVENUE
2018,1,3,03 MATERIALS AND SUPPLIES,324,"PRECISION, PHOTOGRAPHIC AND ARTISTS 0324",10,36,4145,3748676105,3748676105,3748676105,30108088,526546,25245,25245,3748676105,010 GENERAL OPERATING FD,36 REVENUE
2018,1,3,03 MATERIALS AND SUPPLIES,325,PRINTING                            0325,10,36,125000,3748801105,3748801105,3748801105,30233088,651546,182980,125000,3748801105,010 GENERAL OPERATING FD,36 REVENUE
2018,1,3,03 MATERIALS AND SUPPLIES,325,PRINTING                            0325,10,36,50000,3748851105,3748851105,3748851105,30283088,701546,182980,175000,3748851105,010 GENERAL OPERATING FD,36 REVENUE
2018,1,3,03 MATERIALS AND SUPPLIES,325,PRINTING                            0325,10,36,7980,3748859085,3748859085,3748859085,30291068,709526,182980,182980,3748859085,010 GENERAL OPERATING FD,36 REVENUE
2018,1,3,03 MATERIALS AND SUPPLIES,326,RECREATIONAL AND EDUCATIONAL        0326,10,36,1500,3748860585,3748860585,3748860585,30292568,711026,1500,1500,3748860585,010 GENERAL OPERATING FD,36 REVENUE
2018,1,3,03 MATERIALS AND SUPPLIES,335,LUBRICANTS                          0335,10,36,500,3748861085,3748861085,3748861085,30293068,711526,500,500,3748861085,010 GENERAL OPERATING FD,36 REVENUE
2018,1,4,04 EQUIPMENT,410,ELECTRICAL LIGHTING COMMUNICATION   0410,10,36,5000,3748866085,3748866085,3748866085,30298068,5000,5000,5000,3748866085,010 GENERAL OPERATING FD,36 REVENUE
2018,1,4,04 EQUIPMENT,420,OFFICE EQUIPMENT                    0420,10,36,50000,3748916085,3748916085,3748916085,30348068,55000,50000,50000,3748916085,010 GENERAL OPERATING FD,36 REVENUE
2018,1,4,04 EQUIPMENT,423,PLUMBING/AIR CONDITIONING/SPACE HTG 0423,10,36,200,3748916285,3748916285,3748916285,30348268,55200,200,200,3748916285,010 GENERAL OPERATING FD,36 REVENUE
2018,1,4,04 EQUIPMENT,424,"PRECISION, PHOTOGRAPHIC AND ARTIST  0424",10,36,1250,3748917535,3748917535,3748917535,30349518,56450,1250,1250,3748917535,010 GENERAL OPERATING FD,36 REVENUE
2018,1,4,04 EQUIPMENT,427,COMPUTER EQUIPMENT & PERIPHERALS    0427,10,36,8000,3748925535,3748925535,3748925535,30357518,64450,28000,8000,3748925535,010 GENERAL OPERATING FD,36 REVENUE
2018,1,4,04 EQUIPMENT,427,COMPUTER EQUIPMENT & PERIPHERALS    0427,10,36,20000,3748945535,3748945535,3748945535,30377518,84450,28000,28000,3748945535,010 GENERAL OPERATING FD,36 REVENUE
2018,1,4,04 EQUIPMENT,430,FURNITURE AND FURNISHINGS           0430,10,36,35000,3748980535,3748980535,3748980535,30412518,119450,115000,35000,3748980535,010 GENERAL OPERATING FD,36 REVENUE
2018,1,4,04 EQUIPMENT,430,FURNITURE AND FURNISHINGS           0430,10,36,80000,3749060535,3749060535,3749060535,30492518,199450,115000,115000,3749060535,010 GENERAL OPERATING FD,36 REVENUE
2018,1,2,02 PURCHASE OF SERVICES,281,LEASE PAYMENTS-PHILA MUNICIPAL AUTH 0281,10,37,40917367,3789977902,3789977902,3789977902,40917367,40917367,40917367,40917367,3789977902,010 GENERAL OPERATING FD,37 SINKING FUND COMMISSION
2018,1,2,02 PURCHASE OF SERVICES,285,RENTS                               0285,10,37,97779777,3887757679,3887757679,3887757679,138697144,138697144,97779777,97779777,3887757679,010 GENERAL OPERATING FD,37 SINKING FUND COMMISSION
2018,1,7,07 DEBT SERVICE,701,INTEREST ON CITY DEBT -- LONG-TERM  0701,10,37,78817395,3966575074,3966575074,3966575074,217514539,78817395,78817395,78817395,3966575074,010 GENERAL OPERATING FD,37 SINKING FUND COMMISSION
2018,1,7,07 DEBT SERVICE,702,PRINCIPAL PAYMENTS ON CITY DEBT-L/T 0702,10,37,70820000,4037395074,4037395074,4037395074,288334539,149637395,70820000,70820000,4037395074,010 GENERAL OPERATING FD,37 SINKING FUND COMMISSION
2018,1,7,07 DEBT SERVICE,703,INTEREST ON CITY DEBT - SHORT-TERM  0703,10,37,5250000,4042645074,4042645074,4042645074,293584539,154887395,5250000,5250000,4042645074,010 GENERAL OPERATING FD,37 SINKING FUND COMMISSION
2018,1,7,07 DEBT SERVICE,704,SINKING FUND RESERVE PAYMENT        0704,10,37,1334675,4043979749,4043979749,4043979749,294919214,156222070,1334675,1334675,4043979749,010 GENERAL OPERATING FD,37 SINKING FUND COMMISSION
2018,1,7,07 DEBT SERVICE,705,COMMITMENT FEE EXPENSE              0705,10,37,1000000,4044979749,4044979749,4044979749,295919214,157222070,1000000,1000000,4044979749,010 GENERAL OPERATING FD,37 SINKING FUND COMMISSION
2018,1,7,07 DEBT SERVICE,706,ARBITRAGE PAYMENTS                  0706,10,37,100000,4045079749,4045079749,4045079749,296019214,157322070,100000,100000,4045079749,010 GENERAL OPERATING FD,37 SINKING FUND COMMISSION
2018,1,1,01 PERSONAL SERVICES,101,PERM FULL TIME-CIVILIAN             0101,10,38,400815,4045480564,4045480564,4045480564,400815,400815,2491732,400815,4045480564,010 GENERAL OPERATING FD,38 PROCUREMENT
2018,1,1,01 PERSONAL SERVICES,101,PERM FULL TIME-CIVILIAN             0101,10,38,406101,4045886665,4045886665,4045886665,806916,806916,2491732,806916,4045886665,010 GENERAL OPERATING FD,38 PROCUREMENT
2018,1,1,01 PERSONAL SERVICES,101,PERM FULL TIME-CIVILIAN             0101,10,38,1212206,4047098871,4047098871,4047098871,2019122,2019122,2491732,2019122,4047098871,010 GENERAL OPERATING FD,38 PROCUREMENT
2018,1,1,01 PERSONAL SERVICES,101,PERM FULL TIME-CIVILIAN             0101,10,38,202496,4047301367,4047301367,4047301367,2221618,2221618,2491732,2221618,4047301367,010 GENERAL OPERATING FD,38 PROCUREMENT
2018,1,1,01 PERSONAL SERVICES,101,PERM FULL TIME-CIVILIAN             0101,10,38,270114,4047571481,4047571481,4047571481,2491732,2491732,2491732,2491732,4047571481,010 GENERAL OPERATING FD,38 PROCUREMENT
2018,1,1,01 PERSONAL SERVICES,121,TEMPORARY/SEASONAL                  0121,10,38,40000,4047611481,4047611481,4047611481,2531732,2531732,40000,40000,4047611481,010 GENERAL OPERATING FD,38 PROCUREMENT
2018,1,1,01 PERSONAL SERVICES,161,OVERTIME-CIVILIAN                   0161,10,38,5000,4047616481,4047616481,4047616481,2536732,2536732,35000,5000,4047616481,010 GENERAL OPERATING FD,38 PROCUREMENT
2018,1,1,01 PERSONAL SERVICES,161,OVERTIME-CIVILIAN                   0161,10,38,10000,4047626481,4047626481,4047626481,2546732,2546732,35000,15000,4047626481,010 GENERAL OPERATING FD,38 PROCUREMENT
2018,1,1,01 PERSONAL SERVICES,161,OVERTIME-CIVILIAN                   0161,10,38,20000,4047646481,4047646481,4047646481,2566732,2566732,35000,35000,4047646481,010 GENERAL OPERATING FD,38 PROCUREMENT
2018,1,2,02 PURCHASE OF SERVICES,210,POSTAGE                             0210,10,38,4000,4047650481,4047650481,4047650481,2570732,4000,4000,4000,4047650481,010 GENERAL OPERATING FD,38 PROCUREMENT
2018,1,2,02 PURCHASE OF SERVICES,211,TRANSPORTATION                      0211,10,38,6000,4047656481,4047656481,4047656481,2576732,10000,6000,6000,4047656481,010 GENERAL OPERATING FD,38 PROCUREMENT
2018,1,2,02 PURCHASE OF SERVICES,240,ADVERTISING/PROMOTIONAL ACTIVITIES  0240,10,38,1975186,4049631667,4049631667,4049631667,4551918,1985186,2194662,1975186,4049631667,010 GENERAL OPERATING FD,38 PROCUREMENT
2018,1,2,02 PURCHASE OF SERVICES,240,ADVERTISING/PROMOTIONAL ACTIVITIES  0240,10,38,131600,4049763267,4049763267,4049763267,4683518,2116786,2194662,2106786,4049763267,010 GENERAL OPERATING FD,38 PROCUREMENT
2018,1,2,02 PURCHASE OF SERVICES,240,ADVERTISING/PROMOTIONAL ACTIVITIES  0240,10,38,87876,4049851143,4049851143,4049851143,4771394,2204662,2194662,2194662,4049851143,010 GENERAL OPERATING FD,38 PROCUREMENT
2018,1,2,02 PURCHASE OF SERVICES,250,PROFESSIONAL CONSULT/SPEC SERVICES  0250,10,38,3550,4049854693,4049854693,4049854693,4774944,2208212,13550,3550,4049854693,010 GENERAL OPERATING FD,38 PROCUREMENT
2018,1,2,02 PURCHASE OF SERVICES,250,PROFESSIONAL CONSULT/SPEC SERVICES  0250,10,38,3900,4049858593,4049858593,4049858593,4778844,2212112,13550,7450,4049858593,010 GENERAL OPERATING FD,38 PROCUREMENT
2018,1,2,02 PURCHASE OF SERVICES,250,PROFESSIONAL CONSULT/SPEC SERVICES  0250,10,38,650,4049859243,4049859243,4049859243,4779494,2212762,13550,8100,4049859243,010 GENERAL OPERATING FD,38 PROCUREMENT
2018,1,2,02 PURCHASE OF SERVICES,250,PROFESSIONAL CONSULT/SPEC SERVICES  0250,10,38,4150,4049863393,4049863393,4049863393,4783644,2216912,13550,12250,4049863393,010 GENERAL OPERATING FD,38 PROCUREMENT
2018,1,2,02 PURCHASE OF SERVICES,250,PROFESSIONAL CONSULT/SPEC SERVICES  0250,10,38,1300,4049864693,4049864693,4049864693,4784944,2218212,13550,13550,4049864693,010 GENERAL OPERATING FD,38 PROCUREMENT
2018,1,2,02 PURCHASE OF SERVICES,251,INFORMATION TECHNOLOGY-PROF SERVICE 0251,10,38,7600,4049872293,4049872293,4049872293,4792544,2225812,19000,7600,4049872293,010 GENERAL OPERATING FD,38 PROCUREMENT
2018,1,2,02 PURCHASE OF SERVICES,251,INFORMATION TECHNOLOGY-PROF SERVICE 0251,10,38,3230,4049875523,4049875523,4049875523,4795774,2229042,19000,10830,4049875523,010 GENERAL OPERATING FD,38 PROCUREMENT
2018,1,2,02 PURCHASE OF SERVICES,251,INFORMATION TECHNOLOGY-PROF SERVICE 0251,10,38,8170,4049883693,4049883693,4049883693,4803944,2237212,19000,19000,4049883693,010 GENERAL OPERATING FD,38 PROCUREMENT
2018,1,2,02 PURCHASE OF SERVICES,255,DUES                                0255,10,38,40025,4049923718,4049923718,4049923718,4843969,2277237,40025,40025,4049923718,010 GENERAL OPERATING FD,38 PROCUREMENT
2018,1,2,02 PURCHASE OF SERVICES,256,SEMINAR AND TRAINING SESSIONS       0256,10,38,16530,4049940248,4049940248,4049940248,4860499,2293767,16530,16530,4049940248,010 GENERAL OPERATING FD,38 PROCUREMENT
2018,1,2,02 PURCHASE OF SERVICES,258,COURT REPORTERS                     0258,10,38,300,4049940548,4049940548,4049940548,4860799,2294067,300,300,4049940548,010 GENERAL OPERATING FD,38 PROCUREMENT
2018,1,2,02 PURCHASE OF SERVICES,260,REPAIR AND MAINTENANCE CHARGES      0260,10,38,5000,4049945548,4049945548,4049945548,4865799,2299067,5000,5000,4049945548,010 GENERAL OPERATING FD,38 PROCUREMENT
2018,1,2,02 PURCHASE OF SERVICES,285,RENTS                               0285,10,38,17200,4049962748,4049962748,4049962748,4882999,2316267,17200,17200,4049962748,010 GENERAL OPERATING FD,38 PROCUREMENT
2018,1,3,03 MATERIALS AND SUPPLIES,300,MATERIALS & SUPPLIES CONTROL        0300,10,38,2000,4049964748,4049964748,4049964748,4884999,2000,2000,2000,4049964748,010 GENERAL OPERATING FD,38 PROCUREMENT
2018,1,3,03 MATERIALS AND SUPPLIES,304,BOOKS AND OTHER PUBLICATIONS        0304,10,38,1000,4049965748,4049965748,4049965748,4885999,3000,1000,1000,4049965748,010 GENERAL OPERATING FD,38 PROCUREMENT
2018,1,3,03 MATERIALS AND SUPPLIES,320,OFFICE MATERIALS AND SUPPLIES       0320,10,38,3000,4049968748,4049968748,4049968748,4888999,6000,20000,3000,4049968748,010 GENERAL OPERATING FD,38 PROCUREMENT
2018,1,3,03 MATERIALS AND SUPPLIES,320,OFFICE MATERIALS AND SUPPLIES       0320,10,38,2000,4049970748,4049970748,4049970748,4890999,8000,20000,5000,4049970748,010 GENERAL OPERATING FD,38 PROCUREMENT
2018,1,3,03 MATERIALS AND SUPPLIES,320,OFFICE MATERIALS AND SUPPLIES       0320,10,38,1600,4049972348,4049972348,4049972348,4892599,9600,20000,6600,4049972348,010 GENERAL OPERATING FD,38 PROCUREMENT
2018,1,3,03 MATERIALS AND SUPPLIES,320,OFFICE MATERIALS AND SUPPLIES       0320,10,38,3400,4049975748,4049975748,4049975748,4895999,13000,20000,10000,4049975748,010 GENERAL OPERATING FD,38 PROCUREMENT
2018,1,3,03 MATERIALS AND SUPPLIES,320,OFFICE MATERIALS AND SUPPLIES       0320,10,38,10000,4049985748,4049985748,4049985748,4905999,23000,20000,20000,4049985748,010 GENERAL OPERATING FD,38 PROCUREMENT
2018,1,3,03 MATERIALS AND SUPPLIES,324,"PRECISION, PHOTOGRAPHIC AND ARTISTS 0324",10,38,5605,4049991353,4049991353,4049991353,4911604,28605,5605,5605,4049991353,010 GENERAL OPERATING FD,38 PROCUREMENT
2018,1,3,03 MATERIALS AND SUPPLIES,325,PRINTING                            0325,10,38,4983,4049996336,4049996336,4049996336,4916587,33588,4983,4983,4049996336,010 GENERAL OPERATING FD,38 PROCUREMENT
2018,1,4,04 EQUIPMENT,420,OFFICE EQUIPMENT                    0420,10,38,6733,4050003069,4050003069,4050003069,4923320,6733,13466,6733,4050003069,010 GENERAL OPERATING FD,38 PROCUREMENT
2018,1,4,04 EQUIPMENT,420,OFFICE EQUIPMENT                    0420,10,38,2289,4050005358,4050005358,4050005358,4925609,9022,13466,9022,4050005358,010 GENERAL OPERATING FD,38 PROCUREMENT
2018,1,4,04 EQUIPMENT,420,OFFICE EQUIPMENT                    0420,10,38,1077,4050006435,4050006435,4050006435,4926686,10099,13466,10099,4050006435,010 GENERAL OPERATING FD,38 PROCUREMENT
2018,1,4,04 EQUIPMENT,420,OFFICE EQUIPMENT                    0420,10,38,1347,4050007782,4050007782,4050007782,4928033,11446,13466,11446,4050007782,010 GENERAL OPERATING FD,38 PROCUREMENT
2018,1,4,04 EQUIPMENT,420,OFFICE EQUIPMENT                    0420,10,38,2020,4050009802,4050009802,4050009802,4930053,13466,13466,13466,4050009802,010 GENERAL OPERATING FD,38 PROCUREMENT
2018,1,4,04 EQUIPMENT,430,FURNITURE AND FURNISHINGS           0430,10,38,300,4050010102,4050010102,4050010102,4930353,13766,2000,300,4050010102,010 GENERAL OPERATING FD,38 PROCUREMENT
2018,1,4,04 EQUIPMENT,430,FURNITURE AND FURNISHINGS           0430,10,38,1000,4050011102,4050011102,4050011102,4931353,14766,2000,1300,4050011102,010 GENERAL OPERATING FD,38 PROCUREMENT
2018,1,4,04 EQUIPMENT,430,FURNITURE AND FURNISHINGS           0430,10,38,340,4050011442,4050011442,4050011442,4931693,15106,2000,1640,4050011442,010 GENERAL OPERATING FD,38 PROCUREMENT
2018,1,4,04 EQUIPMENT,430,FURNITURE AND FURNISHINGS           0430,10,38,160,4050011602,4050011602,4050011602,4931853,15266,2000,1800,4050011602,010 GENERAL OPERATING FD,38 PROCUREMENT
2018,1,4,04 EQUIPMENT,430,FURNITURE AND FURNISHINGS           0430,10,38,200,4050011802,4050011802,4050011802,4932053,15466,2000,2000,4050011802,010 GENERAL OPERATING FD,38 PROCUREMENT
2018,1,1,01 PERSONAL SERVICES,101,PERM FULL TIME-CIVILIAN             0101,10,40,589883,4050601685,4050601685,4050601685,589883,589883,1061869,589883,4050601685,010 GENERAL OPERATING FD,40 CITY TREASURER
2018,1,1,01 PERSONAL SERVICES,101,PERM FULL TIME-CIVILIAN             0101,10,40,471986,4051073671,4051073671,4051073671,1061869,1061869,1061869,1061869,4051073671,010 GENERAL OPERATING FD,40 CITY TREASURER
2018,1,1,01 PERSONAL SERVICES,161,OVERTIME-CIVILIAN                   0161,10,40,1000,4051074671,4051074671,4051074671,1062869,1062869,1000,1000,4051074671,010 GENERAL OPERATING FD,40 CITY TREASURER
2018,1,2,02 PURCHASE OF SERVICES,210,POSTAGE                             0210,10,40,756,4051075427,4051075427,4051075427,1063625,756,1082,756,4051075427,010 GENERAL OPERATING FD,40 CITY TREASURER
2018,1,2,02 PURCHASE OF SERVICES,210,POSTAGE                             0210,10,40,326,4051075753,4051075753,4051075753,1063951,1082,1082,1082,4051075753,010 GENERAL OPERATING FD,40 CITY TREASURER
2018,1,2,02 PURCHASE OF SERVICES,211,TRANSPORTATION                      0211,10,40,391,4051076144,4051076144,4051076144,1064342,1473,433,391,4051076144,010 GENERAL OPERATING FD,40 CITY TREASURER
2018,1,2,02 PURCHASE OF SERVICES,211,TRANSPORTATION                      0211,10,40,42,4051076186,4051076186,4051076186,1064384,1515,433,433,4051076186,010 GENERAL OPERATING FD,40 CITY TREASURER
2018,1,2,02 PURCHASE OF SERVICES,250,PROFESSIONAL CONSULT/SPEC SERVICES  0250,10,40,47866,4051124052,4051124052,4051124052,1112250,49381,103575,47866,4051124052,010 GENERAL OPERATING FD,40 CITY TREASURER
2018,1,2,02 PURCHASE OF SERVICES,250,PROFESSIONAL CONSULT/SPEC SERVICES  0250,10,40,55709,4051179761,4051179761,4051179761,1167959,105090,103575,103575,4051179761,010 GENERAL OPERATING FD,40 CITY TREASURER
2018,1,2,02 PURCHASE OF SERVICES,255,DUES                                0255,10,40,1100,4051180861,4051180861,4051180861,1169059,106190,1570,1100,4051180861,010 GENERAL OPERATING FD,40 CITY TREASURER
2018,1,2,02 PURCHASE OF SERVICES,255,DUES                                0255,10,40,470,4051181331,4051181331,4051181331,1169529,106660,1570,1570,4051181331,010 GENERAL OPERATING FD,40 CITY TREASURER
2018,1,2,02 PURCHASE OF SERVICES,256,SEMINAR AND TRAINING SESSIONS       0256,10,40,984,4051182315,4051182315,4051182315,1170513,107644,3434,984,4051182315,010 GENERAL OPERATING FD,40 CITY TREASURER
2018,1,2,02 PURCHASE OF SERVICES,256,SEMINAR AND TRAINING SESSIONS       0256,10,40,2450,4051184765,4051184765,4051184765,1172963,110094,3434,3434,4051184765,010 GENERAL OPERATING FD,40 CITY TREASURER
2018,1,2,02 PURCHASE OF SERVICES,260,REPAIR AND MAINTENANCE CHARGES      0260,10,40,2100,4051186865,4051186865,4051186865,1175063,112194,4200,2100,4051186865,010 GENERAL OPERATING FD,40 CITY TREASURER
2018,1,2,02 PURCHASE OF SERVICES,260,REPAIR AND MAINTENANCE CHARGES      0260,10,40,2100,4051188965,4051188965,4051188965,1177163,114294,4200,4200,4051188965,010 GENERAL OPERATING FD,40 CITY TREASURER
2018,1,2,02 PURCHASE OF SERVICES,285,RENTS                               0285,10,40,2075,4051191040,4051191040,4051191040,1179238,116369,4150,2075,4051191040,010 GENERAL OPERATING FD,40 CITY TREASURER
2018,1,2,02 PURCHASE OF SERVICES,285,RENTS                               0285,10,40,2075,4051193115,4051193115,4051193115,1181313,118444,4150,4150,4051193115,010 GENERAL OPERATING FD,40 CITY TREASURER
2018,1,3,03 MATERIALS AND SUPPLIES,304,BOOKS AND OTHER PUBLICATIONS        0304,10,40,256,4051193371,4051193371,4051193371,1181569,256,1024,256,4051193371,010 GENERAL OPERATING FD,40 CITY TREASURER
2018,1,3,03 MATERIALS AND SUPPLIES,304,BOOKS AND OTHER PUBLICATIONS        0304,10,40,768,4051194139,4051194139,4051194139,1182337,1024,1024,1024,4051194139,010 GENERAL OPERATING FD,40 CITY TREASURER
2018,1,3,03 MATERIALS AND SUPPLIES,320,OFFICE MATERIALS AND SUPPLIES       0320,10,40,4340,4051198479,4051198479,4051198479,1186677,5364,6200,4340,4051198479,010 GENERAL OPERATING FD,40 CITY TREASURER
2018,1,3,03 MATERIALS AND SUPPLIES,320,OFFICE MATERIALS AND SUPPLIES       0320,10,40,1860,4051200339,4051200339,4051200339,1188537,7224,6200,6200,4051200339,010 GENERAL OPERATING FD,40 CITY TREASURER
2018,1,3,03 MATERIALS AND SUPPLIES,324,"PRECISION, PHOTOGRAPHIC AND ARTISTS 0324",10,40,400,4051200739,4051200739,4051200739,1188937,7624,1000,400,4051200739,010 GENERAL OPERATING FD,40 CITY TREASURER
2018,1,3,03 MATERIALS AND SUPPLIES,324,"PRECISION, PHOTOGRAPHIC AND ARTISTS 0324",10,40,600,4051201339,4051201339,4051201339,1189537,8224,1000,1000,4051201339,010 GENERAL OPERATING FD,40 CITY TREASURER
2018,1,3,03 MATERIALS AND SUPPLIES,325,PRINTING                            0325,10,40,10000,4051211339,4051211339,4051211339,1199537,18224,13000,10000,4051211339,010 GENERAL OPERATING FD,40 CITY TREASURER
2018,1,3,03 MATERIALS AND SUPPLIES,325,PRINTING                            0325,10,40,3000,4051214339,4051214339,4051214339,1202537,21224,13000,13000,4051214339,010 GENERAL OPERATING FD,40 CITY TREASURER
2018,1,4,04 EQUIPMENT,420,OFFICE EQUIPMENT                    0420,10,40,500,4051214839,4051214839,4051214839,1203037,500,1000,500,4051214839,010 GENERAL OPERATING FD,40 CITY TREASURER
2018,1,4,04 EQUIPMENT,420,OFFICE EQUIPMENT                    0420,10,40,500,4051215339,4051215339,4051215339,1203537,1000,1000,1000,4051215339,010 GENERAL OPERATING FD,40 CITY TREASURER
2018,1,1,01 PERSONAL SERVICES,101,PERM FULL TIME-CIVILIAN             0101,10,41,573933,4051789272,4051789272,4051789272,573933,573933,573933,573933,4051789272,010 GENERAL OPERATING FD,41 CITY REPRESENTATIVE
2018,1,1,01 PERSONAL SERVICES,121,TEMPORARY/SEASONAL                  0121,10,41,19500,4051808772,4051808772,4051808772,593433,593433,19500,19500,4051808772,010 GENERAL OPERATING FD,41 CITY REPRESENTATIVE
2018,1,1,01 PERSONAL SERVICES,161,OVERTIME-CIVILIAN                   0161,10,41,7878,4051816650,4051816650,4051816650,601311,601311,7878,7878,4051816650,010 GENERAL OPERATING FD,41 CITY REPRESENTATIVE
2018,1,1,01 PERSONAL SERVICES,171,"HOLIDAY ""G""(2/3 SHIFTS)             0171",10,41,379,4051817029,4051817029,4051817029,601690,601690,379,379,4051817029,010 GENERAL OPERATING FD,41 CITY REPRESENTATIVE
2018,1,2,02 PURCHASE OF SERVICES,209,TELEPHONE                           0209,10,41,3628,4051820657,4051820657,4051820657,605318,3628,3628,3628,4051820657,010 GENERAL OPERATING FD,41 CITY REPRESENTATIVE
2018,1,2,02 PURCHASE OF SERVICES,211,TRANSPORTATION                      0211,10,41,8000,4051828657,4051828657,4051828657,613318,11628,8000,8000,4051828657,010 GENERAL OPERATING FD,41 CITY REPRESENTATIVE
2018,1,2,02 PURCHASE OF SERVICES,230,MEALS-NON-TRAVEL & OFFICL ENTERTAIN 0230,10,41,2100,4051830757,4051830757,4051830757,615418,13728,2100,2100,4051830757,010 GENERAL OPERATING FD,41 CITY REPRESENTATIVE
2018,1,2,02 PURCHASE OF SERVICES,250,PROFESSIONAL CONSULT/SPEC SERVICES  0250,10,41,528130,4052358887,4052358887,4052358887,1143548,541858,528130,528130,4052358887,010 GENERAL OPERATING FD,41 CITY REPRESENTATIVE
2018,1,2,02 PURCHASE OF SERVICES,255,DUES                                0255,10,41,1000,4052359887,4052359887,4052359887,1144548,542858,1000,1000,4052359887,010 GENERAL OPERATING FD,41 CITY REPRESENTATIVE
2018,1,2,02 PURCHASE OF SERVICES,256,SEMINAR AND TRAINING SESSIONS       0256,10,41,6372,4052366259,4052366259,4052366259,1150920,549230,6372,6372,4052366259,010 GENERAL OPERATING FD,41 CITY REPRESENTATIVE
2018,1,2,02 PURCHASE OF SERVICES,260,REPAIR AND MAINTENANCE CHARGES      0260,10,41,5000,4052371259,4052371259,4052371259,1155920,554230,5000,5000,4052371259,010 GENERAL OPERATING FD,41 CITY REPRESENTATIVE
2018,1,2,02 PURCHASE OF SERVICES,285,RENTS                               0285,10,41,7500,4052378759,4052378759,4052378759,1163420,561730,7500,7500,4052378759,010 GENERAL OPERATING FD,41 CITY REPRESENTATIVE
2018,1,3,03 MATERIALS AND SUPPLIES,304,BOOKS AND OTHER PUBLICATIONS        0304,10,41,31000,4052409759,4052409759,4052409759,1194420,31000,31000,31000,4052409759,010 GENERAL OPERATING FD,41 CITY REPRESENTATIVE
2018,1,3,03 MATERIALS AND SUPPLIES,320,OFFICE MATERIALS AND SUPPLIES       0320,10,41,6000,4052415759,4052415759,4052415759,1200420,37000,6000,6000,4052415759,010 GENERAL OPERATING FD,41 CITY REPRESENTATIVE
2018,1,3,03 MATERIALS AND SUPPLIES,324,"PRECISION, PHOTOGRAPHIC AND ARTISTS 0324",10,41,8000,4052423759,4052423759,4052423759,1208420,45000,8000,8000,4052423759,010 GENERAL OPERATING FD,41 CITY REPRESENTATIVE
2018,1,3,03 MATERIALS AND SUPPLIES,325,PRINTING                            0325,10,41,3000,4052426759,4052426759,4052426759,1211420,48000,3000,3000,4052426759,010 GENERAL OPERATING FD,41 CITY REPRESENTATIVE
2018,1,4,04 EQUIPMENT,424,"PRECISION, PHOTOGRAPHIC AND ARTIST  0424",10,41,6000,4052432759,4052432759,4052432759,1217420,6000,6000,6000,4052432759,010 GENERAL OPERATING FD,41 CITY REPRESENTATIVE
2018,1,1,01 PERSONAL SERVICES,100,SALARY CONTROL                      0100,10,42,13946,4052446705,4052446705,4052446705,13946,13946,13946,13946,4052446705,010 GENERAL OPERATING FD,42 COMMERCE
2018,1,1,01 PERSONAL SERVICES,101,PERM FULL TIME-CIVILIAN             0101,10,42,1466342,4053913047,4053913047,4053913047,1480288,1480288,2326515,1466342,4053913047,010 GENERAL OPERATING FD,42 COMMERCE
2018,1,1,01 PERSONAL SERVICES,101,PERM FULL TIME-CIVILIAN             0101,10,42,860173,4054773220,4054773220,4054773220,2340461,2340461,2326515,2326515,4054773220,010 GENERAL OPERATING FD,42 COMMERCE
2018,1,2,02 PURCHASE OF SERVICES,209,TELEPHONE                           0209,10,42,612,4054773832,4054773832,4054773832,2341073,612,612,612,4054773832,010 GENERAL OPERATING FD,42 COMMERCE
2018,1,2,02 PURCHASE OF SERVICES,211,TRANSPORTATION                      0211,10,42,3436,4054777268,4054777268,4054777268,2344509,4048,3436,3436,4054777268,010 GENERAL OPERATING FD,42 COMMERCE
2018,1,2,02 PURCHASE OF SERVICES,250,PROFESSIONAL CONSULT/SPEC SERVICES  0250,10,42,2794448,4057571716,4057571716,4057571716,5138957,2798496,5573156,2794448,4057571716,010 GENERAL OPERATING FD,42 COMMERCE
2018,1,2,02 PURCHASE OF SERVICES,250,PROFESSIONAL CONSULT/SPEC SERVICES  0250,10,42,75000,4057646716,4057646716,4057646716,5213957,2873496,5573156,2869448,4057646716,010 GENERAL OPERATING FD,42 COMMERCE
2018,1,2,02 PURCHASE OF SERVICES,250,PROFESSIONAL CONSULT/SPEC SERVICES  0250,10,42,2703708,4060350424,4060350424,4060350424,7917665,5577204,5573156,5573156,4060350424,010 GENERAL OPERATING FD,42 COMMERCE
2018,1,2,02 PURCHASE OF SERVICES,285,RENTS                               0285,10,42,15017650,4075368074,4075368074,4075368074,22935315,20594854,15017650,15017650,4075368074,010 GENERAL OPERATING FD,42 COMMERCE
2018,1,2,02 PURCHASE OF SERVICES,295,PURCHASE SERVICES-IMPREST ADVANCES  0295,10,42,75,4075368149,4075368149,4075368149,22935390,20594929,75,75,4075368149,010 GENERAL OPERATING FD,42 COMMERCE
2018,1,3,03 MATERIALS AND SUPPLIES,304,BOOKS AND OTHER PUBLICATIONS        0304,10,42,2026,4075370175,4075370175,4075370175,22937416,2026,2026,2026,4075370175,010 GENERAL OPERATING FD,42 COMMERCE
2018,1,3,03 MATERIALS AND SUPPLIES,310,ELECTRICAL AND COMMUNICATION        0310,10,42,66,4075370241,4075370241,4075370241,22937482,2092,66,66,4075370241,010 GENERAL OPERATING FD,42 COMMERCE
2018,1,3,03 MATERIALS AND SUPPLIES,320,OFFICE MATERIALS AND SUPPLIES       0320,10,42,13179,4075383420,4075383420,4075383420,22950661,15271,13179,13179,4075383420,010 GENERAL OPERATING FD,42 COMMERCE
2018,1,3,03 MATERIALS AND SUPPLIES,324,"PRECISION, PHOTOGRAPHIC AND ARTISTS 0324",10,42,7767,4075391187,4075391187,4075391187,22958428,23038,7767,7767,4075391187,010 GENERAL OPERATING FD,42 COMMERCE
2018,1,3,03 MATERIALS AND SUPPLIES,325,PRINTING                            0325,10,42,2121,4075393308,4075393308,4075393308,22960549,25159,2121,2121,4075393308,010 GENERAL OPERATING FD,42 COMMERCE
2018,1,4,04 EQUIPMENT,410,ELECTRICAL LIGHTING COMMUNICATION   0410,10,42,1495,4075394803,4075394803,4075394803,22962044,1495,1495,1495,4075394803,010 GENERAL OPERATING FD,42 COMMERCE
2018,1,5,"05 CONTRIBUTIONS,INDEMNITIES,REFDS,TAXES",517,CONTRIBUTIONS-GOV & NON-PROF NOT ED 0517,10,42,500000,4075894803,4075894803,4075894803,23462044,500000,500000,500000,4075894803,010 GENERAL OPERATING FD,42 COMMERCE
2018,1,1,01 PERSONAL SERVICES,100,SALARY CONTROL                      0100,10,44,85892,4075980695,4075980695,4075980695,85892,85892,85892,85892,4075980695,010 GENERAL OPERATING FD,44 LAW
2018,1,1,01 PERSONAL SERVICES,101,PERM FULL TIME-CIVILIAN             0101,10,44,8348489,4084329184,4084329184,4084329184,8434381,8434381,8348489,8348489,4084329184,010 GENERAL OPERATING FD,44 LAW
2018,1,1,01 PERSONAL SERVICES,109,PLUS/MINUS GROSS ADJ                0109,10,44,40000,4084369184,4084369184,4084369184,8474381,8474381,40000,40000,4084369184,010 GENERAL OPERATING FD,44 LAW
2018,1,1,01 PERSONAL SERVICES,121,TEMPORARY/SEASONAL                  0121,10,44,10000,4084379184,4084379184,4084379184,8484381,8484381,10000,10000,4084379184,010 GENERAL OPERATING FD,44 LAW
2018,1,1,01 PERSONAL SERVICES,161,OVERTIME-CIVILIAN                   0161,10,44,100,4084379284,4084379284,4084379284,8484481,8484481,100,100,4084379284,010 GENERAL OPERATING FD,44 LAW
2018,1,2,02 PURCHASE OF SERVICES,209,TELEPHONE                           0209,10,44,200,4084379484,4084379484,4084379484,8484681,200,200,200,4084379484,010 GENERAL OPERATING FD,44 LAW
2018,1,2,02 PURCHASE OF SERVICES,210,POSTAGE                             0210,10,44,2000,4084381484,4084381484,4084381484,8486681,2200,2000,2000,4084381484,010 GENERAL OPERATING FD,44 LAW
2018,1,2,02 PURCHASE OF SERVICES,211,TRANSPORTATION                      0211,10,44,16797,4084398281,4084398281,4084398281,8503478,18997,16797,16797,4084398281,010 GENERAL OPERATING FD,44 LAW
2018,1,2,02 PURCHASE OF SERVICES,216,COMMERCIAL OFF-SHELF COMP SOFTWARE  0216,10,44,3000,4084401281,4084401281,4084401281,8506478,21997,3000,3000,4084401281,010 GENERAL OPERATING FD,44 LAW
2018,1,2,02 PURCHASE OF SERVICES,230,MEALS-NON-TRAVEL & OFFICL ENTERTAIN 0230,10,44,728,4084402009,4084402009,4084402009,8507206,22725,728,728,4084402009,010 GENERAL OPERATING FD,44 LAW
2018,1,2,02 PURCHASE OF SERVICES,231,OVERTIME MEALS                      0231,10,44,807,4084402816,4084402816,4084402816,8508013,23532,807,807,4084402816,010 GENERAL OPERATING FD,44 LAW
2018,1,2,02 PURCHASE OF SERVICES,240,ADVERTISING/PROMOTIONAL ACTIVITIES  0240,10,44,750,4084403566,4084403566,4084403566,8508763,24282,750,750,4084403566,010 GENERAL OPERATING FD,44 LAW
2018,1,2,02 PURCHASE OF SERVICES,250,PROFESSIONAL CONSULT/SPEC SERVICES  0250,10,44,1855198,4086258764,4086258764,4086258764,10363961,1879480,1855198,1855198,4086258764,010 GENERAL OPERATING FD,44 LAW
2018,1,2,02 PURCHASE OF SERVICES,251,INFORMATION TECHNOLOGY-PROF SERVICE 0251,10,44,160000,4086418764,4086418764,4086418764,10523961,2039480,160000,160000,4086418764,010 GENERAL OPERATING FD,44 LAW
2018,1,2,02 PURCHASE OF SERVICES,253,LEGAL SERVICES                      0253,10,44,3899488,4090318252,4090318252,4090318252,14423449,5938968,3899488,3899488,4090318252,010 GENERAL OPERATING FD,44 LAW
2018,1,2,02 PURCHASE OF SERVICES,255,DUES                                0255,10,44,40000,4090358252,4090358252,4090358252,14463449,5978968,40000,40000,4090358252,010 GENERAL OPERATING FD,44 LAW
2018,1,2,02 PURCHASE OF SERVICES,256,SEMINAR AND TRAINING SESSIONS       0256,10,44,90000,4090448252,4090448252,4090448252,14553449,6068968,90000,90000,4090448252,010 GENERAL OPERATING FD,44 LAW
2018,1,2,02 PURCHASE OF SERVICES,257,ARCHITECTURAL & ENGINEERING SRVCS   0257,10,44,180000,4090628252,4090628252,4090628252,14733449,6248968,180000,180000,4090628252,010 GENERAL OPERATING FD,44 LAW
2018,1,2,02 PURCHASE OF SERVICES,258,COURT REPORTERS                     0258,10,44,425000,4091053252,4091053252,4091053252,15158449,6673968,425000,425000,4091053252,010 GENERAL OPERATING FD,44 LAW
2018,1,2,02 PURCHASE OF SERVICES,259,ARBITRATION FEES                    0259,10,44,225000,4091278252,4091278252,4091278252,15383449,6898968,225000,225000,4091278252,010 GENERAL OPERATING FD,44 LAW
2018,1,2,02 PURCHASE OF SERVICES,260,REPAIR AND MAINTENANCE CHARGES      0260,10,44,14748,4091293000,4091293000,4091293000,15398197,6913716,14748,14748,4091293000,010 GENERAL OPERATING FD,44 LAW
2018,1,2,02 PURCHASE OF SERVICES,266,MAINT/SUPPORT-COMPUTR HARDWARE/SOFT 0266,10,44,1478,4091294478,4091294478,4091294478,15399675,6915194,1478,1478,4091294478,010 GENERAL OPERATING FD,44 LAW
2018,1,2,02 PURCHASE OF SERVICES,277,WITNESS FEES                        0277,10,44,5840,4091300318,4091300318,4091300318,15405515,6921034,5840,5840,4091300318,010 GENERAL OPERATING FD,44 LAW
2018,1,2,02 PURCHASE OF SERVICES,285,RENTS                               0285,10,44,89000,4091389318,4091389318,4091389318,15494515,7010034,89000,89000,4091389318,010 GENERAL OPERATING FD,44 LAW
2018,1,3,03 MATERIALS AND SUPPLIES,304,BOOKS AND OTHER PUBLICATIONS        0304,10,44,85488,4091474806,4091474806,4091474806,15580003,85488,85488,85488,4091474806,010 GENERAL OPERATING FD,44 LAW
2018,1,3,03 MATERIALS AND SUPPLIES,305,BUILDING AND CONSTRUCTION           0305,10,44,63,4091474869,4091474869,4091474869,15580066,85551,63,63,4091474869,010 GENERAL OPERATING FD,44 LAW
2018,1,3,03 MATERIALS AND SUPPLIES,308,DRY GOODS/NOTIONS/WEARING APPAREL   0308,10,44,552,4091475421,4091475421,4091475421,15580618,86103,552,552,4091475421,010 GENERAL OPERATING FD,44 LAW
2018,1,3,03 MATERIALS AND SUPPLIES,310,ELECTRICAL AND COMMUNICATION        0310,10,44,70,4091475491,4091475491,4091475491,15580688,86173,70,70,4091475491,010 GENERAL OPERATING FD,44 LAW
2018,1,3,03 MATERIALS AND SUPPLIES,311,GENERAL EQUIPMENT AND MACHINERY     0311,10,44,2564,4091478055,4091478055,4091478055,15583252,88737,2564,2564,4091478055,010 GENERAL OPERATING FD,44 LAW
2018,1,3,03 MATERIALS AND SUPPLIES,320,OFFICE MATERIALS AND SUPPLIES       0320,10,44,50000,4091528055,4091528055,4091528055,15633252,138737,50000,50000,4091528055,010 GENERAL OPERATING FD,44 LAW
2018,1,3,03 MATERIALS AND SUPPLIES,322,SMALL POWER TOOLS AND HAND TOOLS    0322,10,44,518,4091528573,4091528573,4091528573,15633770,139255,518,518,4091528573,010 GENERAL OPERATING FD,44 LAW
2018,1,3,03 MATERIALS AND SUPPLIES,324,"PRECISION, PHOTOGRAPHIC AND ARTISTS 0324",10,44,21930,4091550503,4091550503,4091550503,15655700,161185,21930,21930,4091550503,010 GENERAL OPERATING FD,44 LAW
2018,1,3,03 MATERIALS AND SUPPLIES,325,PRINTING                            0325,10,44,50000,4091600503,4091600503,4091600503,15705700,211185,50000,50000,4091600503,010 GENERAL OPERATING FD,44 LAW
2018,1,4,04 EQUIPMENT,420,OFFICE EQUIPMENT                    0420,10,44,24018,4091624521,4091624521,4091624521,15729718,24018,24018,24018,4091624521,010 GENERAL OPERATING FD,44 LAW
2018,1,4,04 EQUIPMENT,427,COMPUTER EQUIPMENT & PERIPHERALS    0427,10,44,135,4091624656,4091624656,4091624656,15729853,24153,135,135,4091624656,010 GENERAL OPERATING FD,44 LAW
2018,1,4,04 EQUIPMENT,430,FURNITURE AND FURNISHINGS           0430,10,44,13338,4091637994,4091637994,4091637994,15743191,37491,13338,13338,4091637994,010 GENERAL OPERATING FD,44 LAW
2018,1,1,01 PERSONAL SERVICES,101,PERM FULL TIME-CIVILIAN             0101,10,45,985489,4092623483,4092623483,4092623483,985489,985489,985489,985489,4092623483,010 GENERAL OPERATING FD,45 BOARD OF ETHICS
2018,1,2,02 PURCHASE OF SERVICES,209,TELEPHONE                           0209,10,45,2000,4092625483,4092625483,4092625483,987489,2000,2000,2000,4092625483,010 GENERAL OPERATING FD,45 BOARD OF ETHICS
2018,1,2,02 PURCHASE OF SERVICES,210,POSTAGE                             0210,10,45,7000,4092632483,4092632483,4092632483,994489,9000,7000,7000,4092632483,010 GENERAL OPERATING FD,45 BOARD OF ETHICS
2018,1,2,02 PURCHASE OF SERVICES,211,TRANSPORTATION                      0211,10,45,9600,4092642083,4092642083,4092642083,1004089,18600,9600,9600,4092642083,010 GENERAL OPERATING FD,45 BOARD OF ETHICS
2018,1,2,02 PURCHASE OF SERVICES,216,COMMERCIAL OFF-SHELF COMP SOFTWARE  0216,10,45,4000,4092646083,4092646083,4092646083,1008089,22600,4000,4000,4092646083,010 GENERAL OPERATING FD,45 BOARD OF ETHICS
2018,1,2,02 PURCHASE OF SERVICES,250,PROFESSIONAL CONSULT/SPEC SERVICES  0250,10,45,9000,4092655083,4092655083,4092655083,1017089,31600,9000,9000,4092655083,010 GENERAL OPERATING FD,45 BOARD OF ETHICS
2018,1,2,02 PURCHASE OF SERVICES,251,INFORMATION TECHNOLOGY-PROF SERVICE 0251,10,45,10000,4092665083,4092665083,4092665083,1027089,41600,10000,10000,4092665083,010 GENERAL OPERATING FD,45 BOARD OF ETHICS
2018,1,2,02 PURCHASE OF SERVICES,252,ACCOUNTING AND AUDITING SERVICES    0252,10,45,7500,4092672583,4092672583,4092672583,1034589,49100,7500,7500,4092672583,010 GENERAL OPERATING FD,45 BOARD OF ETHICS
2018,1,2,02 PURCHASE OF SERVICES,253,LEGAL SERVICES                      0253,10,45,10000,4092682583,4092682583,4092682583,1044589,59100,10000,10000,4092682583,010 GENERAL OPERATING FD,45 BOARD OF ETHICS
2018,1,2,02 PURCHASE OF SERVICES,255,DUES                                0255,10,45,1850,4092684433,4092684433,4092684433,1046439,60950,1850,1850,4092684433,010 GENERAL OPERATING FD,45 BOARD OF ETHICS
2018,1,2,02 PURCHASE OF SERVICES,256,SEMINAR AND TRAINING SESSIONS       0256,10,45,10600,4092695033,4092695033,4092695033,1057039,71550,10600,10600,4092695033,010 GENERAL OPERATING FD,45 BOARD OF ETHICS
2018,1,2,02 PURCHASE OF SERVICES,258,COURT REPORTERS                     0258,10,45,5550,4092700583,4092700583,4092700583,1062589,77100,5550,5550,4092700583,010 GENERAL OPERATING FD,45 BOARD OF ETHICS
2018,1,2,02 PURCHASE OF SERVICES,260,REPAIR AND MAINTENANCE CHARGES      0260,10,45,9000,4092709583,4092709583,4092709583,1071589,86100,9000,9000,4092709583,010 GENERAL OPERATING FD,45 BOARD OF ETHICS
2018,1,2,02 PURCHASE OF SERVICES,266,MAINT/SUPPORT-COMPUTR HARDWARE/SOFT 0266,10,45,3600,4092713183,4092713183,4092713183,1075189,89700,3600,3600,4092713183,010 GENERAL OPERATING FD,45 BOARD OF ETHICS
2018,1,2,02 PURCHASE OF SERVICES,285,RENTS                               0285,10,45,3900,4092717083,4092717083,4092717083,1079089,93600,3900,3900,4092717083,010 GENERAL OPERATING FD,45 BOARD OF ETHICS
2018,1,2,02 PURCHASE OF SERVICES,299,OTHER EXPENSES (NOT OTHRWSE CLSSFD) 0299,10,45,2400,4092719483,4092719483,4092719483,1081489,96000,2400,2400,4092719483,010 GENERAL OPERATING FD,45 BOARD OF ETHICS
2018,1,3,03 MATERIALS AND SUPPLIES,304,BOOKS AND OTHER PUBLICATIONS        0304,10,45,3100,4092722583,4092722583,4092722583,1084589,3100,3100,3100,4092722583,010 GENERAL OPERATING FD,45 BOARD OF ETHICS
2018,1,3,03 MATERIALS AND SUPPLIES,320,OFFICE MATERIALS AND SUPPLIES       0320,10,45,3400,4092725983,4092725983,4092725983,1087989,6500,3400,3400,4092725983,010 GENERAL OPERATING FD,45 BOARD OF ETHICS
2018,1,3,03 MATERIALS AND SUPPLIES,325,PRINTING                            0325,10,45,500,4092726483,4092726483,4092726483,1088489,7000,500,500,4092726483,010 GENERAL OPERATING FD,45 BOARD OF ETHICS
2018,1,4,04 EQUIPMENT,420,OFFICE EQUIPMENT                    0420,10,45,500,4092726983,4092726983,4092726983,1088989,500,500,500,4092726983,010 GENERAL OPERATING FD,45 BOARD OF ETHICS
2018,1,4,04 EQUIPMENT,427,COMPUTER EQUIPMENT & PERIPHERALS    0427,10,45,5000,4092731983,4092731983,4092731983,1093989,5500,5000,5000,4092731983,010 GENERAL OPERATING FD,45 BOARD OF ETHICS
2018,1,4,04 EQUIPMENT,430,FURNITURE AND FURNISHINGS           0430,10,45,1500,4092733483,4092733483,4092733483,1095489,7000,1500,1500,4092733483,010 GENERAL OPERATING FD,45 BOARD OF ETHICS
2018,1,1,01 PERSONAL SERVICES,101,PERM FULL TIME-CIVILIAN             0101,10,48,1444811,4094178294,4094178294,4094178294,1444811,1444811,1444811,1444811,4094178294,010 GENERAL OPERATING FD,48 MAYOR-OFFICE OF THE INSPECTOR GENERAL
2018,1,2,02 PURCHASE OF SERVICES,210,POSTAGE                             0210,10,48,10,4094178304,4094178304,4094178304,1444821,10,10,10,4094178304,010 GENERAL OPERATING FD,48 MAYOR-OFFICE OF THE INSPECTOR GENERAL
2018,1,2,02 PURCHASE OF SERVICES,211,TRANSPORTATION                      0211,10,48,5000,4094183304,4094183304,4094183304,1449821,5010,5000,5000,4094183304,010 GENERAL OPERATING FD,48 MAYOR-OFFICE OF THE INSPECTOR GENERAL
2018,1,2,02 PURCHASE OF SERVICES,216,COMMERCIAL OFF-SHELF COMP SOFTWARE  0216,10,48,191,4094183495,4094183495,4094183495,1450012,5201,191,191,4094183495,010 GENERAL OPERATING FD,48 MAYOR-OFFICE OF THE INSPECTOR GENERAL
2018,1,2,02 PURCHASE OF SERVICES,230,MEALS-NON-TRAVEL & OFFICL ENTERTAIN 0230,10,48,600,4094184095,4094184095,4094184095,1450612,5801,600,600,4094184095,010 GENERAL OPERATING FD,48 MAYOR-OFFICE OF THE INSPECTOR GENERAL
2018,1,2,02 PURCHASE OF SERVICES,250,PROFESSIONAL CONSULT/SPEC SERVICES  0250,10,48,169440,4094353535,4094353535,4094353535,1620052,175241,169440,169440,4094353535,010 GENERAL OPERATING FD,48 MAYOR-OFFICE OF THE INSPECTOR GENERAL
2018,1,2,02 PURCHASE OF SERVICES,251,INFORMATION TECHNOLOGY-PROF SERVICE 0251,10,48,492,4094354027,4094354027,4094354027,1620544,175733,492,492,4094354027,010 GENERAL OPERATING FD,48 MAYOR-OFFICE OF THE INSPECTOR GENERAL
2018,1,2,02 PURCHASE OF SERVICES,253,LEGAL SERVICES                      0253,10,48,400,4094354427,4094354427,4094354427,1620944,176133,400,400,4094354427,010 GENERAL OPERATING FD,48 MAYOR-OFFICE OF THE INSPECTOR GENERAL
2018,1,2,02 PURCHASE OF SERVICES,255,DUES                                0255,10,48,1773,4094356200,4094356200,4094356200,1622717,177906,1773,1773,4094356200,010 GENERAL OPERATING FD,48 MAYOR-OFFICE OF THE INSPECTOR GENERAL
2018,1,2,02 PURCHASE OF SERVICES,256,SEMINAR AND TRAINING SESSIONS       0256,10,48,15564,4094371764,4094371764,4094371764,1638281,193470,15564,15564,4094371764,010 GENERAL OPERATING FD,48 MAYOR-OFFICE OF THE INSPECTOR GENERAL
2018,1,2,02 PURCHASE OF SERVICES,260,REPAIR AND MAINTENANCE CHARGES      0260,10,48,130,4094371894,4094371894,4094371894,1638411,193600,130,130,4094371894,010 GENERAL OPERATING FD,48 MAYOR-OFFICE OF THE INSPECTOR GENERAL
2018,1,2,02 PURCHASE OF SERVICES,282,RENT/LEASE-PURCHASE COMPUTER EQUIP  0282,10,48,4035,4094375929,4094375929,4094375929,1642446,197635,4035,4035,4094375929,010 GENERAL OPERATING FD,48 MAYOR-OFFICE OF THE INSPECTOR GENERAL
2018,1,2,02 PURCHASE OF SERVICES,285,RENTS                               0285,10,48,340,4094376269,4094376269,4094376269,1642786,197975,340,340,4094376269,010 GENERAL OPERATING FD,48 MAYOR-OFFICE OF THE INSPECTOR GENERAL
2018,1,3,03 MATERIALS AND SUPPLIES,320,OFFICE MATERIALS AND SUPPLIES       0320,10,48,2925,4094379194,4094379194,4094379194,1645711,2925,2925,2925,4094379194,010 GENERAL OPERATING FD,48 MAYOR-OFFICE OF THE INSPECTOR GENERAL
2018,1,3,03 MATERIALS AND SUPPLIES,325,PRINTING                            0325,10,48,200,4094379394,4094379394,4094379394,1645911,3125,200,200,4094379394,010 GENERAL OPERATING FD,48 MAYOR-OFFICE OF THE INSPECTOR GENERAL
2018,1,4,04 EQUIPMENT,420,OFFICE EQUIPMENT                    0420,10,48,600,4094379994,4094379994,4094379994,1646511,600,600,600,4094379994,010 GENERAL OPERATING FD,48 MAYOR-OFFICE OF THE INSPECTOR GENERAL
2018,1,4,04 EQUIPMENT,427,COMPUTER EQUIPMENT & PERIPHERALS    0427,10,48,1500,4094381494,4094381494,4094381494,1648011,2100,1500,1500,4094381494,010 GENERAL OPERATING FD,48 MAYOR-OFFICE OF THE INSPECTOR GENERAL
2018,1,1,01 PERSONAL SERVICES,101,PERM FULL TIME-CIVILIAN             0101,10,49,213039,4094594533,4094594533,4094594533,213039,213039,552424,213039,4094594533,010 GENERAL OPERATING FD,49 MAYOR-OFFICE OF SUSTAINABILITY
2018,1,1,01 PERSONAL SERVICES,101,PERM FULL TIME-CIVILIAN             0101,10,49,339385,4094933918,4094933918,4094933918,552424,552424,552424,552424,4094933918,010 GENERAL OPERATING FD,49 MAYOR-OFFICE OF SUSTAINABILITY
2018,1,1,01 PERSONAL SERVICES,121,TEMPORARY/SEASONAL                  0121,10,49,5366,4094939284,4094939284,4094939284,557790,557790,5366,5366,4094939284,010 GENERAL OPERATING FD,49 MAYOR-OFFICE OF SUSTAINABILITY
2018,1,2,02 PURCHASE OF SERVICES,211,TRANSPORTATION                      0211,10,49,6000,4094945284,4094945284,4094945284,563790,6000,6000,6000,4094945284,010 GENERAL OPERATING FD,49 MAYOR-OFFICE OF SUSTAINABILITY
2018,1,2,02 PURCHASE OF SERVICES,220,ELECTRIC CURRENT-STRUCTURES/STREETS 0220,10,49,30000,4094975284,4094975284,4094975284,593790,36000,30000,30000,4094975284,010 GENERAL OPERATING FD,49 MAYOR-OFFICE OF SUSTAINABILITY
2018,1,2,02 PURCHASE OF SERVICES,240,ADVERTISING/PROMOTIONAL ACTIVITIES  0240,10,49,2500,4094977784,4094977784,4094977784,596290,38500,2500,2500,4094977784,010 GENERAL OPERATING FD,49 MAYOR-OFFICE OF SUSTAINABILITY
2018,1,2,02 PURCHASE OF SERVICES,250,PROFESSIONAL CONSULT/SPEC SERVICES  0250,10,49,320379,4095298163,4095298163,4095298163,916669,358879,320379,320379,4095298163,010 GENERAL OPERATING FD,49 MAYOR-OFFICE OF SUSTAINABILITY
2018,1,2,02 PURCHASE OF SERVICES,255,DUES                                0255,10,49,10000,4095308163,4095308163,4095308163,926669,368879,10000,10000,4095308163,010 GENERAL OPERATING FD,49 MAYOR-OFFICE OF SUSTAINABILITY
2018,1,2,02 PURCHASE OF SERVICES,256,SEMINAR AND TRAINING SESSIONS       0256,10,49,8999,4095317162,4095317162,4095317162,935668,377878,8999,8999,4095317162,010 GENERAL OPERATING FD,49 MAYOR-OFFICE OF SUSTAINABILITY
2018,1,2,02 PURCHASE OF SERVICES,266,MAINT/SUPPORT-COMPUTR HARDWARE/SOFT 0266,10,49,5121,4095322283,4095322283,4095322283,940789,382999,5121,5121,4095322283,010 GENERAL OPERATING FD,49 MAYOR-OFFICE OF SUSTAINABILITY
2018,1,2,02 PURCHASE OF SERVICES,282,RENT/LEASE-PURCHASE COMPUTER EQUIP  0282,10,49,2926,4095325209,4095325209,4095325209,943715,385925,2926,2926,4095325209,010 GENERAL OPERATING FD,49 MAYOR-OFFICE OF SUSTAINABILITY
2018,1,2,02 PURCHASE OF SERVICES,284,GROUND AND BUILDING RENTAL          0284,10,49,903,4095326112,4095326112,4095326112,944618,386828,903,903,4095326112,010 GENERAL OPERATING FD,49 MAYOR-OFFICE OF SUSTAINABILITY
2018,1,2,02 PURCHASE OF SERVICES,285,RENTS                               0285,10,49,6680,4095332792,4095332792,4095332792,951298,393508,6680,6680,4095332792,010 GENERAL OPERATING FD,49 MAYOR-OFFICE OF SUSTAINABILITY
2018,1,3,03 MATERIALS AND SUPPLIES,313,FOOD                                0313,10,49,2671,4095335463,4095335463,4095335463,953969,2671,2671,2671,4095335463,010 GENERAL OPERATING FD,49 MAYOR-OFFICE OF SUSTAINABILITY
2018,1,3,03 MATERIALS AND SUPPLIES,320,OFFICE MATERIALS AND SUPPLIES       0320,10,49,1500,4095336963,4095336963,4095336963,955469,4171,1500,1500,4095336963,010 GENERAL OPERATING FD,49 MAYOR-OFFICE OF SUSTAINABILITY
2018,1,3,03 MATERIALS AND SUPPLIES,324,"PRECISION, PHOTOGRAPHIC AND ARTISTS 0324",10,49,500,4095337463,4095337463,4095337463,955969,4671,500,500,4095337463,010 GENERAL OPERATING FD,49 MAYOR-OFFICE OF SUSTAINABILITY
2018,1,3,03 MATERIALS AND SUPPLIES,325,PRINTING                            0325,10,49,11293,4095348756,4095348756,4095348756,967262,15964,11293,11293,4095348756,010 GENERAL OPERATING FD,49 MAYOR-OFFICE OF SUSTAINABILITY
2018,1,4,04 EQUIPMENT,427,COMPUTER EQUIPMENT & PERIPHERALS    0427,10,49,1362,4095350118,4095350118,4095350118,968624,1362,1362,1362,4095350118,010 GENERAL OPERATING FD,49 MAYOR-OFFICE OF SUSTAINABILITY
2018,1,4,04 EQUIPMENT,430,FURNITURE AND FURNISHINGS           0430,10,49,514,4095350632,4095350632,4095350632,969138,1876,514,514,4095350632,010 GENERAL OPERATING FD,49 MAYOR-OFFICE OF SUSTAINABILITY
2018,1,1,01 PERSONAL SERVICES,101,PERM FULL TIME-CIVILIAN             0101,10,50,488147,4095838779,4095838779,4095838779,488147,488147,535123,488147,4095838779,010 GENERAL OPERATING FD,50 MAYORS OFFICE-MURAL ARTS PROGRAM
2018,1,1,01 PERSONAL SERVICES,101,PERM FULL TIME-CIVILIAN             0101,10,50,46976,4095885755,4095885755,4095885755,535123,535123,535123,535123,4095885755,010 GENERAL OPERATING FD,50 MAYORS OFFICE-MURAL ARTS PROGRAM
2018,1,1,01 PERSONAL SERVICES,161,OVERTIME-CIVILIAN                   0161,10,50,13864,4095899619,4095899619,4095899619,548987,548987,13864,13864,4095899619,010 GENERAL OPERATING FD,50 MAYORS OFFICE-MURAL ARTS PROGRAM
2018,1,2,02 PURCHASE OF SERVICES,250,PROFESSIONAL CONSULT/SPEC SERVICES  0250,10,50,1244276,4097143895,4097143895,4097143895,1793263,1244276,1375615,1244276,4097143895,010 GENERAL OPERATING FD,50 MAYORS OFFICE-MURAL ARTS PROGRAM
2018,1,2,02 PURCHASE OF SERVICES,250,PROFESSIONAL CONSULT/SPEC SERVICES  0250,10,50,131339,4097275234,4097275234,4097275234,1924602,1375615,1375615,1375615,4097275234,010 GENERAL OPERATING FD,50 MAYORS OFFICE-MURAL ARTS PROGRAM
2018,1,1,01 PERSONAL SERVICES,100,SALARY CONTROL                      0100,10,52,26978,4097302212,4097302212,4097302212,26978,26978,46779,26978,4097302212,010 GENERAL OPERATING FD,52 FREE LIBRARY
2018,1,1,01 PERSONAL SERVICES,100,SALARY CONTROL                      0100,10,52,19801,4097322013,4097322013,4097322013,46779,46779,46779,46779,4097322013,010 GENERAL OPERATING FD,52 FREE LIBRARY
2018,1,1,01 PERSONAL SERVICES,101,PERM FULL TIME-CIVILIAN             0101,10,52,5361803,4102683816,4102683816,4102683816,5408582,5408582,32277864,5361803,4102683816,010 GENERAL OPERATING FD,52 FREE LIBRARY
2018,1,1,01 PERSONAL SERVICES,101,PERM FULL TIME-CIVILIAN             0101,10,52,1468673,4104152489,4104152489,4104152489,6877255,6877255,32277864,6830476,4104152489,010 GENERAL OPERATING FD,52 FREE LIBRARY
2018,1,1,01 PERSONAL SERVICES,101,PERM FULL TIME-CIVILIAN             0101,10,52,6877234,4111029723,4111029723,4111029723,13754489,13754489,32277864,13707710,4111029723,010 GENERAL OPERATING FD,52 FREE LIBRARY
2018,1,1,01 PERSONAL SERVICES,101,PERM FULL TIME-CIVILIAN             0101,10,52,1351334,4112381057,4112381057,4112381057,15105823,15105823,32277864,15059044,4112381057,010 GENERAL OPERATING FD,52 FREE LIBRARY
2018,1,1,01 PERSONAL SERVICES,101,PERM FULL TIME-CIVILIAN             0101,10,52,17218820,4129599877,4129599877,4129599877,32324643,32324643,32277864,32277864,4129599877,010 GENERAL OPERATING FD,52 FREE LIBRARY
2018,1,1,01 PERSONAL SERVICES,109,PLUS/MINUS GROSS ADJ                0109,10,52,4226,4129604103,4129604103,4129604103,32328869,32328869,163840,4226,4129604103,010 GENERAL OPERATING FD,52 FREE LIBRARY
2018,1,1,01 PERSONAL SERVICES,109,PLUS/MINUS GROSS ADJ                0109,10,52,27899,4129632002,4129632002,4129632002,32356768,32356768,163840,32125,4129632002,010 GENERAL OPERATING FD,52 FREE LIBRARY
2018,1,1,01 PERSONAL SERVICES,109,PLUS/MINUS GROSS ADJ                0109,10,52,2172,4129634174,4129634174,4129634174,32358940,32358940,163840,34297,4129634174,010 GENERAL OPERATING FD,52 FREE LIBRARY
2018,1,1,01 PERSONAL SERVICES,109,PLUS/MINUS GROSS ADJ                0109,10,52,107793,4129741967,4129741967,4129741967,32466733,32466733,163840,142090,4129741967,010 GENERAL OPERATING FD,52 FREE LIBRARY
2018,1,1,01 PERSONAL SERVICES,109,PLUS/MINUS GROSS ADJ                0109,10,52,21750,4129763717,4129763717,4129763717,32488483,32488483,163840,163840,4129763717,010 GENERAL OPERATING FD,52 FREE LIBRARY
2018,1,1,01 PERSONAL SERVICES,121,TEMPORARY/SEASONAL                  0121,10,52,476292,4130240009,4130240009,4130240009,32964775,32964775,2809579,476292,4130240009,010 GENERAL OPERATING FD,52 FREE LIBRARY
2018,1,1,01 PERSONAL SERVICES,121,TEMPORARY/SEASONAL                  0121,10,52,562149,4130802158,4130802158,4130802158,33526924,33526924,2809579,1038441,4130802158,010 GENERAL OPERATING FD,52 FREE LIBRARY
2018,1,1,01 PERSONAL SERVICES,121,TEMPORARY/SEASONAL                  0121,10,52,194844,4130997002,4130997002,4130997002,33721768,33721768,2809579,1233285,4130997002,010 GENERAL OPERATING FD,52 FREE LIBRARY
2018,1,1,01 PERSONAL SERVICES,121,TEMPORARY/SEASONAL                  0121,10,52,1576294,4132573296,4132573296,4132573296,35298062,35298062,2809579,2809579,4132573296,010 GENERAL OPERATING FD,52 FREE LIBRARY
2018,1,1,01 PERSONAL SERVICES,161,OVERTIME-CIVILIAN                   0161,10,52,31572,4132604868,4132604868,4132604868,35329634,35329634,877404,31572,4132604868,010 GENERAL OPERATING FD,52 FREE LIBRARY
2018,1,1,01 PERSONAL SERVICES,161,OVERTIME-CIVILIAN                   0161,10,52,280847,4132885715,4132885715,4132885715,35610481,35610481,877404,312419,4132885715,010 GENERAL OPERATING FD,52 FREE LIBRARY
2018,1,1,01 PERSONAL SERVICES,161,OVERTIME-CIVILIAN                   0161,10,52,321340,4133207055,4133207055,4133207055,35931821,35931821,877404,633759,4133207055,010 GENERAL OPERATING FD,52 FREE LIBRARY
2018,1,1,01 PERSONAL SERVICES,161,OVERTIME-CIVILIAN                   0161,10,52,230160,4133437215,4133437215,4133437215,36161981,36161981,877404,863919,4133437215,010 GENERAL OPERATING FD,52 FREE LIBRARY
2018,1,1,01 PERSONAL SERVICES,161,OVERTIME-CIVILIAN                   0161,10,52,13485,4133450700,4133450700,4133450700,36175466,36175466,877404,877404,4133450700,010 GENERAL OPERATING FD,52 FREE LIBRARY
2018,1,1,01 PERSONAL SERVICES,171,"HOLIDAY ""G""(2/3 SHIFTS)             0171",10,52,3496,4133454196,4133454196,4133454196,36178962,36178962,16900,3496,4133454196,010 GENERAL OPERATING FD,52 FREE LIBRARY
2018,1,1,01 PERSONAL SERVICES,171,"HOLIDAY ""G""(2/3 SHIFTS)             0171",10,52,13404,4133467600,4133467600,4133467600,36192366,36192366,16900,16900,4133467600,010 GENERAL OPERATING FD,52 FREE LIBRARY
2018,1,1,01 PERSONAL SERVICES,181,SHIFT                               0181,10,52,76,4133467676,4133467676,4133467676,36192442,36192442,54409,76,4133467676,010 GENERAL OPERATING FD,52 FREE LIBRARY
2018,1,1,01 PERSONAL SERVICES,181,SHIFT                               0181,10,52,32238,4133499914,4133499914,4133499914,36224680,36224680,54409,32314,4133499914,010 GENERAL OPERATING FD,52 FREE LIBRARY
2018,1,1,01 PERSONAL SERVICES,181,SHIFT                               0181,10,52,5186,4133505100,4133505100,4133505100,36229866,36229866,54409,37500,4133505100,010 GENERAL OPERATING FD,52 FREE LIBRARY
2018,1,1,01 PERSONAL SERVICES,181,SHIFT                               0181,10,52,145,4133505245,4133505245,4133505245,36230011,36230011,54409,37645,4133505245,010 GENERAL OPERATING FD,52 FREE LIBRARY
2018,1,1,01 PERSONAL SERVICES,181,SHIFT                               0181,10,52,16764,4133522009,4133522009,4133522009,36246775,36246775,54409,54409,4133522009,010 GENERAL OPERATING FD,52 FREE LIBRARY
2018,1,1,01 PERSONAL SERVICES,199,SICK PAY(B TIME)-CIVILIAN           0199,10,52,50627,4133572636,4133572636,4133572636,36297402,36297402,64051,50627,4133572636,010 GENERAL OPERATING FD,52 FREE LIBRARY
2018,1,1,01 PERSONAL SERVICES,199,SICK PAY(B TIME)-CIVILIAN           0199,10,52,309,4133572945,4133572945,4133572945,36297711,36297711,64051,50936,4133572945,010 GENERAL OPERATING FD,52 FREE LIBRARY
2018,1,1,01 PERSONAL SERVICES,199,SICK PAY(B TIME)-CIVILIAN           0199,10,52,13115,4133586060,4133586060,4133586060,36310826,36310826,64051,64051,4133586060,010 GENERAL OPERATING FD,52 FREE LIBRARY
2018,1,2,02 PURCHASE OF SERVICES,201,CLEANING AND LAUNDERING             0201,10,52,27156,4133613216,4133613216,4133613216,36337982,27156,27156,27156,4133613216,010 GENERAL OPERATING FD,52 FREE LIBRARY
2018,1,2,02 PURCHASE OF SERVICES,202,JANITORIAL SERVICES                 0202,10,52,24237,4133637453,4133637453,4133637453,36362219,51393,24237,24237,4133637453,010 GENERAL OPERATING FD,52 FREE LIBRARY
2018,1,2,02 PURCHASE OF SERVICES,209,TELEPHONE                           0209,10,52,1055425,4134692878,4134692878,4134692878,37417644,1106818,1055425,1055425,4134692878,010 GENERAL OPERATING FD,52 FREE LIBRARY
2018,1,2,02 PURCHASE OF SERVICES,211,TRANSPORTATION                      0211,10,52,2941,4134695819,4134695819,4134695819,37420585,1109759,3558,2941,4134695819,010 GENERAL OPERATING FD,52 FREE LIBRARY
2018,1,2,02 PURCHASE OF SERVICES,211,TRANSPORTATION                      0211,10,52,617,4134696436,4134696436,4134696436,37421202,1110376,3558,3558,4134696436,010 GENERAL OPERATING FD,52 FREE LIBRARY
2018,1,2,02 PURCHASE OF SERVICES,215,LICENSES PERMITS INSPECTION CHARGES 0215,10,52,499,4134696935,4134696935,4134696935,37421701,1110875,499,499,4134696935,010 GENERAL OPERATING FD,52 FREE LIBRARY
2018,1,2,02 PURCHASE OF SERVICES,216,COMMERCIAL OFF-SHELF COMP SOFTWARE  0216,10,52,55447,4134752382,4134752382,4134752382,37477148,1166322,55447,55447,4134752382,010 GENERAL OPERATING FD,52 FREE LIBRARY
2018,1,2,02 PURCHASE OF SERVICES,230,MEALS-NON-TRAVEL & OFFICL ENTERTAIN 0230,10,52,21216,4134773598,4134773598,4134773598,37498364,1187538,21216,21216,4134773598,010 GENERAL OPERATING FD,52 FREE LIBRARY
2018,1,2,02 PURCHASE OF SERVICES,250,PROFESSIONAL CONSULT/SPEC SERVICES  0250,10,52,5841,4134779439,4134779439,4134779439,37504205,1193379,175841,5841,4134779439,010 GENERAL OPERATING FD,52 FREE LIBRARY
2018,1,2,02 PURCHASE OF SERVICES,250,PROFESSIONAL CONSULT/SPEC SERVICES  0250,10,52,170000,4134949439,4134949439,4134949439,37674205,1363379,175841,175841,4134949439,010 GENERAL OPERATING FD,52 FREE LIBRARY
2018,1,2,02 PURCHASE OF SERVICES,255,DUES                                0255,10,52,85,4134949524,4134949524,4134949524,37674290,1363464,85,85,4134949524,010 GENERAL OPERATING FD,52 FREE LIBRARY
2018,1,2,02 PURCHASE OF SERVICES,256,SEMINAR AND TRAINING SESSIONS       0256,10,52,425,4134949949,4134949949,4134949949,37674715,1363889,2830,425,4134949949,010 GENERAL OPERATING FD,52 FREE LIBRARY
2018,1,2,02 PURCHASE OF SERVICES,256,SEMINAR AND TRAINING SESSIONS       0256,10,52,2405,4134952354,4134952354,4134952354,37677120,1366294,2830,2830,4134952354,010 GENERAL OPERATING FD,52 FREE LIBRARY
2018,1,2,02 PURCHASE OF SERVICES,260,REPAIR AND MAINTENANCE CHARGES      0260,10,52,40678,4134993032,4134993032,4134993032,37717798,1406972,628761,40678,4134993032,010 GENERAL OPERATING FD,52 FREE LIBRARY
2018,1,2,02 PURCHASE OF SERVICES,260,REPAIR AND MAINTENANCE CHARGES      0260,10,52,588083,4135581115,4135581115,4135581115,38305881,1995055,628761,628761,4135581115,010 GENERAL OPERATING FD,52 FREE LIBRARY
2018,1,2,02 PURCHASE OF SERVICES,266,MAINT/SUPPORT-COMPUTR HARDWARE/SOFT 0266,10,52,300798,4135881913,4135881913,4135881913,38606679,2295853,300798,300798,4135881913,010 GENERAL OPERATING FD,52 FREE LIBRARY
2018,1,2,02 PURCHASE OF SERVICES,285,RENTS                               0285,10,52,771,4135882684,4135882684,4135882684,38607450,2296624,28224,771,4135882684,010 GENERAL OPERATING FD,52 FREE LIBRARY
2018,1,2,02 PURCHASE OF SERVICES,285,RENTS                               0285,10,52,27453,4135910137,4135910137,4135910137,38634903,2324077,28224,28224,4135910137,010 GENERAL OPERATING FD,52 FREE LIBRARY
2018,1,3,03 MATERIALS AND SUPPLIES,305,BUILDING AND CONSTRUCTION           0305,10,52,38663,4135948800,4135948800,4135948800,38673566,38663,39174,38663,4135948800,010 GENERAL OPERATING FD,52 FREE LIBRARY
2018,1,3,03 MATERIALS AND SUPPLIES,305,BUILDING AND CONSTRUCTION           0305,10,52,511,4135949311,4135949311,4135949311,38674077,39174,39174,39174,4135949311,010 GENERAL OPERATING FD,52 FREE LIBRARY
2018,1,3,03 MATERIALS AND SUPPLIES,306,LIBRARY MATERIALS                   0306,10,52,1952105,4137901416,4137901416,4137901416,40626182,1991279,1952105,1952105,4137901416,010 GENERAL OPERATING FD,52 FREE LIBRARY
2018,1,3,03 MATERIALS AND SUPPLIES,308,DRY GOODS/NOTIONS/WEARING APPAREL   0308,10,52,11956,4137913372,4137913372,4137913372,40638138,2003235,32609,11956,4137913372,010 GENERAL OPERATING FD,52 FREE LIBRARY
2018,1,3,03 MATERIALS AND SUPPLIES,308,DRY GOODS/NOTIONS/WEARING APPAREL   0308,10,52,20653,4137934025,4137934025,4137934025,40658791,2023888,32609,32609,4137934025,010 GENERAL OPERATING FD,52 FREE LIBRARY
2018,1,3,03 MATERIALS AND SUPPLIES,310,ELECTRICAL AND COMMUNICATION        0310,10,52,191,4137934216,4137934216,4137934216,40658982,2024079,16366,191,4137934216,010 GENERAL OPERATING FD,52 FREE LIBRARY
2018,1,3,03 MATERIALS AND SUPPLIES,310,ELECTRICAL AND COMMUNICATION        0310,10,52,15846,4137950062,4137950062,4137950062,40674828,2039925,16366,16037,4137950062,010 GENERAL OPERATING FD,52 FREE LIBRARY
2018,1,3,03 MATERIALS AND SUPPLIES,310,ELECTRICAL AND COMMUNICATION        0310,10,52,329,4137950391,4137950391,4137950391,40675157,2040254,16366,16366,4137950391,010 GENERAL OPERATING FD,52 FREE LIBRARY
2018,1,3,03 MATERIALS AND SUPPLIES,312,FIRE FIGHTING AND SAFETY            0312,10,52,2075,4137952466,4137952466,4137952466,40677232,2042329,2867,2075,4137952466,010 GENERAL OPERATING FD,52 FREE LIBRARY
2018,1,3,03 MATERIALS AND SUPPLIES,312,FIRE FIGHTING AND SAFETY            0312,10,52,792,4137953258,4137953258,4137953258,40678024,2043121,2867,2867,4137953258,010 GENERAL OPERATING FD,52 FREE LIBRARY
2018,1,3,03 MATERIALS AND SUPPLIES,316,GENERAL HARDWARE AND MINOR TOOLS    0316,10,52,25,4137953283,4137953283,4137953283,40678049,2043146,6527,25,4137953283,010 GENERAL OPERATING FD,52 FREE LIBRARY
2018,1,3,03 MATERIALS AND SUPPLIES,316,GENERAL HARDWARE AND MINOR TOOLS    0316,10,52,4078,4137957361,4137957361,4137957361,40682127,2047224,6527,4103,4137957361,010 GENERAL OPERATING FD,52 FREE LIBRARY
2018,1,3,03 MATERIALS AND SUPPLIES,316,GENERAL HARDWARE AND MINOR TOOLS    0316,10,52,2424,4137959785,4137959785,4137959785,40684551,2049648,6527,6527,4137959785,010 GENERAL OPERATING FD,52 FREE LIBRARY
2018,1,3,03 MATERIALS AND SUPPLIES,317,HOSPITAL AND LABORATORY             0317,10,52,38,4137959823,4137959823,4137959823,40684589,2049686,38,38,4137959823,010 GENERAL OPERATING FD,52 FREE LIBRARY
2018,1,3,03 MATERIALS AND SUPPLIES,318,"JANITORIAL, LAUNDRY AND HOUSEHOLD   0318",10,52,52115,4138011938,4138011938,4138011938,40736704,2101801,60593,52115,4138011938,010 GENERAL OPERATING FD,52 FREE LIBRARY
2018,1,3,03 MATERIALS AND SUPPLIES,318,"JANITORIAL, LAUNDRY AND HOUSEHOLD   0318",10,52,8478,4138020416,4138020416,4138020416,40745182,2110279,60593,60593,4138020416,010 GENERAL OPERATING FD,52 FREE LIBRARY
2018,1,3,03 MATERIALS AND SUPPLIES,320,OFFICE MATERIALS AND SUPPLIES       0320,10,52,2432,4138022848,4138022848,4138022848,40747614,2112711,28333,2432,4138022848,010 GENERAL OPERATING FD,52 FREE LIBRARY
2018,1,3,03 MATERIALS AND SUPPLIES,320,OFFICE MATERIALS AND SUPPLIES       0320,10,52,2593,4138025441,4138025441,4138025441,40750207,2115304,28333,5025,4138025441,010 GENERAL OPERATING FD,52 FREE LIBRARY
2018,1,3,03 MATERIALS AND SUPPLIES,320,OFFICE MATERIALS AND SUPPLIES       0320,10,52,149,4138025590,4138025590,4138025590,40750356,2115453,28333,5174,4138025590,010 GENERAL OPERATING FD,52 FREE LIBRARY
2018,1,3,03 MATERIALS AND SUPPLIES,320,OFFICE MATERIALS AND SUPPLIES       0320,10,52,19384,4138044974,4138044974,4138044974,40769740,2134837,28333,24558,4138044974,010 GENERAL OPERATING FD,52 FREE LIBRARY
2018,1,3,03 MATERIALS AND SUPPLIES,320,OFFICE MATERIALS AND SUPPLIES       0320,10,52,3775,4138048749,4138048749,4138048749,40773515,2138612,28333,28333,4138048749,010 GENERAL OPERATING FD,52 FREE LIBRARY
2018,1,3,03 MATERIALS AND SUPPLIES,322,SMALL POWER TOOLS AND HAND TOOLS    0322,10,52,628,4138049377,4138049377,4138049377,40774143,2139240,628,628,4138049377,010 GENERAL OPERATING FD,52 FREE LIBRARY
2018,1,3,03 MATERIALS AND SUPPLIES,324,"PRECISION, PHOTOGRAPHIC AND ARTISTS 0324",10,52,3637,4138053014,4138053014,4138053014,40777780,2142877,7029,3637,4138053014,010 GENERAL OPERATING FD,52 FREE LIBRARY
2018,1,3,03 MATERIALS AND SUPPLIES,324,"PRECISION, PHOTOGRAPHIC AND ARTISTS 0324",10,52,2896,4138055910,4138055910,4138055910,40780676,2145773,7029,6533,4138055910,010 GENERAL OPERATING FD,52 FREE LIBRARY
2018,1,3,03 MATERIALS AND SUPPLIES,324,"PRECISION, PHOTOGRAPHIC AND ARTISTS 0324",10,52,496,4138056406,4138056406,4138056406,40781172,2146269,7029,7029,4138056406,010 GENERAL OPERATING FD,52 FREE LIBRARY
2018,1,3,03 MATERIALS AND SUPPLIES,325,PRINTING                            0325,10,52,3463,4138059869,4138059869,4138059869,40784635,2149732,36843,3463,4138059869,010 GENERAL OPERATING FD,52 FREE LIBRARY
2018,1,3,03 MATERIALS AND SUPPLIES,325,PRINTING                            0325,10,52,33380,4138093249,4138093249,4138093249,40818015,2183112,36843,36843,4138093249,010 GENERAL OPERATING FD,52 FREE LIBRARY
2018,1,3,03 MATERIALS AND SUPPLIES,326,RECREATIONAL AND EDUCATIONAL        0326,10,52,1007,4138094256,4138094256,4138094256,40819022,2184119,1007,1007,4138094256,010 GENERAL OPERATING FD,52 FREE LIBRARY
2018,1,3,03 MATERIALS AND SUPPLIES,399,OTHER MATERIALS AND SUPPLIES (NOC)  0399,10,52,19008,4138113264,4138113264,4138113264,40838030,2203127,19008,19008,4138113264,010 GENERAL OPERATING FD,52 FREE LIBRARY
2018,1,4,04 EQUIPMENT,410,ELECTRICAL LIGHTING COMMUNICATION   0410,10,52,560,4138113824,4138113824,4138113824,40838590,560,560,560,4138113824,010 GENERAL OPERATING FD,52 FREE LIBRARY
2018,1,4,04 EQUIPMENT,411,GENERAL EQUIPMENT AND MACHINERY     0411,10,52,1268,4138115092,4138115092,4138115092,40839858,1828,1268,1268,4138115092,010 GENERAL OPERATING FD,52 FREE LIBRARY
2018,1,4,04 EQUIPMENT,420,OFFICE EQUIPMENT                    0420,10,52,7632,4138122724,4138122724,4138122724,40847490,9460,7632,7632,4138122724,010 GENERAL OPERATING FD,52 FREE LIBRARY
2018,1,4,04 EQUIPMENT,423,PLUMBING/AIR CONDITIONING/SPACE HTG 0423,10,52,3391,4138126115,4138126115,4138126115,40850881,12851,3391,3391,4138126115,010 GENERAL OPERATING FD,52 FREE LIBRARY
2018,1,4,04 EQUIPMENT,427,COMPUTER EQUIPMENT & PERIPHERALS    0427,10,52,51821,4138177936,4138177936,4138177936,40902702,64672,51821,51821,4138177936,010 GENERAL OPERATING FD,52 FREE LIBRARY
2018,1,4,04 EQUIPMENT,430,FURNITURE AND FURNISHINGS           0430,10,52,1411,4138179347,4138179347,4138179347,40904113,66083,23016,1411,4138179347,010 GENERAL OPERATING FD,52 FREE LIBRARY
2018,1,4,04 EQUIPMENT,430,FURNITURE AND FURNISHINGS           0430,10,52,863,4138180210,4138180210,4138180210,40904976,66946,23016,2274,4138180210,010 GENERAL OPERATING FD,52 FREE LIBRARY
2018,1,4,04 EQUIPMENT,430,FURNITURE AND FURNISHINGS           0430,10,52,20742,4138200952,4138200952,4138200952,40925718,87688,23016,23016,4138200952,010 GENERAL OPERATING FD,52 FREE LIBRARY
2018,1,4,04 EQUIPMENT,499,OTHER EQUIPMENT (NOC)               0499,10,52,1207,4138202159,4138202159,4138202159,40926925,88895,11844,1207,4138202159,010 GENERAL OPERATING FD,52 FREE LIBRARY
2018,1,4,04 EQUIPMENT,499,OTHER EQUIPMENT (NOC)               0499,10,52,10637,4138212796,4138212796,4138212796,40937562,99532,11844,11844,4138212796,010 GENERAL OPERATING FD,52 FREE LIBRARY
2018,1,1,01 PERSONAL SERVICES,100,SALARY CONTROL                      0100,10,54,13879,4138226675,4138226675,4138226675,13879,13879,13879,13879,4138226675,010 GENERAL OPERATING FD,54 COMMISSION ON HUMAN RELATIONS
2018,1,1,01 PERSONAL SERVICES,101,PERM FULL TIME-CIVILIAN             0101,10,54,2077712,4140304387,4140304387,4140304387,2091591,2091591,2077712,2077712,4140304387,010 GENERAL OPERATING FD,54 COMMISSION ON HUMAN RELATIONS
2018,1,1,01 PERSONAL SERVICES,131,BOARD                               0131,10,54,50000,4140354387,4140354387,4140354387,2141591,2141591,50000,50000,4140354387,010 GENERAL OPERATING FD,54 COMMISSION ON HUMAN RELATIONS
2018,1,2,02 PURCHASE OF SERVICES,209,TELEPHONE                           0209,10,54,1000,4140355387,4140355387,4140355387,2142591,1000,1000,1000,4140355387,010 GENERAL OPERATING FD,54 COMMISSION ON HUMAN RELATIONS
2018,1,2,02 PURCHASE OF SERVICES,210,POSTAGE                             0210,10,54,50,4140355437,4140355437,4140355437,2142641,1050,50,50,4140355437,010 GENERAL OPERATING FD,54 COMMISSION ON HUMAN RELATIONS
2018,1,2,02 PURCHASE OF SERVICES,211,TRANSPORTATION                      0211,10,54,3250,4140358687,4140358687,4140358687,2145891,4300,3250,3250,4140358687,010 GENERAL OPERATING FD,54 COMMISSION ON HUMAN RELATIONS
2018,1,2,02 PURCHASE OF SERVICES,230,MEALS-NON-TRAVEL & OFFICL ENTERTAIN 0230,10,54,500,4140359187,4140359187,4140359187,2146391,4800,500,500,4140359187,010 GENERAL OPERATING FD,54 COMMISSION ON HUMAN RELATIONS
2018,1,2,02 PURCHASE OF SERVICES,250,PROFESSIONAL CONSULT/SPEC SERVICES  0250,10,54,3500,4140362687,4140362687,4140362687,2149891,8300,3500,3500,4140362687,010 GENERAL OPERATING FD,54 COMMISSION ON HUMAN RELATIONS
2018,1,2,02 PURCHASE OF SERVICES,255,DUES                                0255,10,54,2000,4140364687,4140364687,4140364687,2151891,10300,2000,2000,4140364687,010 GENERAL OPERATING FD,54 COMMISSION ON HUMAN RELATIONS
2018,1,2,02 PURCHASE OF SERVICES,256,SEMINAR AND TRAINING SESSIONS       0256,10,54,4857,4140369544,4140369544,4140369544,2156748,15157,4857,4857,4140369544,010 GENERAL OPERATING FD,54 COMMISSION ON HUMAN RELATIONS
2018,1,2,02 PURCHASE OF SERVICES,258,COURT REPORTERS                     0258,10,54,15500,4140385044,4140385044,4140385044,2172248,30657,15500,15500,4140385044,010 GENERAL OPERATING FD,54 COMMISSION ON HUMAN RELATIONS
2018,1,2,02 PURCHASE OF SERVICES,260,REPAIR AND MAINTENANCE CHARGES      0260,10,54,3500,4140388544,4140388544,4140388544,2175748,34157,3500,3500,4140388544,010 GENERAL OPERATING FD,54 COMMISSION ON HUMAN RELATIONS
2018,1,2,02 PURCHASE OF SERVICES,266,MAINT/SUPPORT-COMPUTR HARDWARE/SOFT 0266,10,54,500,4140389044,4140389044,4140389044,2176248,34657,500,500,4140389044,010 GENERAL OPERATING FD,54 COMMISSION ON HUMAN RELATIONS
2018,1,3,03 MATERIALS AND SUPPLIES,320,OFFICE MATERIALS AND SUPPLIES       0320,10,54,9731,4140398775,4140398775,4140398775,2185979,9731,9731,9731,4140398775,010 GENERAL OPERATING FD,54 COMMISSION ON HUMAN RELATIONS
2018,1,3,03 MATERIALS AND SUPPLIES,324,"PRECISION, PHOTOGRAPHIC AND ARTISTS 0324",10,54,1500,4140400275,4140400275,4140400275,2187479,11231,1500,1500,4140400275,010 GENERAL OPERATING FD,54 COMMISSION ON HUMAN RELATIONS
2018,1,3,03 MATERIALS AND SUPPLIES,325,PRINTING                            0325,10,54,1500,4140401775,4140401775,4140401775,2188979,12731,1500,1500,4140401775,010 GENERAL OPERATING FD,54 COMMISSION ON HUMAN RELATIONS
2018,1,3,03 MATERIALS AND SUPPLIES,399,OTHER MATERIALS AND SUPPLIES (NOC)  0399,10,54,15000,4140416775,4140416775,4140416775,2203979,27731,15000,15000,4140416775,010 GENERAL OPERATING FD,54 COMMISSION ON HUMAN RELATIONS
2018,1,4,04 EQUIPMENT,420,OFFICE EQUIPMENT                    0420,10,54,300,4140417075,4140417075,4140417075,2204279,300,300,300,4140417075,010 GENERAL OPERATING FD,54 COMMISSION ON HUMAN RELATIONS
2018,1,1,01 PERSONAL SERVICES,101,PERM FULL TIME-CIVILIAN             0101,10,55,104996,4140522071,4140522071,4140522071,104996,104996,104996,104996,4140522071,010 GENERAL OPERATING FD,55 CIVIL SERVICE COMMISSION
2018,1,1,01 PERSONAL SERVICES,131,BOARD                               0131,10,55,61380,4140583451,4140583451,4140583451,166376,166376,61380,61380,4140583451,010 GENERAL OPERATING FD,55 CIVIL SERVICE COMMISSION
2018,1,2,02 PURCHASE OF SERVICES,250,PROFESSIONAL CONSULT/SPEC SERVICES  0250,10,55,29500,4140612951,4140612951,4140612951,195876,29500,29500,29500,4140612951,010 GENERAL OPERATING FD,55 CIVIL SERVICE COMMISSION
2018,1,3,03 MATERIALS AND SUPPLIES,320,OFFICE MATERIALS AND SUPPLIES       0320,10,55,375,4140613326,4140613326,4140613326,196251,375,375,375,4140613326,010 GENERAL OPERATING FD,55 CIVIL SERVICE COMMISSION
2018,1,3,03 MATERIALS AND SUPPLIES,325,PRINTING                            0325,10,55,125,4140613451,4140613451,4140613451,196376,500,125,125,4140613451,010 GENERAL OPERATING FD,55 CIVIL SERVICE COMMISSION
2018,1,4,04 EQUIPMENT,427,COMPUTER EQUIPMENT & PERIPHERALS    0427,10,55,594,4140614045,4140614045,4140614045,196970,594,594,594,4140614045,010 GENERAL OPERATING FD,55 CIVIL SERVICE COMMISSION
2018,1,9,09 ADVANCES & OTHER MISC PAYMENTS,999,STANDBY AUTHORIZATIONS              0999,10,55,20000000,4160614045,4160614045,4160614045,20196970,20000000,20000000,20000000,4160614045,010 GENERAL OPERATING FD,55 CIVIL SERVICE COMMISSION
2018,1,1,01 PERSONAL SERVICES,101,PERM FULL TIME-CIVILIAN             0101,10,56,1894714,4162508759,4162508759,4162508759,1894714,1894714,4826204,1894714,4162508759,010 GENERAL OPERATING FD,56 PERSONNEL
2018,1,1,01 PERSONAL SERVICES,101,PERM FULL TIME-CIVILIAN             0101,10,56,279585,4162788344,4162788344,4162788344,2174299,2174299,4826204,2174299,4162788344,010 GENERAL OPERATING FD,56 PERSONNEL
2018,1,1,01 PERSONAL SERVICES,101,PERM FULL TIME-CIVILIAN             0101,10,56,1123683,4163912027,4163912027,4163912027,3297982,3297982,4826204,3297982,4163912027,010 GENERAL OPERATING FD,56 PERSONNEL
2018,1,1,01 PERSONAL SERVICES,101,PERM FULL TIME-CIVILIAN             0101,10,56,807079,4164719106,4164719106,4164719106,4105061,4105061,4826204,4105061,4164719106,010 GENERAL OPERATING FD,56 PERSONNEL
2018,1,1,01 PERSONAL SERVICES,101,PERM FULL TIME-CIVILIAN             0101,10,56,721143,4165440249,4165440249,4165440249,4826204,4826204,4826204,4826204,4165440249,010 GENERAL OPERATING FD,56 PERSONNEL
2018,1,1,01 PERSONAL SERVICES,121,TEMPORARY/SEASONAL                  0121,10,56,60000,4165500249,4165500249,4165500249,4886204,4886204,110000,60000,4165500249,010 GENERAL OPERATING FD,56 PERSONNEL
2018,1,1,01 PERSONAL SERVICES,121,TEMPORARY/SEASONAL                  0121,10,56,50000,4165550249,4165550249,4165550249,4936204,4936204,110000,110000,4165550249,010 GENERAL OPERATING FD,56 PERSONNEL
2018,1,1,01 PERSONAL SERVICES,161,OVERTIME-CIVILIAN                   0161,10,56,3249,4165553498,4165553498,4165553498,4939453,4939453,46902,3249,4165553498,010 GENERAL OPERATING FD,56 PERSONNEL
2018,1,1,01 PERSONAL SERVICES,161,OVERTIME-CIVILIAN                   0161,10,56,1653,4165555151,4165555151,4165555151,4941106,4941106,46902,4902,4165555151,010 GENERAL OPERATING FD,56 PERSONNEL
2018,1,1,01 PERSONAL SERVICES,161,OVERTIME-CIVILIAN                   0161,10,56,30000,4165585151,4165585151,4165585151,4971106,4971106,46902,34902,4165585151,010 GENERAL OPERATING FD,56 PERSONNEL
2018,1,1,01 PERSONAL SERVICES,161,OVERTIME-CIVILIAN                   0161,10,56,12000,4165597151,4165597151,4165597151,4983106,4983106,46902,46902,4165597151,010 GENERAL OPERATING FD,56 PERSONNEL
2018,1,2,02 PURCHASE OF SERVICES,205,REFUSE/GARBAGE/SILT/SLUDGE REMOVAL  0205,10,56,225,4165597376,4165597376,4165597376,4983331,225,225,225,4165597376,010 GENERAL OPERATING FD,56 PERSONNEL
2018,1,2,02 PURCHASE OF SERVICES,209,TELEPHONE                           0209,10,56,36,4165597412,4165597412,4165597412,4983367,261,36,36,4165597412,010 GENERAL OPERATING FD,56 PERSONNEL
2018,1,2,02 PURCHASE OF SERVICES,210,POSTAGE                             0210,10,56,19775,4165617187,4165617187,4165617187,5003142,20036,24775,19775,4165617187,010 GENERAL OPERATING FD,56 PERSONNEL
2018,1,2,02 PURCHASE OF SERVICES,210,POSTAGE                             0210,10,56,5000,4165622187,4165622187,4165622187,5008142,25036,24775,24775,4165622187,010 GENERAL OPERATING FD,56 PERSONNEL
2018,1,2,02 PURCHASE OF SERVICES,211,TRANSPORTATION                      0211,10,56,87,4165622274,4165622274,4165622274,5008229,25123,233026,87,4165622274,010 GENERAL OPERATING FD,56 PERSONNEL
2018,1,2,02 PURCHASE OF SERVICES,211,TRANSPORTATION                      0211,10,56,314,4165622588,4165622588,4165622588,5008543,25437,233026,401,4165622588,010 GENERAL OPERATING FD,56 PERSONNEL
2018,1,2,02 PURCHASE OF SERVICES,211,TRANSPORTATION                      0211,10,56,232625,4165855213,4165855213,4165855213,5241168,258062,233026,233026,4165855213,010 GENERAL OPERATING FD,56 PERSONNEL
2018,1,2,02 PURCHASE OF SERVICES,216,COMMERCIAL OFF-SHELF COMP SOFTWARE  0216,10,56,191,4165855404,4165855404,4165855404,5241359,258253,191,191,4165855404,010 GENERAL OPERATING FD,56 PERSONNEL
2018,1,2,02 PURCHASE OF SERVICES,230,MEALS-NON-TRAVEL & OFFICL ENTERTAIN 0230,10,56,5000,4165860404,4165860404,4165860404,5246359,263253,5000,5000,4165860404,010 GENERAL OPERATING FD,56 PERSONNEL
2018,1,2,02 PURCHASE OF SERVICES,240,ADVERTISING/PROMOTIONAL ACTIVITIES  0240,10,56,9441,4165869845,4165869845,4165869845,5255800,272694,12441,9441,4165869845,010 GENERAL OPERATING FD,56 PERSONNEL
2018,1,2,02 PURCHASE OF SERVICES,240,ADVERTISING/PROMOTIONAL ACTIVITIES  0240,10,56,3000,4165872845,4165872845,4165872845,5258800,275694,12441,12441,4165872845,010 GENERAL OPERATING FD,56 PERSONNEL
2018,1,2,02 PURCHASE OF SERVICES,250,PROFESSIONAL CONSULT/SPEC SERVICES  0250,10,56,42000,4165914845,4165914845,4165914845,5300800,317694,570520,42000,4165914845,010 GENERAL OPERATING FD,56 PERSONNEL
2018,1,2,02 PURCHASE OF SERVICES,250,PROFESSIONAL CONSULT/SPEC SERVICES  0250,10,56,9900,4165924745,4165924745,4165924745,5310700,327594,570520,51900,4165924745,010 GENERAL OPERATING FD,56 PERSONNEL
2018,1,2,02 PURCHASE OF SERVICES,250,PROFESSIONAL CONSULT/SPEC SERVICES  0250,10,56,350,4165925095,4165925095,4165925095,5311050,327944,570520,52250,4165925095,010 GENERAL OPERATING FD,56 PERSONNEL
2018,1,2,02 PURCHASE OF SERVICES,250,PROFESSIONAL CONSULT/SPEC SERVICES  0250,10,56,31000,4165956095,4165956095,4165956095,5342050,358944,570520,83250,4165956095,010 GENERAL OPERATING FD,56 PERSONNEL
2018,1,2,02 PURCHASE OF SERVICES,250,PROFESSIONAL CONSULT/SPEC SERVICES  0250,10,56,487270,4166443365,4166443365,4166443365,5829320,846214,570520,570520,4166443365,010 GENERAL OPERATING FD,56 PERSONNEL
2018,1,2,02 PURCHASE OF SERVICES,255,DUES                                0255,10,56,3750,4166447115,4166447115,4166447115,5833070,849964,25617,3750,4166447115,010 GENERAL OPERATING FD,56 PERSONNEL
2018,1,2,02 PURCHASE OF SERVICES,255,DUES                                0255,10,56,6817,4166453932,4166453932,4166453932,5839887,856781,25617,10567,4166453932,010 GENERAL OPERATING FD,56 PERSONNEL
2018,1,2,02 PURCHASE OF SERVICES,255,DUES                                0255,10,56,12000,4166465932,4166465932,4166465932,5851887,868781,25617,22567,4166465932,010 GENERAL OPERATING FD,56 PERSONNEL
2018,1,2,02 PURCHASE OF SERVICES,255,DUES                                0255,10,56,3050,4166468982,4166468982,4166468982,5854937,871831,25617,25617,4166468982,010 GENERAL OPERATING FD,56 PERSONNEL
2018,1,2,02 PURCHASE OF SERVICES,256,SEMINAR AND TRAINING SESSIONS       0256,10,56,4000,4166472982,4166472982,4166472982,5858937,875831,20306,4000,4166472982,010 GENERAL OPERATING FD,56 PERSONNEL
2018,1,2,02 PURCHASE OF SERVICES,256,SEMINAR AND TRAINING SESSIONS       0256,10,56,1000,4166473982,4166473982,4166473982,5859937,876831,20306,5000,4166473982,010 GENERAL OPERATING FD,56 PERSONNEL
2018,1,2,02 PURCHASE OF SERVICES,256,SEMINAR AND TRAINING SESSIONS       0256,10,56,15306,4166489288,4166489288,4166489288,5875243,892137,20306,20306,4166489288,010 GENERAL OPERATING FD,56 PERSONNEL
2018,1,2,02 PURCHASE OF SERVICES,260,REPAIR AND MAINTENANCE CHARGES      0260,10,56,5150,4166494438,4166494438,4166494438,5880393,897287,42920,5150,4166494438,010 GENERAL OPERATING FD,56 PERSONNEL
2018,1,2,02 PURCHASE OF SERVICES,260,REPAIR AND MAINTENANCE CHARGES      0260,10,56,13158,4166507596,4166507596,4166507596,5893551,910445,42920,18308,4166507596,010 GENERAL OPERATING FD,56 PERSONNEL
2018,1,2,02 PURCHASE OF SERVICES,260,REPAIR AND MAINTENANCE CHARGES      0260,10,56,24612,4166532208,4166532208,4166532208,5918163,935057,42920,42920,4166532208,010 GENERAL OPERATING FD,56 PERSONNEL
2018,1,2,02 PURCHASE OF SERVICES,266,MAINT/SUPPORT-COMPUTR HARDWARE/SOFT 0266,10,56,5100,4166537308,4166537308,4166537308,5923263,940157,5100,5100,4166537308,010 GENERAL OPERATING FD,56 PERSONNEL
2018,1,2,02 PURCHASE OF SERVICES,282,RENT/LEASE-PURCHASE COMPUTER EQUIP  0282,10,56,2194,4166539502,4166539502,4166539502,5925457,942351,2194,2194,4166539502,010 GENERAL OPERATING FD,56 PERSONNEL
2018,1,2,02 PURCHASE OF SERVICES,285,RENTS                               0285,10,56,175,4166539677,4166539677,4166539677,5925632,942526,16719,175,4166539677,010 GENERAL OPERATING FD,56 PERSONNEL
2018,1,2,02 PURCHASE OF SERVICES,285,RENTS                               0285,10,56,16544,4166556221,4166556221,4166556221,5942176,959070,16719,16719,4166556221,010 GENERAL OPERATING FD,56 PERSONNEL
2018,1,3,03 MATERIALS AND SUPPLIES,304,BOOKS AND OTHER PUBLICATIONS        0304,10,56,2050,4166558271,4166558271,4166558271,5944226,2050,15052,2050,4166558271,010 GENERAL OPERATING FD,56 PERSONNEL
2018,1,3,03 MATERIALS AND SUPPLIES,304,BOOKS AND OTHER PUBLICATIONS        0304,10,56,9982,4166568253,4166568253,4166568253,5954208,12032,15052,12032,4166568253,010 GENERAL OPERATING FD,56 PERSONNEL
2018,1,3,03 MATERIALS AND SUPPLIES,304,BOOKS AND OTHER PUBLICATIONS        0304,10,56,1195,4166569448,4166569448,4166569448,5955403,13227,15052,13227,4166569448,010 GENERAL OPERATING FD,56 PERSONNEL
2018,1,3,03 MATERIALS AND SUPPLIES,304,BOOKS AND OTHER PUBLICATIONS        0304,10,56,1560,4166571008,4166571008,4166571008,5956963,14787,15052,14787,4166571008,010 GENERAL OPERATING FD,56 PERSONNEL
2018,1,3,03 MATERIALS AND SUPPLIES,304,BOOKS AND OTHER PUBLICATIONS        0304,10,56,265,4166571273,4166571273,4166571273,5957228,15052,15052,15052,4166571273,010 GENERAL OPERATING FD,56 PERSONNEL
2018,1,3,03 MATERIALS AND SUPPLIES,307,CHEMICALS AND GASES                 0307,10,56,500,4166571773,4166571773,4166571773,5957728,15552,500,500,4166571773,010 GENERAL OPERATING FD,56 PERSONNEL
2018,1,3,03 MATERIALS AND SUPPLIES,308,DRY GOODS/NOTIONS/WEARING APPAREL   0308,10,56,750,4166572523,4166572523,4166572523,5958478,16302,750,750,4166572523,010 GENERAL OPERATING FD,56 PERSONNEL
2018,1,3,03 MATERIALS AND SUPPLIES,317,HOSPITAL AND LABORATORY             0317,10,56,18000,4166590523,4166590523,4166590523,5976478,34302,18000,18000,4166590523,010 GENERAL OPERATING FD,56 PERSONNEL
2018,1,3,03 MATERIALS AND SUPPLIES,320,OFFICE MATERIALS AND SUPPLIES       0320,10,56,300,4166590823,4166590823,4166590823,5976778,34602,19350,300,4166590823,010 GENERAL OPERATING FD,56 PERSONNEL
2018,1,3,03 MATERIALS AND SUPPLIES,320,OFFICE MATERIALS AND SUPPLIES       0320,10,56,2050,4166592873,4166592873,4166592873,5978828,36652,19350,2350,4166592873,010 GENERAL OPERATING FD,56 PERSONNEL
2018,1,3,03 MATERIALS AND SUPPLIES,320,OFFICE MATERIALS AND SUPPLIES       0320,10,56,500,4166593373,4166593373,4166593373,5979328,37152,19350,2850,4166593373,010 GENERAL OPERATING FD,56 PERSONNEL
2018,1,3,03 MATERIALS AND SUPPLIES,320,OFFICE MATERIALS AND SUPPLIES       0320,10,56,16500,4166609873,4166609873,4166609873,5995828,53652,19350,19350,4166609873,010 GENERAL OPERATING FD,56 PERSONNEL
2018,1,3,03 MATERIALS AND SUPPLIES,324,"PRECISION, PHOTOGRAPHIC AND ARTISTS 0324",10,56,1030,4166610903,4166610903,4166610903,5996858,54682,5798,1030,4166610903,010 GENERAL OPERATING FD,56 PERSONNEL
2018,1,3,03 MATERIALS AND SUPPLIES,324,"PRECISION, PHOTOGRAPHIC AND ARTISTS 0324",10,56,4768,4166615671,4166615671,4166615671,6001626,59450,5798,5798,4166615671,010 GENERAL OPERATING FD,56 PERSONNEL
2018,1,3,03 MATERIALS AND SUPPLIES,325,PRINTING                            0325,10,56,500,4166616171,4166616171,4166616171,6002126,59950,5632,500,4166616171,010 GENERAL OPERATING FD,56 PERSONNEL
2018,1,3,03 MATERIALS AND SUPPLIES,325,PRINTING                            0325,10,56,100,4166616271,4166616271,4166616271,6002226,60050,5632,600,4166616271,010 GENERAL OPERATING FD,56 PERSONNEL
2018,1,3,03 MATERIALS AND SUPPLIES,325,PRINTING                            0325,10,56,4512,4166620783,4166620783,4166620783,6006738,64562,5632,5112,4166620783,010 GENERAL OPERATING FD,56 PERSONNEL
2018,1,3,03 MATERIALS AND SUPPLIES,325,PRINTING                            0325,10,56,500,4166621283,4166621283,4166621283,6007238,65062,5632,5612,4166621283,010 GENERAL OPERATING FD,56 PERSONNEL
2018,1,3,03 MATERIALS AND SUPPLIES,325,PRINTING                            0325,10,56,20,4166621303,4166621303,4166621303,6007258,65082,5632,5632,4166621303,010 GENERAL OPERATING FD,56 PERSONNEL
2018,1,4,04 EQUIPMENT,420,OFFICE EQUIPMENT                    0420,10,56,4350,4166625653,4166625653,4166625653,6011608,4350,4350,4350,4166625653,010 GENERAL OPERATING FD,56 PERSONNEL
2018,1,1,01 PERSONAL SERVICES,101,PERM FULL TIME-CIVILIAN             0101,10,58,244110,4166869763,4166869763,4166869763,244110,244110,244110,244110,4166869763,010 GENERAL OPERATING FD,58 OFFICE OF ARTS & CULTURE
2018,1,1,01 PERSONAL SERVICES,121,TEMPORARY/SEASONAL                  0121,10,58,75768,4166945531,4166945531,4166945531,319878,319878,75768,75768,4166945531,010 GENERAL OPERATING FD,58 OFFICE OF ARTS & CULTURE
2018,1,2,02 PURCHASE OF SERVICES,210,POSTAGE                             0210,10,58,334,4166945865,4166945865,4166945865,320212,334,334,334,4166945865,010 GENERAL OPERATING FD,58 OFFICE OF ARTS & CULTURE
2018,1,2,02 PURCHASE OF SERVICES,230,MEALS-NON-TRAVEL & OFFICL ENTERTAIN 0230,10,58,1504,4166947369,4166947369,4166947369,321716,1838,1504,1504,4166947369,010 GENERAL OPERATING FD,58 OFFICE OF ARTS & CULTURE
2018,1,2,02 PURCHASE OF SERVICES,250,PROFESSIONAL CONSULT/SPEC SERVICES  0250,10,58,479400,4167426769,4167426769,4167426769,801116,481238,479400,479400,4167426769,010 GENERAL OPERATING FD,58 OFFICE OF ARTS & CULTURE
2018,1,2,02 PURCHASE OF SERVICES,255,DUES                                0255,10,58,400,4167427169,4167427169,4167427169,801516,481638,400,400,4167427169,010 GENERAL OPERATING FD,58 OFFICE OF ARTS & CULTURE
2018,1,2,02 PURCHASE OF SERVICES,260,REPAIR AND MAINTENANCE CHARGES      0260,10,58,762,4167427931,4167427931,4167427931,802278,482400,762,762,4167427931,010 GENERAL OPERATING FD,58 OFFICE OF ARTS & CULTURE
2018,1,3,03 MATERIALS AND SUPPLIES,320,OFFICE MATERIALS AND SUPPLIES       0320,10,58,7000,4167434931,4167434931,4167434931,809278,7000,7000,7000,4167434931,010 GENERAL OPERATING FD,58 OFFICE OF ARTS & CULTURE
2018,1,5,"05 CONTRIBUTIONS,INDEMNITIES,REFDS,TAXES",505,CONTRIBUTIONS-ED & NON-PROF REC ORG 0505,10,58,230688,4167665619,4167665619,4167665619,1039966,230688,230688,230688,4167665619,010 GENERAL OPERATING FD,58 OFFICE OF ARTS & CULTURE
2018,1,5,"05 CONTRIBUTIONS,INDEMNITIES,REFDS,TAXES",517,CONTRIBUTIONS-GOV & NON-PROF NOT ED 0517,10,58,3140000,4170805619,4170805619,4170805619,4179966,3370688,3140000,3140000,4170805619,010 GENERAL OPERATING FD,58 OFFICE OF ARTS & CULTURE
2018,1,1,01 PERSONAL SERVICES,100,SALARY CONTROL                      0100,10,59,50000,4170855619,4170855619,4170855619,50000,50000,50000,50000,4170855619,010 GENERAL OPERATING FD,59 OFFICE OF PROPERTY ASSESSMENTS
2018,1,1,01 PERSONAL SERVICES,101,PERM FULL TIME-CIVILIAN             0101,10,59,11163100,4182018719,4182018719,4182018719,11213100,11213100,11163100,11163100,4182018719,010 GENERAL OPERATING FD,59 OFFICE OF PROPERTY ASSESSMENTS
2018,1,1,01 PERSONAL SERVICES,121,TEMPORARY/SEASONAL                  0121,10,59,50000,4182068719,4182068719,4182068719,11263100,11263100,50000,50000,4182068719,010 GENERAL OPERATING FD,59 OFFICE OF PROPERTY ASSESSMENTS
2018,1,1,01 PERSONAL SERVICES,161,OVERTIME-CIVILIAN                   0161,10,59,50000,4182118719,4182118719,4182118719,11313100,11313100,50000,50000,4182118719,010 GENERAL OPERATING FD,59 OFFICE OF PROPERTY ASSESSMENTS
2018,1,2,02 PURCHASE OF SERVICES,202,JANITORIAL SERVICES                 0202,10,59,5000,4182123719,4182123719,4182123719,11318100,5000,5000,5000,4182123719,010 GENERAL OPERATING FD,59 OFFICE OF PROPERTY ASSESSMENTS
2018,1,2,02 PURCHASE OF SERVICES,210,POSTAGE                             0210,10,59,174248,4182297967,4182297967,4182297967,11492348,179248,174248,174248,4182297967,010 GENERAL OPERATING FD,59 OFFICE OF PROPERTY ASSESSMENTS
2018,1,2,02 PURCHASE OF SERVICES,211,TRANSPORTATION                      0211,10,59,20000,4182317967,4182317967,4182317967,11512348,199248,20000,20000,4182317967,010 GENERAL OPERATING FD,59 OFFICE OF PROPERTY ASSESSMENTS
2018,1,2,02 PURCHASE OF SERVICES,240,ADVERTISING/PROMOTIONAL ACTIVITIES  0240,10,59,500,4182318467,4182318467,4182318467,11512848,199748,500,500,4182318467,010 GENERAL OPERATING FD,59 OFFICE OF PROPERTY ASSESSMENTS
2018,1,2,02 PURCHASE OF SERVICES,250,PROFESSIONAL CONSULT/SPEC SERVICES  0250,10,59,1461378,4183779845,4183779845,4183779845,12974226,1661126,1461378,1461378,4183779845,010 GENERAL OPERATING FD,59 OFFICE OF PROPERTY ASSESSMENTS
2018,1,2,02 PURCHASE OF SERVICES,251,INFORMATION TECHNOLOGY-PROF SERVICE 0251,10,59,15000,4183794845,4183794845,4183794845,12989226,1676126,15000,15000,4183794845,010 GENERAL OPERATING FD,59 OFFICE OF PROPERTY ASSESSMENTS
2018,1,2,02 PURCHASE OF SERVICES,255,DUES                                0255,10,59,45000,4183839845,4183839845,4183839845,13034226,1721126,45000,45000,4183839845,010 GENERAL OPERATING FD,59 OFFICE OF PROPERTY ASSESSMENTS
2018,1,2,02 PURCHASE OF SERVICES,256,SEMINAR AND TRAINING SESSIONS       0256,10,59,50000,4183889845,4183889845,4183889845,13084226,1771126,50000,50000,4183889845,010 GENERAL OPERATING FD,59 OFFICE OF PROPERTY ASSESSMENTS
2018,1,2,02 PURCHASE OF SERVICES,258,COURT REPORTERS                     0258,10,59,10000,4183899845,4183899845,4183899845,13094226,1781126,10000,10000,4183899845,010 GENERAL OPERATING FD,59 OFFICE OF PROPERTY ASSESSMENTS
2018,1,2,02 PURCHASE OF SERVICES,260,REPAIR AND MAINTENANCE CHARGES      0260,10,59,25000,4183924845,4183924845,4183924845,13119226,1806126,25000,25000,4183924845,010 GENERAL OPERATING FD,59 OFFICE OF PROPERTY ASSESSMENTS
2018,1,2,02 PURCHASE OF SERVICES,284,GROUND AND BUILDING RENTAL          0284,10,59,22000,4183946845,4183946845,4183946845,13141226,1828126,22000,22000,4183946845,010 GENERAL OPERATING FD,59 OFFICE OF PROPERTY ASSESSMENTS
2018,1,3,03 MATERIALS AND SUPPLIES,304,BOOKS AND OTHER PUBLICATIONS        0304,10,59,16000,4183962845,4183962845,4183962845,13157226,16000,16000,16000,4183962845,010 GENERAL OPERATING FD,59 OFFICE OF PROPERTY ASSESSMENTS
2018,1,3,03 MATERIALS AND SUPPLIES,313,FOOD                                0313,10,59,100,4183962945,4183962945,4183962945,13157326,16100,100,100,4183962945,010 GENERAL OPERATING FD,59 OFFICE OF PROPERTY ASSESSMENTS
2018,1,3,03 MATERIALS AND SUPPLIES,316,GENERAL HARDWARE AND MINOR TOOLS    0316,10,59,100,4183963045,4183963045,4183963045,13157426,16200,100,100,4183963045,010 GENERAL OPERATING FD,59 OFFICE OF PROPERTY ASSESSMENTS
2018,1,3,03 MATERIALS AND SUPPLIES,320,OFFICE MATERIALS AND SUPPLIES       0320,10,59,53000,4184016045,4184016045,4184016045,13210426,69200,53000,53000,4184016045,010 GENERAL OPERATING FD,59 OFFICE OF PROPERTY ASSESSMENTS
2018,1,3,03 MATERIALS AND SUPPLIES,324,"PRECISION, PHOTOGRAPHIC AND ARTISTS 0324",10,59,66068,4184082113,4184082113,4184082113,13276494,135268,66068,66068,4184082113,010 GENERAL OPERATING FD,59 OFFICE OF PROPERTY ASSESSMENTS
2018,1,3,03 MATERIALS AND SUPPLIES,325,PRINTING                            0325,10,59,581332,4184663445,4184663445,4184663445,13857826,716600,581332,581332,4184663445,010 GENERAL OPERATING FD,59 OFFICE OF PROPERTY ASSESSMENTS
2018,1,4,04 EQUIPMENT,420,OFFICE EQUIPMENT                    0420,10,59,16000,4184679445,4184679445,4184679445,13873826,16000,16000,16000,4184679445,010 GENERAL OPERATING FD,59 OFFICE OF PROPERTY ASSESSMENTS
2018,1,4,04 EQUIPMENT,430,FURNITURE AND FURNISHINGS           0430,10,59,50000,4184729445,4184729445,4184729445,13923826,66000,50000,50000,4184729445,010 GENERAL OPERATING FD,59 OFFICE OF PROPERTY ASSESSMENTS
2018,1,1,01 PERSONAL SERVICES,100,SALARY CONTROL                      0100,10,61,43673,4184773118,4184773118,4184773118,43673,43673,43673,43673,4184773118,010 GENERAL OPERATING FD,61 CITY CONTROLLER
2018,1,1,01 PERSONAL SERVICES,101,PERM FULL TIME-CIVILIAN             0101,10,61,8283036,4193056154,4193056154,4193056154,8326709,8326709,8283036,8283036,4193056154,010 GENERAL OPERATING FD,61 CITY CONTROLLER
2018,1,1,01 PERSONAL SERVICES,111,PERM PART TIME                      0111,10,61,25056,4193081210,4193081210,4193081210,8351765,8351765,25056,25056,4193081210,010 GENERAL OPERATING FD,61 CITY CONTROLLER
2018,1,1,01 PERSONAL SERVICES,121,TEMPORARY/SEASONAL                  0121,10,61,25000,4193106210,4193106210,4193106210,8376765,8376765,25000,25000,4193106210,010 GENERAL OPERATING FD,61 CITY CONTROLLER
2018,1,1,01 PERSONAL SERVICES,161,OVERTIME-CIVILIAN                   0161,10,61,50000,4193156210,4193156210,4193156210,8426765,8426765,50000,50000,4193156210,010 GENERAL OPERATING FD,61 CITY CONTROLLER
2018,1,2,02 PURCHASE OF SERVICES,210,POSTAGE                             0210,10,61,500,4193156710,4193156710,4193156710,8427265,500,500,500,4193156710,010 GENERAL OPERATING FD,61 CITY CONTROLLER
2018,1,2,02 PURCHASE OF SERVICES,211,TRANSPORTATION                      0211,10,61,1600,4193158310,4193158310,4193158310,8428865,2100,1600,1600,4193158310,010 GENERAL OPERATING FD,61 CITY CONTROLLER
2018,1,2,02 PURCHASE OF SERVICES,215,LICENSES PERMITS INSPECTION CHARGES 0215,10,61,206,4193158516,4193158516,4193158516,8429071,2306,206,206,4193158516,010 GENERAL OPERATING FD,61 CITY CONTROLLER
2018,1,2,02 PURCHASE OF SERVICES,230,MEALS-NON-TRAVEL & OFFICL ENTERTAIN 0230,10,61,1050,4193159566,4193159566,4193159566,8430121,3356,1050,1050,4193159566,010 GENERAL OPERATING FD,61 CITY CONTROLLER
2018,1,2,02 PURCHASE OF SERVICES,250,PROFESSIONAL CONSULT/SPEC SERVICES  0250,10,61,126000,4193285566,4193285566,4193285566,8556121,129356,126000,126000,4193285566,010 GENERAL OPERATING FD,61 CITY CONTROLLER
2018,1,2,02 PURCHASE OF SERVICES,251,INFORMATION TECHNOLOGY-PROF SERVICE 0251,10,61,86000,4193371566,4193371566,4193371566,8642121,215356,86000,86000,4193371566,010 GENERAL OPERATING FD,61 CITY CONTROLLER
2018,1,2,02 PURCHASE OF SERVICES,252,ACCOUNTING AND AUDITING SERVICES    0252,10,61,229094,4193600660,4193600660,4193600660,8871215,444450,229094,229094,4193600660,010 GENERAL OPERATING FD,61 CITY CONTROLLER
2018,1,2,02 PURCHASE OF SERVICES,255,DUES                                0255,10,61,7000,4193607660,4193607660,4193607660,8878215,451450,7000,7000,4193607660,010 GENERAL OPERATING FD,61 CITY CONTROLLER
2018,1,2,02 PURCHASE OF SERVICES,256,SEMINAR AND TRAINING SESSIONS       0256,10,61,33000,4193640660,4193640660,4193640660,8911215,484450,33000,33000,4193640660,010 GENERAL OPERATING FD,61 CITY CONTROLLER
2018,1,2,02 PURCHASE OF SERVICES,266,MAINT/SUPPORT-COMPUTR HARDWARE/SOFT 0266,10,61,13000,4193653660,4193653660,4193653660,8924215,497450,13000,13000,4193653660,010 GENERAL OPERATING FD,61 CITY CONTROLLER
2018,1,3,03 MATERIALS AND SUPPLIES,320,OFFICE MATERIALS AND SUPPLIES       0320,10,61,15000,4193668660,4193668660,4193668660,8939215,15000,15000,15000,4193668660,010 GENERAL OPERATING FD,61 CITY CONTROLLER
2018,1,4,04 EQUIPMENT,420,OFFICE EQUIPMENT                    0420,10,61,10000,4193678660,4193678660,4193678660,8949215,10000,10000,10000,4193678660,010 GENERAL OPERATING FD,61 CITY CONTROLLER
2018,1,1,01 PERSONAL SERVICES,101,PERM FULL TIME-CIVILIAN             0101,10,63,942999,4194621659,4194621659,4194621659,942999,942999,942999,942999,4194621659,010 GENERAL OPERATING FD,63 BOARD OF REVISION OF TAXES
2018,1,2,02 PURCHASE OF SERVICES,240,ADVERTISING/PROMOTIONAL ACTIVITIES  0240,10,63,100,4194621759,4194621759,4194621759,943099,100,100,100,4194621759,010 GENERAL OPERATING FD,63 BOARD OF REVISION OF TAXES
2018,1,2,02 PURCHASE OF SERVICES,250,PROFESSIONAL CONSULT/SPEC SERVICES  0250,10,63,47300,4194669059,4194669059,4194669059,990399,47400,47300,47300,4194669059,010 GENERAL OPERATING FD,63 BOARD OF REVISION OF TAXES
2018,1,2,02 PURCHASE OF SERVICES,258,COURT REPORTERS                     0258,10,63,30000,4194699059,4194699059,4194699059,1020399,77400,30000,30000,4194699059,010 GENERAL OPERATING FD,63 BOARD OF REVISION OF TAXES
2018,1,2,02 PURCHASE OF SERVICES,260,REPAIR AND MAINTENANCE CHARGES      0260,10,63,3200,4194702259,4194702259,4194702259,1023599,80600,3200,3200,4194702259,010 GENERAL OPERATING FD,63 BOARD OF REVISION OF TAXES
2018,1,2,02 PURCHASE OF SERVICES,286,RENTAL OF PARKING SPACES            0286,10,63,9600,4194711859,4194711859,4194711859,1033199,90200,9600,9600,4194711859,010 GENERAL OPERATING FD,63 BOARD OF REVISION OF TAXES
2018,1,3,03 MATERIALS AND SUPPLIES,304,BOOKS AND OTHER PUBLICATIONS        0304,10,63,1000,4194712859,4194712859,4194712859,1034199,1000,1000,1000,4194712859,010 GENERAL OPERATING FD,63 BOARD OF REVISION OF TAXES
2018,1,3,03 MATERIALS AND SUPPLIES,320,OFFICE MATERIALS AND SUPPLIES       0320,10,63,2677,4194715536,4194715536,4194715536,1036876,3677,2677,2677,4194715536,010 GENERAL OPERATING FD,63 BOARD OF REVISION OF TAXES
2018,1,3,03 MATERIALS AND SUPPLIES,324,"PRECISION, PHOTOGRAPHIC AND ARTISTS 0324",10,63,1500,4194717036,4194717036,4194717036,1038376,5177,1500,1500,4194717036,010 GENERAL OPERATING FD,63 BOARD OF REVISION OF TAXES
2018,1,3,03 MATERIALS AND SUPPLIES,325,PRINTING                            0325,10,63,550,4194717586,4194717586,4194717586,1038926,5727,550,550,4194717586,010 GENERAL OPERATING FD,63 BOARD OF REVISION OF TAXES
2018,1,3,03 MATERIALS AND SUPPLIES,399,OTHER MATERIALS AND SUPPLIES (NOC)  0399,10,63,1000,4194718586,4194718586,4194718586,1039926,6727,1000,1000,4194718586,010 GENERAL OPERATING FD,63 BOARD OF REVISION OF TAXES
2018,1,4,04 EQUIPMENT,420,OFFICE EQUIPMENT                    0420,10,63,3000,4194721586,4194721586,4194721586,1042926,3000,3000,3000,4194721586,010 GENERAL OPERATING FD,63 BOARD OF REVISION OF TAXES
2018,1,4,04 EQUIPMENT,427,COMPUTER EQUIPMENT & PERIPHERALS    0427,10,63,3000,4194724586,4194724586,4194724586,1045926,6000,3000,3000,4194724586,010 GENERAL OPERATING FD,63 BOARD OF REVISION OF TAXES
2018,1,4,04 EQUIPMENT,430,FURNITURE AND FURNISHINGS           0430,10,63,3000,4194727586,4194727586,4194727586,1048926,9000,3000,3000,4194727586,010 GENERAL OPERATING FD,63 BOARD OF REVISION OF TAXES
2018,1,1,01 PERSONAL SERVICES,101,PERM FULL TIME-CIVILIAN             0101,10,65,862491,4195590077,4195590077,4195590077,862491,862491,3981861,862491,4195590077,010 GENERAL OPERATING FD,65 MAYOR-OFFICE OF THE CHIEF ADM OFFICER
2018,1,1,01 PERSONAL SERVICES,101,PERM FULL TIME-CIVILIAN             0101,10,65,2291112,4197881189,4197881189,4197881189,3153603,3153603,3981861,3153603,4197881189,010 GENERAL OPERATING FD,65 MAYOR-OFFICE OF THE CHIEF ADM OFFICER
2018,1,1,01 PERSONAL SERVICES,101,PERM FULL TIME-CIVILIAN             0101,10,65,828258,4198709447,4198709447,4198709447,3981861,3981861,3981861,3981861,4198709447,010 GENERAL OPERATING FD,65 MAYOR-OFFICE OF THE CHIEF ADM OFFICER
2018,1,1,01 PERSONAL SERVICES,111,PERM PART TIME                      0111,10,65,29536,4198738983,4198738983,4198738983,4011397,4011397,29536,29536,4198738983,010 GENERAL OPERATING FD,65 MAYOR-OFFICE OF THE CHIEF ADM OFFICER
2018,1,1,01 PERSONAL SERVICES,121,TEMPORARY/SEASONAL                  0121,10,65,27476,4198766459,4198766459,4198766459,4038873,4038873,28476,27476,4198766459,010 GENERAL OPERATING FD,65 MAYOR-OFFICE OF THE CHIEF ADM OFFICER
2018,1,1,01 PERSONAL SERVICES,121,TEMPORARY/SEASONAL                  0121,10,65,1000,4198767459,4198767459,4198767459,4039873,4039873,28476,28476,4198767459,010 GENERAL OPERATING FD,65 MAYOR-OFFICE OF THE CHIEF ADM OFFICER
2018,1,1,01 PERSONAL SERVICES,131,BOARD                               0131,10,65,35000,4198802459,4198802459,4198802459,4074873,4074873,35000,35000,4198802459,010 GENERAL OPERATING FD,65 MAYOR-OFFICE OF THE CHIEF ADM OFFICER
2018,1,1,01 PERSONAL SERVICES,161,OVERTIME-CIVILIAN                   0161,10,65,10000,4198812459,4198812459,4198812459,4084873,4084873,10000,10000,4198812459,010 GENERAL OPERATING FD,65 MAYOR-OFFICE OF THE CHIEF ADM OFFICER
2018,1,2,02 PURCHASE OF SERVICES,210,POSTAGE                             0210,10,65,50,4198812509,4198812509,4198812509,4084923,50,50,50,4198812509,010 GENERAL OPERATING FD,65 MAYOR-OFFICE OF THE CHIEF ADM OFFICER
2018,1,2,02 PURCHASE OF SERVICES,211,TRANSPORTATION                      0211,10,65,10000,4198822509,4198822509,4198822509,4094923,10050,10700,10000,4198822509,010 GENERAL OPERATING FD,65 MAYOR-OFFICE OF THE CHIEF ADM OFFICER
2018,1,2,02 PURCHASE OF SERVICES,211,TRANSPORTATION                      0211,10,65,700,4198823209,4198823209,4198823209,4095623,10750,10700,10700,4198823209,010 GENERAL OPERATING FD,65 MAYOR-OFFICE OF THE CHIEF ADM OFFICER
2018,1,2,02 PURCHASE OF SERVICES,216,COMMERCIAL OFF-SHELF COMP SOFTWARE  0216,10,65,160000,4198983209,4198983209,4198983209,4255623,170750,160000,160000,4198983209,010 GENERAL OPERATING FD,65 MAYOR-OFFICE OF THE CHIEF ADM OFFICER
2018,1,2,02 PURCHASE OF SERVICES,250,PROFESSIONAL CONSULT/SPEC SERVICES  0250,10,65,84000,4199067209,4199067209,4199067209,4339623,254750,151000,84000,4199067209,010 GENERAL OPERATING FD,65 MAYOR-OFFICE OF THE CHIEF ADM OFFICER
2018,1,2,02 PURCHASE OF SERVICES,250,PROFESSIONAL CONSULT/SPEC SERVICES  0250,10,65,67000,4199134209,4199134209,4199134209,4406623,321750,151000,151000,4199134209,010 GENERAL OPERATING FD,65 MAYOR-OFFICE OF THE CHIEF ADM OFFICER
2018,1,2,02 PURCHASE OF SERVICES,251,INFORMATION TECHNOLOGY-PROF SERVICE 0251,10,65,1255000,4200389209,4200389209,4200389209,5661623,1576750,1295940,1255000,4200389209,010 GENERAL OPERATING FD,65 MAYOR-OFFICE OF THE CHIEF ADM OFFICER
2018,1,2,02 PURCHASE OF SERVICES,251,INFORMATION TECHNOLOGY-PROF SERVICE 0251,10,65,40940,4200430149,4200430149,4200430149,5702563,1617690,1295940,1295940,4200430149,010 GENERAL OPERATING FD,65 MAYOR-OFFICE OF THE CHIEF ADM OFFICER
2018,1,2,02 PURCHASE OF SERVICES,255,DUES                                0255,10,65,500,4200430649,4200430649,4200430649,5703063,1618190,500,500,4200430649,010 GENERAL OPERATING FD,65 MAYOR-OFFICE OF THE CHIEF ADM OFFICER
2018,1,2,02 PURCHASE OF SERVICES,256,SEMINAR AND TRAINING SESSIONS       0256,10,65,500,4200431149,4200431149,4200431149,5703563,1618690,4000,500,4200431149,010 GENERAL OPERATING FD,65 MAYOR-OFFICE OF THE CHIEF ADM OFFICER
2018,1,2,02 PURCHASE OF SERVICES,256,SEMINAR AND TRAINING SESSIONS       0256,10,65,3500,4200434649,4200434649,4200434649,5707063,1622190,4000,4000,4200434649,010 GENERAL OPERATING FD,65 MAYOR-OFFICE OF THE CHIEF ADM OFFICER
2018,1,2,02 PURCHASE OF SERVICES,258,COURT REPORTERS                     0258,10,65,15849,4200450498,4200450498,4200450498,5722912,1638039,15849,15849,4200450498,010 GENERAL OPERATING FD,65 MAYOR-OFFICE OF THE CHIEF ADM OFFICER
2018,1,2,02 PURCHASE OF SERVICES,260,REPAIR AND MAINTENANCE CHARGES      0260,10,65,1950,4200452448,4200452448,4200452448,5724862,1639989,3450,1950,4200452448,010 GENERAL OPERATING FD,65 MAYOR-OFFICE OF THE CHIEF ADM OFFICER
2018,1,2,02 PURCHASE OF SERVICES,260,REPAIR AND MAINTENANCE CHARGES      0260,10,65,1500,4200453948,4200453948,4200453948,5726362,1641489,3450,3450,4200453948,010 GENERAL OPERATING FD,65 MAYOR-OFFICE OF THE CHIEF ADM OFFICER
2018,1,2,02 PURCHASE OF SERVICES,285,RENTS                               0285,10,65,10560,4200464508,4200464508,4200464508,5736922,1652049,10560,10560,4200464508,010 GENERAL OPERATING FD,65 MAYOR-OFFICE OF THE CHIEF ADM OFFICER
2018,1,3,03 MATERIALS AND SUPPLIES,304,BOOKS AND OTHER PUBLICATIONS        0304,10,65,450,4200464958,4200464958,4200464958,5737372,450,450,450,4200464958,010 GENERAL OPERATING FD,65 MAYOR-OFFICE OF THE CHIEF ADM OFFICER
2018,1,3,03 MATERIALS AND SUPPLIES,320,OFFICE MATERIALS AND SUPPLIES       0320,10,65,6465,4200471423,4200471423,4200471423,5743837,6915,9465,6465,4200471423,010 GENERAL OPERATING FD,65 MAYOR-OFFICE OF THE CHIEF ADM OFFICER
2018,1,3,03 MATERIALS AND SUPPLIES,320,OFFICE MATERIALS AND SUPPLIES       0320,10,65,3000,4200474423,4200474423,4200474423,5746837,9915,9465,9465,4200474423,010 GENERAL OPERATING FD,65 MAYOR-OFFICE OF THE CHIEF ADM OFFICER
2018,1,3,03 MATERIALS AND SUPPLIES,325,PRINTING                            0325,10,65,1000,4200475423,4200475423,4200475423,5747837,10915,1750,1000,4200475423,010 GENERAL OPERATING FD,65 MAYOR-OFFICE OF THE CHIEF ADM OFFICER
2018,1,3,03 MATERIALS AND SUPPLIES,325,PRINTING                            0325,10,65,750,4200476173,4200476173,4200476173,5748587,11665,1750,1750,4200476173,010 GENERAL OPERATING FD,65 MAYOR-OFFICE OF THE CHIEF ADM OFFICER
2018,1,4,04 EQUIPMENT,420,OFFICE EQUIPMENT                    0420,10,65,5000,4200481173,4200481173,4200481173,5753587,5000,5000,5000,4200481173,010 GENERAL OPERATING FD,65 MAYOR-OFFICE OF THE CHIEF ADM OFFICER
2018,1,1,01 PERSONAL SERVICES,101,PERM FULL TIME-CIVILIAN             0101,10,66,1592757,4202073930,4202073930,4202073930,1592757,1592757,2652257,1592757,4202073930,010 GENERAL OPERATING FD,66 MAYOR-OFFICE OF COMM SCHOOLS & PRE-K
2018,1,1,01 PERSONAL SERVICES,101,PERM FULL TIME-CIVILIAN             0101,10,66,420000,4202493930,4202493930,4202493930,2012757,2012757,2652257,2012757,4202493930,010 GENERAL OPERATING FD,66 MAYOR-OFFICE OF COMM SCHOOLS & PRE-K
2018,1,1,01 PERSONAL SERVICES,101,PERM FULL TIME-CIVILIAN             0101,10,66,639500,4203133430,4203133430,4203133430,2652257,2652257,2652257,2652257,4203133430,010 GENERAL OPERATING FD,66 MAYOR-OFFICE OF COMM SCHOOLS & PRE-K
2018,1,1,01 PERSONAL SERVICES,121,TEMPORARY/SEASONAL                  0121,10,66,12584,4203146014,4203146014,4203146014,2664841,2664841,27670,12584,4203146014,010 GENERAL OPERATING FD,66 MAYOR-OFFICE OF COMM SCHOOLS & PRE-K
2018,1,1,01 PERSONAL SERVICES,121,TEMPORARY/SEASONAL                  0121,10,66,15086,4203161100,4203161100,4203161100,2679927,2679927,27670,27670,4203161100,010 GENERAL OPERATING FD,66 MAYOR-OFFICE OF COMM SCHOOLS & PRE-K
2018,1,2,02 PURCHASE OF SERVICES,209,TELEPHONE                           0209,10,66,13000,4203174100,4203174100,4203174100,2692927,13000,17000,13000,4203174100,010 GENERAL OPERATING FD,66 MAYOR-OFFICE OF COMM SCHOOLS & PRE-K
2018,1,2,02 PURCHASE OF SERVICES,209,TELEPHONE                           0209,10,66,4000,4203178100,4203178100,4203178100,2696927,17000,17000,17000,4203178100,010 GENERAL OPERATING FD,66 MAYOR-OFFICE OF COMM SCHOOLS & PRE-K
2018,1,2,02 PURCHASE OF SERVICES,210,POSTAGE                             0210,10,66,20000,4203198100,4203198100,4203198100,2716927,37000,20000,20000,4203198100,010 GENERAL OPERATING FD,66 MAYOR-OFFICE OF COMM SCHOOLS & PRE-K
2018,1,2,02 PURCHASE OF SERVICES,211,TRANSPORTATION                      0211,10,66,2500,4203200600,4203200600,4203200600,2719427,39500,35500,2500,4203200600,010 GENERAL OPERATING FD,66 MAYOR-OFFICE OF COMM SCHOOLS & PRE-K
2018,1,2,02 PURCHASE OF SERVICES,211,TRANSPORTATION                      0211,10,66,25000,4203225600,4203225600,4203225600,2744427,64500,35500,27500,4203225600,010 GENERAL OPERATING FD,66 MAYOR-OFFICE OF COMM SCHOOLS & PRE-K
2018,1,2,02 PURCHASE OF SERVICES,211,TRANSPORTATION                      0211,10,66,8000,4203233600,4203233600,4203233600,2752427,72500,35500,35500,4203233600,010 GENERAL OPERATING FD,66 MAYOR-OFFICE OF COMM SCHOOLS & PRE-K
2018,1,2,02 PURCHASE OF SERVICES,230,MEALS-NON-TRAVEL & OFFICL ENTERTAIN 0230,10,66,42000,4203275600,4203275600,4203275600,2794427,114500,42000,42000,4203275600,010 GENERAL OPERATING FD,66 MAYOR-OFFICE OF COMM SCHOOLS & PRE-K
2018,1,2,02 PURCHASE OF SERVICES,240,ADVERTISING/PROMOTIONAL ACTIVITIES  0240,10,66,20000,4203295600,4203295600,4203295600,2814427,134500,25000,20000,4203295600,010 GENERAL OPERATING FD,66 MAYOR-OFFICE OF COMM SCHOOLS & PRE-K
2018,1,2,02 PURCHASE OF SERVICES,240,ADVERTISING/PROMOTIONAL ACTIVITIES  0240,10,66,5000,4203300600,4203300600,4203300600,2819427,139500,25000,25000,4203300600,010 GENERAL OPERATING FD,66 MAYOR-OFFICE OF COMM SCHOOLS & PRE-K
2018,1,2,02 PURCHASE OF SERVICES,250,PROFESSIONAL CONSULT/SPEC SERVICES  0250,10,66,2930595,4206231195,4206231195,4206231195,5750022,3070095,39242000,2930595,4206231195,010 GENERAL OPERATING FD,66 MAYOR-OFFICE OF COMM SCHOOLS & PRE-K
2018,1,2,02 PURCHASE OF SERVICES,250,PROFESSIONAL CONSULT/SPEC SERVICES  0250,10,66,36281405,4242512600,4242512600,4242512600,42031427,39351500,39242000,39212000,4242512600,010 GENERAL OPERATING FD,66 MAYOR-OFFICE OF COMM SCHOOLS & PRE-K
2018,1,2,02 PURCHASE OF SERVICES,250,PROFESSIONAL CONSULT/SPEC SERVICES  0250,10,66,30000,4242542600,4242542600,4242542600,42061427,39381500,39242000,39242000,4242542600,010 GENERAL OPERATING FD,66 MAYOR-OFFICE OF COMM SCHOOLS & PRE-K
2018,1,2,02 PURCHASE OF SERVICES,255,DUES                                0255,10,66,2000,4242544600,4242544600,4242544600,42063427,39383500,2500,2000,4242544600,010 GENERAL OPERATING FD,66 MAYOR-OFFICE OF COMM SCHOOLS & PRE-K
2018,1,2,02 PURCHASE OF SERVICES,255,DUES                                0255,10,66,500,4242545100,4242545100,4242545100,42063927,39384000,2500,2500,4242545100,010 GENERAL OPERATING FD,66 MAYOR-OFFICE OF COMM SCHOOLS & PRE-K
2018,1,2,02 PURCHASE OF SERVICES,256,SEMINAR AND TRAINING SESSIONS       0256,10,66,18000,4242563100,4242563100,4242563100,42081927,39402000,18000,18000,4242563100,010 GENERAL OPERATING FD,66 MAYOR-OFFICE OF COMM SCHOOLS & PRE-K
2018,1,2,02 PURCHASE OF SERVICES,266,MAINT/SUPPORT-COMPUTR HARDWARE/SOFT 0266,10,66,5000,4242568100,4242568100,4242568100,42086927,39407000,5000,5000,4242568100,010 GENERAL OPERATING FD,66 MAYOR-OFFICE OF COMM SCHOOLS & PRE-K
2018,1,3,03 MATERIALS AND SUPPLIES,304,BOOKS AND OTHER PUBLICATIONS        0304,10,66,5000,4242573100,4242573100,4242573100,42091927,5000,5000,5000,4242573100,010 GENERAL OPERATING FD,66 MAYOR-OFFICE OF COMM SCHOOLS & PRE-K
2018,1,3,03 MATERIALS AND SUPPLIES,308,DRY GOODS/NOTIONS/WEARING APPAREL   0308,10,66,6270,4242579370,4242579370,4242579370,42098197,11270,33550,6270,4242579370,010 GENERAL OPERATING FD,66 MAYOR-OFFICE OF COMM SCHOOLS & PRE-K
2018,1,3,03 MATERIALS AND SUPPLIES,308,DRY GOODS/NOTIONS/WEARING APPAREL   0308,10,66,25500,4242604870,4242604870,4242604870,42123697,36770,33550,31770,4242604870,010 GENERAL OPERATING FD,66 MAYOR-OFFICE OF COMM SCHOOLS & PRE-K
2018,1,3,03 MATERIALS AND SUPPLIES,308,DRY GOODS/NOTIONS/WEARING APPAREL   0308,10,66,1780,4242606650,4242606650,4242606650,42125477,38550,33550,33550,4242606650,010 GENERAL OPERATING FD,66 MAYOR-OFFICE OF COMM SCHOOLS & PRE-K
2018,1,3,03 MATERIALS AND SUPPLIES,310,ELECTRICAL AND COMMUNICATION        0310,10,66,5000,4242611650,4242611650,4242611650,42130477,43550,5000,5000,4242611650,010 GENERAL OPERATING FD,66 MAYOR-OFFICE OF COMM SCHOOLS & PRE-K
2018,1,3,03 MATERIALS AND SUPPLIES,313,FOOD                                0313,10,66,1000,4242612650,4242612650,4242612650,42131477,44550,1000,1000,4242612650,010 GENERAL OPERATING FD,66 MAYOR-OFFICE OF COMM SCHOOLS & PRE-K
2018,1,3,03 MATERIALS AND SUPPLIES,320,OFFICE MATERIALS AND SUPPLIES       0320,10,66,47000,4242659650,4242659650,4242659650,42178477,91550,56000,47000,4242659650,010 GENERAL OPERATING FD,66 MAYOR-OFFICE OF COMM SCHOOLS & PRE-K
2018,1,3,03 MATERIALS AND SUPPLIES,320,OFFICE MATERIALS AND SUPPLIES       0320,10,66,9000,4242668650,4242668650,4242668650,42187477,100550,56000,56000,4242668650,010 GENERAL OPERATING FD,66 MAYOR-OFFICE OF COMM SCHOOLS & PRE-K
2018,1,3,03 MATERIALS AND SUPPLIES,325,PRINTING                            0325,10,66,5000,4242673650,4242673650,4242673650,42192477,105550,25000,5000,4242673650,010 GENERAL OPERATING FD,66 MAYOR-OFFICE OF COMM SCHOOLS & PRE-K
2018,1,3,03 MATERIALS AND SUPPLIES,325,PRINTING                            0325,10,66,2500,4242676150,4242676150,4242676150,42194977,108050,25000,7500,4242676150,010 GENERAL OPERATING FD,66 MAYOR-OFFICE OF COMM SCHOOLS & PRE-K
2018,1,3,03 MATERIALS AND SUPPLIES,325,PRINTING                            0325,10,66,17500,4242693650,4242693650,4242693650,42212477,125550,25000,25000,4242693650,010 GENERAL OPERATING FD,66 MAYOR-OFFICE OF COMM SCHOOLS & PRE-K
2018,1,3,03 MATERIALS AND SUPPLIES,399,OTHER MATERIALS AND SUPPLIES (NOC)  0399,10,66,213200,4242906850,4242906850,4242906850,42425677,338750,213200,213200,4242906850,010 GENERAL OPERATING FD,66 MAYOR-OFFICE OF COMM SCHOOLS & PRE-K
2018,1,4,04 EQUIPMENT,420,OFFICE EQUIPMENT                    0420,10,66,15000,4242921850,4242921850,4242921850,42440677,15000,15000,15000,4242921850,010 GENERAL OPERATING FD,66 MAYOR-OFFICE OF COMM SCHOOLS & PRE-K
2018,1,4,04 EQUIPMENT,427,COMPUTER EQUIPMENT & PERIPHERALS    0427,10,66,8000,4242929850,4242929850,4242929850,42448677,23000,8000,8000,4242929850,010 GENERAL OPERATING FD,66 MAYOR-OFFICE OF COMM SCHOOLS & PRE-K
2018,1,4,04 EQUIPMENT,430,FURNITURE AND FURNISHINGS           0430,10,66,3000,4242932850,4242932850,4242932850,42451677,26000,3000,3000,4242932850,010 GENERAL OPERATING FD,66 MAYOR-OFFICE OF COMM SCHOOLS & PRE-K
2018,1,5,"05 CONTRIBUTIONS,INDEMNITIES,REFDS,TAXES",517,CONTRIBUTIONS-GOV & NON-PROF NOT ED 0517,10,66,100000,4243032850,4243032850,4243032850,42551677,100000,100000,100000,4243032850,010 GENERAL OPERATING FD,66 MAYOR-OFFICE OF COMM SCHOOLS & PRE-K
2018,1,1,01 PERSONAL SERVICES,100,SALARY CONTROL                      0100,10,68,20000,4243052850,4243052850,4243052850,20000,20000,20000,20000,4243052850,010 GENERAL OPERATING FD,68 REGISTER OF WILLS
2018,1,1,01 PERSONAL SERVICES,101,PERM FULL TIME-CIVILIAN             0101,10,68,965401,4244018251,4244018251,4244018251,985401,985401,3804481,965401,4244018251,010 GENERAL OPERATING FD,68 REGISTER OF WILLS
2018,1,1,01 PERSONAL SERVICES,101,PERM FULL TIME-CIVILIAN             0101,10,68,2839080,4246857331,4246857331,4246857331,3824481,3824481,3804481,3804481,4246857331,010 GENERAL OPERATING FD,68 REGISTER OF WILLS
2018,1,1,01 PERSONAL SERVICES,111,PERM PART TIME                      0111,10,68,73700,4246931031,4246931031,4246931031,3898181,3898181,109065,73700,4246931031,010 GENERAL OPERATING FD,68 REGISTER OF WILLS
2018,1,1,01 PERSONAL SERVICES,111,PERM PART TIME                      0111,10,68,35365,4246966396,4246966396,4246966396,3933546,3933546,109065,109065,4246966396,010 GENERAL OPERATING FD,68 REGISTER OF WILLS
2018,1,1,01 PERSONAL SERVICES,121,TEMPORARY/SEASONAL                  0121,10,68,22750,4246989146,4246989146,4246989146,3956296,3956296,45500,22750,4246989146,010 GENERAL OPERATING FD,68 REGISTER OF WILLS
2018,1,1,01 PERSONAL SERVICES,121,TEMPORARY/SEASONAL                  0121,10,68,22750,4247011896,4247011896,4247011896,3979046,3979046,45500,45500,4247011896,010 GENERAL OPERATING FD,68 REGISTER OF WILLS
2018,1,2,02 PURCHASE OF SERVICES,210,POSTAGE                             0210,10,68,18300,4247030196,4247030196,4247030196,3997346,18300,18300,18300,4247030196,010 GENERAL OPERATING FD,68 REGISTER OF WILLS
2018,1,2,02 PURCHASE OF SERVICES,211,TRANSPORTATION                      0211,10,68,1800,4247031996,4247031996,4247031996,3999146,20100,1800,1800,4247031996,010 GENERAL OPERATING FD,68 REGISTER OF WILLS
2018,1,2,02 PURCHASE OF SERVICES,250,PROFESSIONAL CONSULT/SPEC SERVICES  0250,10,68,500,4247032496,4247032496,4247032496,3999646,20600,500,500,4247032496,010 GENERAL OPERATING FD,68 REGISTER OF WILLS
2018,1,2,02 PURCHASE OF SERVICES,253,LEGAL SERVICES                      0253,10,68,1121,4247033617,4247033617,4247033617,4000767,21721,1121,1121,4247033617,010 GENERAL OPERATING FD,68 REGISTER OF WILLS
2018,1,2,02 PURCHASE OF SERVICES,255,DUES                                0255,10,68,600,4247034217,4247034217,4247034217,4001367,22321,600,600,4247034217,010 GENERAL OPERATING FD,68 REGISTER OF WILLS
2018,1,2,02 PURCHASE OF SERVICES,256,SEMINAR AND TRAINING SESSIONS       0256,10,68,450,4247034667,4247034667,4247034667,4001817,22771,450,450,4247034667,010 GENERAL OPERATING FD,68 REGISTER OF WILLS
2018,1,2,02 PURCHASE OF SERVICES,260,REPAIR AND MAINTENANCE CHARGES      0260,10,68,50706,4247085373,4247085373,4247085373,4052523,73477,50706,50706,4247085373,010 GENERAL OPERATING FD,68 REGISTER OF WILLS
2018,1,2,02 PURCHASE OF SERVICES,285,RENTS                               0285,10,68,2009,4247087382,4247087382,4247087382,4054532,75486,2009,2009,4247087382,010 GENERAL OPERATING FD,68 REGISTER OF WILLS
2018,1,3,03 MATERIALS AND SUPPLIES,320,OFFICE MATERIALS AND SUPPLIES       0320,10,68,18000,4247105382,4247105382,4247105382,4072532,18000,18000,18000,4247105382,010 GENERAL OPERATING FD,68 REGISTER OF WILLS
2018,1,3,03 MATERIALS AND SUPPLIES,325,PRINTING                            0325,10,68,155850,4247261232,4247261232,4247261232,4228382,173850,155850,155850,4247261232,010 GENERAL OPERATING FD,68 REGISTER OF WILLS
2018,1,4,04 EQUIPMENT,420,OFFICE EQUIPMENT                    0420,10,68,900,4247262132,4247262132,4247262132,4229282,900,900,900,4247262132,010 GENERAL OPERATING FD,68 REGISTER OF WILLS
2018,1,4,04 EQUIPMENT,427,COMPUTER EQUIPMENT & PERIPHERALS    0427,10,68,15000,4247277132,4247277132,4247277132,4244282,15900,15000,15000,4247277132,010 GENERAL OPERATING FD,68 REGISTER OF WILLS
2018,1,1,01 PERSONAL SERVICES,100,SALARY CONTROL                      0100,10,69,500000,4247777132,4247777132,4247777132,500000,500000,500000,500000,4247777132,010 GENERAL OPERATING FD,69 DISTRICT ATTORNEY
2018,1,1,01 PERSONAL SERVICES,101,PERM FULL TIME-CIVILIAN             0101,10,69,1185058,4248962190,4248962190,4248962190,1685058,1685058,30804041,1185058,4248962190,010 GENERAL OPERATING FD,69 DISTRICT ATTORNEY
2018,1,1,01 PERSONAL SERVICES,101,PERM FULL TIME-CIVILIAN             0101,10,69,3049398,4252011588,4252011588,4252011588,4734456,4734456,30804041,4234456,4252011588,010 GENERAL OPERATING FD,69 DISTRICT ATTORNEY
2018,1,1,01 PERSONAL SERVICES,101,PERM FULL TIME-CIVILIAN             0101,10,69,4804132,4256815720,4256815720,4256815720,9538588,9538588,30804041,9038588,4256815720,010 GENERAL OPERATING FD,69 DISTRICT ATTORNEY
2018,1,1,01 PERSONAL SERVICES,101,PERM FULL TIME-CIVILIAN             0101,10,69,5436405,4262252125,4262252125,4262252125,14974993,14974993,30804041,14474993,4262252125,010 GENERAL OPERATING FD,69 DISTRICT ATTORNEY
2018,1,1,01 PERSONAL SERVICES,101,PERM FULL TIME-CIVILIAN             0101,10,69,1838641,4264090766,4264090766,4264090766,16813634,16813634,30804041,16313634,4264090766,010 GENERAL OPERATING FD,69 DISTRICT ATTORNEY
2018,1,1,01 PERSONAL SERVICES,101,PERM FULL TIME-CIVILIAN             0101,10,69,12975086,4277065852,4277065852,4277065852,29788720,29788720,30804041,29288720,4277065852,010 GENERAL OPERATING FD,69 DISTRICT ATTORNEY
2018,1,1,01 PERSONAL SERVICES,101,PERM FULL TIME-CIVILIAN             0101,10,69,1515321,4278581173,4278581173,4278581173,31304041,31304041,30804041,30804041,4278581173,010 GENERAL OPERATING FD,69 DISTRICT ATTORNEY
2018,1,1,01 PERSONAL SERVICES,105,PERM FULL TIME-UNIFORM              0105,10,69,2729401,4281310574,4281310574,4281310574,34033442,34033442,2812471,2729401,4281310574,010 GENERAL OPERATING FD,69 DISTRICT ATTORNEY
2018,1,1,01 PERSONAL SERVICES,105,PERM FULL TIME-UNIFORM              0105,10,69,83070,4281393644,4281393644,4281393644,34116512,34116512,2812471,2812471,4281393644,010 GENERAL OPERATING FD,69 DISTRICT ATTORNEY
2018,1,1,01 PERSONAL SERVICES,109,PLUS/MINUS GROSS ADJ                0109,10,69,18000,4281411644,4281411644,4281411644,34134512,34134512,58249,18000,4281411644,010 GENERAL OPERATING FD,69 DISTRICT ATTORNEY
2018,1,1,01 PERSONAL SERVICES,109,PLUS/MINUS GROSS ADJ                0109,10,69,14300,4281425944,4281425944,4281425944,34148812,34148812,58249,32300,4281425944,010 GENERAL OPERATING FD,69 DISTRICT ATTORNEY
2018,1,1,01 PERSONAL SERVICES,109,PLUS/MINUS GROSS ADJ                0109,10,69,5255,4281431199,4281431199,4281431199,34154067,34154067,58249,37555,4281431199,010 GENERAL OPERATING FD,69 DISTRICT ATTORNEY
2018,1,1,01 PERSONAL SERVICES,109,PLUS/MINUS GROSS ADJ                0109,10,69,20694,4281451893,4281451893,4281451893,34174761,34174761,58249,58249,4281451893,010 GENERAL OPERATING FD,69 DISTRICT ATTORNEY
2018,1,1,01 PERSONAL SERVICES,110,UNIFORM STRESS PAY                  0110,10,69,4916,4281456809,4281456809,4281456809,34179677,34179677,156067,4916,4281456809,010 GENERAL OPERATING FD,69 DISTRICT ATTORNEY
2018,1,1,01 PERSONAL SERVICES,110,UNIFORM STRESS PAY                  0110,10,69,151151,4281607960,4281607960,4281607960,34330828,34330828,156067,156067,4281607960,010 GENERAL OPERATING FD,69 DISTRICT ATTORNEY
2018,1,1,01 PERSONAL SERVICES,111,PERM PART TIME                      0111,10,69,36600,4281644560,4281644560,4281644560,34367428,34367428,68653,36600,4281644560,010 GENERAL OPERATING FD,69 DISTRICT ATTORNEY
2018,1,1,01 PERSONAL SERVICES,111,PERM PART TIME                      0111,10,69,32053,4281676613,4281676613,4281676613,34399481,34399481,68653,68653,4281676613,010 GENERAL OPERATING FD,69 DISTRICT ATTORNEY
2018,1,1,01 PERSONAL SERVICES,121,TEMPORARY/SEASONAL                  0121,10,69,20046,4281696659,4281696659,4281696659,34419527,34419527,96046,20046,4281696659,010 GENERAL OPERATING FD,69 DISTRICT ATTORNEY
2018,1,1,01 PERSONAL SERVICES,121,TEMPORARY/SEASONAL                  0121,10,69,76000,4281772659,4281772659,4281772659,34495527,34495527,96046,96046,4281772659,010 GENERAL OPERATING FD,69 DISTRICT ATTORNEY
2018,1,1,01 PERSONAL SERVICES,161,OVERTIME-CIVILIAN                   0161,10,69,3819,4281776478,4281776478,4281776478,34499346,34499346,3819,3819,4281776478,010 GENERAL OPERATING FD,69 DISTRICT ATTORNEY
2018,1,1,01 PERSONAL SERVICES,165,OVERTIME/SHIFT-UNIFORM              0165,10,69,70000,4281846478,4281846478,4281846478,34569346,34569346,70000,70000,4281846478,010 GENERAL OPERATING FD,69 DISTRICT ATTORNEY
2018,1,1,01 PERSONAL SERVICES,175,HOLIDAY PAY-ANNUAL                  0175,10,69,117324,4281963802,4281963802,4281963802,34686670,34686670,117324,117324,4281963802,010 GENERAL OPERATING FD,69 DISTRICT ATTORNEY
2018,1,2,02 PURCHASE OF SERVICES,201,CLEANING AND LAUNDERING             0201,10,69,20900,4281984702,4281984702,4281984702,34707570,20900,20900,20900,4281984702,010 GENERAL OPERATING FD,69 DISTRICT ATTORNEY
2018,1,2,02 PURCHASE OF SERVICES,209,TELEPHONE                           0209,10,69,10000,4281994702,4281994702,4281994702,34717570,30900,35000,10000,4281994702,010 GENERAL OPERATING FD,69 DISTRICT ATTORNEY
2018,1,2,02 PURCHASE OF SERVICES,209,TELEPHONE                           0209,10,69,25000,4282019702,4282019702,4282019702,34742570,55900,35000,35000,4282019702,010 GENERAL OPERATING FD,69 DISTRICT ATTORNEY
2018,1,2,02 PURCHASE OF SERVICES,210,POSTAGE                             0210,10,69,88919,4282108621,4282108621,4282108621,34831489,144819,91419,88919,4282108621,010 GENERAL OPERATING FD,69 DISTRICT ATTORNEY
2018,1,2,02 PURCHASE OF SERVICES,210,POSTAGE                             0210,10,69,2500,4282111121,4282111121,4282111121,34833989,147319,91419,91419,4282111121,010 GENERAL OPERATING FD,69 DISTRICT ATTORNEY
2018,1,2,02 PURCHASE OF SERVICES,211,TRANSPORTATION                      0211,10,69,100000,4282211121,4282211121,4282211121,34933989,247319,101500,100000,4282211121,010 GENERAL OPERATING FD,69 DISTRICT ATTORNEY
2018,1,2,02 PURCHASE OF SERVICES,211,TRANSPORTATION                      0211,10,69,1500,4282212621,4282212621,4282212621,34935489,248819,101500,101500,4282212621,010 GENERAL OPERATING FD,69 DISTRICT ATTORNEY
2018,1,2,02 PURCHASE OF SERVICES,216,COMMERCIAL OFF-SHELF COMP SOFTWARE  0216,10,69,135581,4282348202,4282348202,4282348202,35071070,384400,135581,135581,4282348202,010 GENERAL OPERATING FD,69 DISTRICT ATTORNEY
2018,1,2,02 PURCHASE OF SERVICES,230,MEALS-NON-TRAVEL & OFFICL ENTERTAIN 0230,10,69,1500,4282349702,4282349702,4282349702,35072570,385900,2500,1500,4282349702,010 GENERAL OPERATING FD,69 DISTRICT ATTORNEY
2018,1,2,02 PURCHASE OF SERVICES,230,MEALS-NON-TRAVEL & OFFICL ENTERTAIN 0230,10,69,1000,4282350702,4282350702,4282350702,35073570,386900,2500,2500,4282350702,010 GENERAL OPERATING FD,69 DISTRICT ATTORNEY
2018,1,2,02 PURCHASE OF SERVICES,231,OVERTIME MEALS                      0231,10,69,2500,4282353202,4282353202,4282353202,35076070,389400,2500,2500,4282353202,010 GENERAL OPERATING FD,69 DISTRICT ATTORNEY
2018,1,2,02 PURCHASE OF SERVICES,240,ADVERTISING/PROMOTIONAL ACTIVITIES  0240,10,69,1000,4282354202,4282354202,4282354202,35077070,390400,2500,1000,4282354202,010 GENERAL OPERATING FD,69 DISTRICT ATTORNEY
2018,1,2,02 PURCHASE OF SERVICES,240,ADVERTISING/PROMOTIONAL ACTIVITIES  0240,10,69,1500,4282355702,4282355702,4282355702,35078570,391900,2500,2500,4282355702,010 GENERAL OPERATING FD,69 DISTRICT ATTORNEY
2018,1,2,02 PURCHASE OF SERVICES,250,PROFESSIONAL CONSULT/SPEC SERVICES  0250,10,69,1692299,4284048001,4284048001,4284048001,36770869,2084199,1918163,1692299,4284048001,010 GENERAL OPERATING FD,69 DISTRICT ATTORNEY
2018,1,2,02 PURCHASE OF SERVICES,250,PROFESSIONAL CONSULT/SPEC SERVICES  0250,10,69,100000,4284148001,4284148001,4284148001,36870869,2184199,1918163,1792299,4284148001,010 GENERAL OPERATING FD,69 DISTRICT ATTORNEY
2018,1,2,02 PURCHASE OF SERVICES,250,PROFESSIONAL CONSULT/SPEC SERVICES  0250,10,69,125864,4284273865,4284273865,4284273865,36996733,2310063,1918163,1918163,4284273865,010 GENERAL OPERATING FD,69 DISTRICT ATTORNEY
2018,1,2,02 PURCHASE OF SERVICES,251,INFORMATION TECHNOLOGY-PROF SERVICE 0251,10,69,45000,4284318865,4284318865,4284318865,37041733,2355063,45000,45000,4284318865,010 GENERAL OPERATING FD,69 DISTRICT ATTORNEY
2018,1,2,02 PURCHASE OF SERVICES,255,DUES                                0255,10,69,3000,4284321865,4284321865,4284321865,37044733,2358063,5300,3000,4284321865,010 GENERAL OPERATING FD,69 DISTRICT ATTORNEY
2018,1,2,02 PURCHASE OF SERVICES,255,DUES                                0255,10,69,2300,4284324165,4284324165,4284324165,37047033,2360363,5300,5300,4284324165,010 GENERAL OPERATING FD,69 DISTRICT ATTORNEY
2018,1,2,02 PURCHASE OF SERVICES,256,SEMINAR AND TRAINING SESSIONS       0256,10,69,5000,4284329165,4284329165,4284329165,37052033,2365363,8000,5000,4284329165,010 GENERAL OPERATING FD,69 DISTRICT ATTORNEY
2018,1,2,02 PURCHASE OF SERVICES,256,SEMINAR AND TRAINING SESSIONS       0256,10,69,3000,4284332165,4284332165,4284332165,37055033,2368363,8000,8000,4284332165,010 GENERAL OPERATING FD,69 DISTRICT ATTORNEY
2018,1,2,02 PURCHASE OF SERVICES,260,REPAIR AND MAINTENANCE CHARGES      0260,10,69,55000,4284387165,4284387165,4284387165,37110033,2423363,57760,55000,4284387165,010 GENERAL OPERATING FD,69 DISTRICT ATTORNEY
2018,1,2,02 PURCHASE OF SERVICES,260,REPAIR AND MAINTENANCE CHARGES      0260,10,69,1500,4284388665,4284388665,4284388665,37111533,2424863,57760,56500,4284388665,010 GENERAL OPERATING FD,69 DISTRICT ATTORNEY
2018,1,2,02 PURCHASE OF SERVICES,260,REPAIR AND MAINTENANCE CHARGES      0260,10,69,1260,4284389925,4284389925,4284389925,37112793,2426123,57760,57760,4284389925,010 GENERAL OPERATING FD,69 DISTRICT ATTORNEY
2018,1,2,02 PURCHASE OF SERVICES,266,MAINT/SUPPORT-COMPUTR HARDWARE/SOFT 0266,10,69,60000,4284449925,4284449925,4284449925,37172793,2486123,61500,60000,4284449925,010 GENERAL OPERATING FD,69 DISTRICT ATTORNEY
2018,1,2,02 PURCHASE OF SERVICES,266,MAINT/SUPPORT-COMPUTR HARDWARE/SOFT 0266,10,69,1500,4284451425,4284451425,4284451425,37174293,2487623,61500,61500,4284451425,010 GENERAL OPERATING FD,69 DISTRICT ATTORNEY
2018,1,2,02 PURCHASE OF SERVICES,284,GROUND AND BUILDING RENTAL          0284,10,69,68973,4284520398,4284520398,4284520398,37243266,2556596,68973,68973,4284520398,010 GENERAL OPERATING FD,69 DISTRICT ATTORNEY
2018,1,2,02 PURCHASE OF SERVICES,285,RENTS                               0285,10,69,30000,4284550398,4284550398,4284550398,37273266,2586596,30000,30000,4284550398,010 GENERAL OPERATING FD,69 DISTRICT ATTORNEY
2018,1,2,02 PURCHASE OF SERVICES,299,OTHER EXPENSES (NOT OTHRWSE CLSSFD) 0299,10,69,7700,4284558098,4284558098,4284558098,37280966,2594296,7700,7700,4284558098,010 GENERAL OPERATING FD,69 DISTRICT ATTORNEY
2018,1,3,03 MATERIALS AND SUPPLIES,304,BOOKS AND OTHER PUBLICATIONS        0304,10,69,3350,4284561448,4284561448,4284561448,37284316,3350,38350,3350,4284561448,010 GENERAL OPERATING FD,69 DISTRICT ATTORNEY
2018,1,3,03 MATERIALS AND SUPPLIES,304,BOOKS AND OTHER PUBLICATIONS        0304,10,69,35000,4284596448,4284596448,4284596448,37319316,38350,38350,38350,4284596448,010 GENERAL OPERATING FD,69 DISTRICT ATTORNEY
2018,1,3,03 MATERIALS AND SUPPLIES,308,DRY GOODS/NOTIONS/WEARING APPAREL   0308,10,69,20900,4284617348,4284617348,4284617348,37340216,59250,20900,20900,4284617348,010 GENERAL OPERATING FD,69 DISTRICT ATTORNEY
2018,1,3,03 MATERIALS AND SUPPLIES,320,OFFICE MATERIALS AND SUPPLIES       0320,10,69,379541,4284996889,4284996889,4284996889,37719757,438791,385541,379541,4284996889,010 GENERAL OPERATING FD,69 DISTRICT ATTORNEY
2018,1,3,03 MATERIALS AND SUPPLIES,320,OFFICE MATERIALS AND SUPPLIES       0320,10,69,4500,4285001389,4285001389,4285001389,37724257,443291,385541,384041,4285001389,010 GENERAL OPERATING FD,69 DISTRICT ATTORNEY
2018,1,3,03 MATERIALS AND SUPPLIES,320,OFFICE MATERIALS AND SUPPLIES       0320,10,69,1500,4285002889,4285002889,4285002889,37725757,444791,385541,385541,4285002889,010 GENERAL OPERATING FD,69 DISTRICT ATTORNEY
2018,1,3,03 MATERIALS AND SUPPLIES,325,PRINTING                            0325,10,69,150,4285003039,4285003039,4285003039,37725907,444941,20150,150,4285003039,010 GENERAL OPERATING FD,69 DISTRICT ATTORNEY
2018,1,3,03 MATERIALS AND SUPPLIES,325,PRINTING                            0325,10,69,20000,4285023039,4285023039,4285023039,37745907,464941,20150,20150,4285023039,010 GENERAL OPERATING FD,69 DISTRICT ATTORNEY
2018,1,4,04 EQUIPMENT,420,OFFICE EQUIPMENT                    0420,10,69,19926,4285042965,4285042965,4285042965,37765833,19926,19926,19926,4285042965,010 GENERAL OPERATING FD,69 DISTRICT ATTORNEY
2018,1,4,04 EQUIPMENT,427,COMPUTER EQUIPMENT & PERIPHERALS    0427,10,69,25000,4285067965,4285067965,4285067965,37790833,44926,25000,25000,4285067965,010 GENERAL OPERATING FD,69 DISTRICT ATTORNEY
2018,1,4,04 EQUIPMENT,430,FURNITURE AND FURNISHINGS           0430,10,69,14654,4285082619,4285082619,4285082619,37805487,59580,14654,14654,4285082619,010 GENERAL OPERATING FD,69 DISTRICT ATTORNEY
2018,1,4,04 EQUIPMENT,499,OTHER EQUIPMENT (NOC)               0499,10,69,5000,4285087619,4285087619,4285087619,37810487,64580,5000,5000,4285087619,010 GENERAL OPERATING FD,69 DISTRICT ATTORNEY
2018,1,1,01 PERSONAL SERVICES,100,SALARY CONTROL                      0100,10,70,43512,4285131131,4285131131,4285131131,43512,43512,43512,43512,4285131131,010 GENERAL OPERATING FD,70 SHERIFF
2018,1,1,01 PERSONAL SERVICES,101,PERM FULL TIME-CIVILIAN             0101,10,70,19074300,4304205431,4304205431,4304205431,19117812,19117812,19074300,19074300,4304205431,010 GENERAL OPERATING FD,70 SHERIFF
2018,1,1,01 PERSONAL SERVICES,121,TEMPORARY/SEASONAL                  0121,10,70,14453,4304219884,4304219884,4304219884,19132265,19132265,14453,14453,4304219884,010 GENERAL OPERATING FD,70 SHERIFF
2018,1,1,01 PERSONAL SERVICES,152,UNIFORM IOD PAY (HEART & LUNG)      0152,10,70,35196,4304255080,4304255080,4304255080,19167461,19167461,35196,35196,4304255080,010 GENERAL OPERATING FD,70 SHERIFF
2018,1,1,01 PERSONAL SERVICES,161,OVERTIME-CIVILIAN                   0161,10,70,2276185,4306531265,4306531265,4306531265,21443646,21443646,2276185,2276185,4306531265,010 GENERAL OPERATING FD,70 SHERIFF
2018,1,1,01 PERSONAL SERVICES,171,"HOLIDAY ""G""(2/3 SHIFTS)             0171",10,70,50000,4306581265,4306581265,4306581265,21493646,21493646,50000,50000,4306581265,010 GENERAL OPERATING FD,70 SHERIFF
2018,1,1,01 PERSONAL SERVICES,181,SHIFT                               0181,10,70,29004,4306610269,4306610269,4306610269,21522650,21522650,29004,29004,4306610269,010 GENERAL OPERATING FD,70 SHERIFF
2018,1,2,02 PURCHASE OF SERVICES,201,CLEANING AND LAUNDERING             0201,10,70,145004,4306755273,4306755273,4306755273,21667654,145004,145004,145004,4306755273,010 GENERAL OPERATING FD,70 SHERIFF
2018,1,2,02 PURCHASE OF SERVICES,209,TELEPHONE                           0209,10,70,50000,4306805273,4306805273,4306805273,21717654,195004,50000,50000,4306805273,010 GENERAL OPERATING FD,70 SHERIFF
2018,1,2,02 PURCHASE OF SERVICES,211,TRANSPORTATION                      0211,10,70,200000,4307005273,4307005273,4307005273,21917654,395004,200000,200000,4307005273,010 GENERAL OPERATING FD,70 SHERIFF
2018,1,2,02 PURCHASE OF SERVICES,230,MEALS-NON-TRAVEL & OFFICL ENTERTAIN 0230,10,70,396023,4307401296,4307401296,4307401296,22313677,791027,396023,396023,4307401296,010 GENERAL OPERATING FD,70 SHERIFF
2018,1,2,02 PURCHASE OF SERVICES,250,PROFESSIONAL CONSULT/SPEC SERVICES  0250,10,70,9700,4307410996,4307410996,4307410996,22323377,800727,9700,9700,4307410996,010 GENERAL OPERATING FD,70 SHERIFF
2018,1,2,02 PURCHASE OF SERVICES,251,INFORMATION TECHNOLOGY-PROF SERVICE 0251,10,70,120000,4307530996,4307530996,4307530996,22443377,920727,120000,120000,4307530996,010 GENERAL OPERATING FD,70 SHERIFF
2018,1,2,02 PURCHASE OF SERVICES,252,ACCOUNTING AND AUDITING SERVICES    0252,10,70,38800,4307569796,4307569796,4307569796,22482177,959527,38800,38800,4307569796,010 GENERAL OPERATING FD,70 SHERIFF
2018,1,2,02 PURCHASE OF SERVICES,256,SEMINAR AND TRAINING SESSIONS       0256,10,70,39190,4307608986,4307608986,4307608986,22521367,998717,39190,39190,4307608986,010 GENERAL OPERATING FD,70 SHERIFF
2018,1,2,02 PURCHASE OF SERVICES,258,COURT REPORTERS                     0258,10,70,2760,4307611746,4307611746,4307611746,22524127,1001477,2760,2760,4307611746,010 GENERAL OPERATING FD,70 SHERIFF
2018,1,2,02 PURCHASE OF SERVICES,260,REPAIR AND MAINTENANCE CHARGES      0260,10,70,17779,4307629525,4307629525,4307629525,22541906,1019256,17779,17779,4307629525,010 GENERAL OPERATING FD,70 SHERIFF
2018,1,2,02 PURCHASE OF SERVICES,266,MAINT/SUPPORT-COMPUTR HARDWARE/SOFT 0266,10,70,50000,4307679525,4307679525,4307679525,22591906,1069256,50000,50000,4307679525,010 GENERAL OPERATING FD,70 SHERIFF
2018,1,2,02 PURCHASE OF SERVICES,285,RENTS                               0285,10,70,13788,4307693313,4307693313,4307693313,22605694,1083044,13788,13788,4307693313,010 GENERAL OPERATING FD,70 SHERIFF
2018,1,2,02 PURCHASE OF SERVICES,299,OTHER EXPENSES (NOT OTHRWSE CLSSFD) 0299,10,70,22223,4307715536,4307715536,4307715536,22627917,1105267,22223,22223,4307715536,010 GENERAL OPERATING FD,70 SHERIFF
2018,1,3,03 MATERIALS AND SUPPLIES,308,DRY GOODS/NOTIONS/WEARING APPAREL   0308,10,70,230000,4307945536,4307945536,4307945536,22857917,230000,230000,230000,4307945536,010 GENERAL OPERATING FD,70 SHERIFF
2018,1,3,03 MATERIALS AND SUPPLIES,310,ELECTRICAL AND COMMUNICATION        0310,10,70,2900,4307948436,4307948436,4307948436,22860817,232900,2900,2900,4307948436,010 GENERAL OPERATING FD,70 SHERIFF
2018,1,3,03 MATERIALS AND SUPPLIES,312,FIRE FIGHTING AND SAFETY            0312,10,70,40000,4307988436,4307988436,4307988436,22900817,272900,40000,40000,4307988436,010 GENERAL OPERATING FD,70 SHERIFF
2018,1,3,03 MATERIALS AND SUPPLIES,313,FOOD                                0313,10,70,14739,4308003175,4308003175,4308003175,22915556,287639,14739,14739,4308003175,010 GENERAL OPERATING FD,70 SHERIFF
2018,1,3,03 MATERIALS AND SUPPLIES,317,HOSPITAL AND LABORATORY             0317,10,70,3000,4308006175,4308006175,4308006175,22918556,290639,3000,3000,4308006175,010 GENERAL OPERATING FD,70 SHERIFF
2018,1,3,03 MATERIALS AND SUPPLIES,318,"JANITORIAL, LAUNDRY AND HOUSEHOLD   0318",10,70,6000,4308012175,4308012175,4308012175,22924556,296639,6000,6000,4308012175,010 GENERAL OPERATING FD,70 SHERIFF
2018,1,3,03 MATERIALS AND SUPPLIES,320,OFFICE MATERIALS AND SUPPLIES       0320,10,70,35000,4308047175,4308047175,4308047175,22959556,331639,35000,35000,4308047175,010 GENERAL OPERATING FD,70 SHERIFF
2018,1,3,03 MATERIALS AND SUPPLIES,325,PRINTING                            0325,10,70,8000,4308055175,4308055175,4308055175,22967556,339639,8000,8000,4308055175,010 GENERAL OPERATING FD,70 SHERIFF
2018,1,3,03 MATERIALS AND SUPPLIES,326,RECREATIONAL AND EDUCATIONAL        0326,10,70,3000,4308058175,4308058175,4308058175,22970556,342639,3000,3000,4308058175,010 GENERAL OPERATING FD,70 SHERIFF
2018,1,3,03 MATERIALS AND SUPPLIES,345,GASOLINE                            0345,10,70,35000,4308093175,4308093175,4308093175,23005556,377639,35000,35000,4308093175,010 GENERAL OPERATING FD,70 SHERIFF
2018,1,3,03 MATERIALS AND SUPPLIES,399,OTHER MATERIALS AND SUPPLIES (NOC)  0399,10,70,25000,4308118175,4308118175,4308118175,23030556,402639,25000,25000,4308118175,010 GENERAL OPERATING FD,70 SHERIFF
2018,1,4,04 EQUIPMENT,423,PLUMBING/AIR CONDITIONING/SPACE HTG 0423,10,70,307,4308118482,4308118482,4308118482,23030863,307,307,307,4308118482,010 GENERAL OPERATING FD,70 SHERIFF
2018,1,4,04 EQUIPMENT,424,"PRECISION, PHOTOGRAPHIC AND ARTIST  0424",10,70,1321,4308119803,4308119803,4308119803,23032184,1628,1321,1321,4308119803,010 GENERAL OPERATING FD,70 SHERIFF
2018,1,4,04 EQUIPMENT,427,COMPUTER EQUIPMENT & PERIPHERALS    0427,10,70,15000,4308134803,4308134803,4308134803,23047184,16628,15000,15000,4308134803,010 GENERAL OPERATING FD,70 SHERIFF
2018,1,4,04 EQUIPMENT,430,FURNITURE AND FURNISHINGS           0430,10,70,24640,4308159443,4308159443,4308159443,23071824,41268,24640,24640,4308159443,010 GENERAL OPERATING FD,70 SHERIFF
2018,1,1,01 PERSONAL SERVICES,101,PERM FULL TIME-CIVILIAN             0101,10,72,115000,4308274443,4308274443,4308274443,115000,115000,3719503,115000,4308274443,010 GENERAL OPERATING FD,72 PLANNING & DEVELOPMENT
2018,1,1,01 PERSONAL SERVICES,101,PERM FULL TIME-CIVILIAN             0101,10,72,82282,4308356725,4308356725,4308356725,197282,197282,3719503,197282,4308356725,010 GENERAL OPERATING FD,72 PLANNING & DEVELOPMENT
2018,1,1,01 PERSONAL SERVICES,101,PERM FULL TIME-CIVILIAN             0101,10,72,421524,4308778249,4308778249,4308778249,618806,618806,3719503,618806,4308778249,010 GENERAL OPERATING FD,72 PLANNING & DEVELOPMENT
2018,1,1,01 PERSONAL SERVICES,101,PERM FULL TIME-CIVILIAN             0101,10,72,322721,4309100970,4309100970,4309100970,941527,941527,3719503,941527,4309100970,010 GENERAL OPERATING FD,72 PLANNING & DEVELOPMENT
2018,1,1,01 PERSONAL SERVICES,101,PERM FULL TIME-CIVILIAN             0101,10,72,228708,4309329678,4309329678,4309329678,1170235,1170235,3719503,1170235,4309329678,010 GENERAL OPERATING FD,72 PLANNING & DEVELOPMENT
2018,1,1,01 PERSONAL SERVICES,101,PERM FULL TIME-CIVILIAN             0101,10,72,745351,4310075029,4310075029,4310075029,1915586,1915586,3719503,1915586,4310075029,010 GENERAL OPERATING FD,72 PLANNING & DEVELOPMENT
2018,1,1,01 PERSONAL SERVICES,101,PERM FULL TIME-CIVILIAN             0101,10,72,239437,4310314466,4310314466,4310314466,2155023,2155023,3719503,2155023,4310314466,010 GENERAL OPERATING FD,72 PLANNING & DEVELOPMENT
2018,1,1,01 PERSONAL SERVICES,101,PERM FULL TIME-CIVILIAN             0101,10,72,518450,4310832916,4310832916,4310832916,2673473,2673473,3719503,2673473,4310832916,010 GENERAL OPERATING FD,72 PLANNING & DEVELOPMENT
2018,1,1,01 PERSONAL SERVICES,101,PERM FULL TIME-CIVILIAN             0101,10,72,233460,4311066376,4311066376,4311066376,2906933,2906933,3719503,2906933,4311066376,010 GENERAL OPERATING FD,72 PLANNING & DEVELOPMENT
2018,1,1,01 PERSONAL SERVICES,101,PERM FULL TIME-CIVILIAN             0101,10,72,377864,4311444240,4311444240,4311444240,3284797,3284797,3719503,3284797,4311444240,010 GENERAL OPERATING FD,72 PLANNING & DEVELOPMENT
2018,1,1,01 PERSONAL SERVICES,101,PERM FULL TIME-CIVILIAN             0101,10,72,175166,4311619406,4311619406,4311619406,3459963,3459963,3719503,3459963,4311619406,010 GENERAL OPERATING FD,72 PLANNING & DEVELOPMENT
2018,1,1,01 PERSONAL SERVICES,101,PERM FULL TIME-CIVILIAN             0101,10,72,259540,4311878946,4311878946,4311878946,3719503,3719503,3719503,3719503,4311878946,010 GENERAL OPERATING FD,72 PLANNING & DEVELOPMENT
2018,1,1,01 PERSONAL SERVICES,109,PLUS/MINUS GROSS ADJ                0109,10,72,28258,4311907204,4311907204,4311907204,3747761,3747761,51008,28258,4311907204,010 GENERAL OPERATING FD,72 PLANNING & DEVELOPMENT
2018,1,1,01 PERSONAL SERVICES,109,PLUS/MINUS GROSS ADJ                0109,10,72,22750,4311929954,4311929954,4311929954,3770511,3770511,51008,51008,4311929954,010 GENERAL OPERATING FD,72 PLANNING & DEVELOPMENT
2018,1,1,01 PERSONAL SERVICES,131,BOARD                               0131,10,72,121069,4312051023,4312051023,4312051023,3891580,3891580,128797,121069,4312051023,010 GENERAL OPERATING FD,72 PLANNING & DEVELOPMENT
2018,1,1,01 PERSONAL SERVICES,131,BOARD                               0131,10,72,5152,4312056175,4312056175,4312056175,3896732,3896732,128797,126221,4312056175,010 GENERAL OPERATING FD,72 PLANNING & DEVELOPMENT
2018,1,1,01 PERSONAL SERVICES,131,BOARD                               0131,10,72,2576,4312058751,4312058751,4312058751,3899308,3899308,128797,128797,4312058751,010 GENERAL OPERATING FD,72 PLANNING & DEVELOPMENT
2018,1,2,02 PURCHASE OF SERVICES,205,REFUSE/GARBAGE/SILT/SLUDGE REMOVAL  0205,10,72,200,4312058951,4312058951,4312058951,3899508,200,200,200,4312058951,010 GENERAL OPERATING FD,72 PLANNING & DEVELOPMENT
2018,1,2,02 PURCHASE OF SERVICES,210,POSTAGE                             0210,10,72,500,4312059451,4312059451,4312059451,3900008,700,1000,500,4312059451,010 GENERAL OPERATING FD,72 PLANNING & DEVELOPMENT
2018,1,2,02 PURCHASE OF SERVICES,210,POSTAGE                             0210,10,72,500,4312059951,4312059951,4312059951,3900508,1200,1000,1000,4312059951,010 GENERAL OPERATING FD,72 PLANNING & DEVELOPMENT
2018,1,2,02 PURCHASE OF SERVICES,211,TRANSPORTATION                      0211,10,72,8500,4312068451,4312068451,4312068451,3909008,9700,23500,8500,4312068451,010 GENERAL OPERATING FD,72 PLANNING & DEVELOPMENT
2018,1,2,02 PURCHASE OF SERVICES,211,TRANSPORTATION                      0211,10,72,15000,4312083451,4312083451,4312083451,3924008,24700,23500,23500,4312083451,010 GENERAL OPERATING FD,72 PLANNING & DEVELOPMENT
2018,1,2,02 PURCHASE OF SERVICES,216,COMMERCIAL OFF-SHELF COMP SOFTWARE  0216,10,72,3500,4312086951,4312086951,4312086951,3927508,28200,3500,3500,4312086951,010 GENERAL OPERATING FD,72 PLANNING & DEVELOPMENT
2018,1,2,02 PURCHASE OF SERVICES,230,MEALS-NON-TRAVEL & OFFICL ENTERTAIN 0230,10,72,2500,4312089451,4312089451,4312089451,3930008,30700,6500,2500,4312089451,010 GENERAL OPERATING FD,72 PLANNING & DEVELOPMENT
2018,1,2,02 PURCHASE OF SERVICES,230,MEALS-NON-TRAVEL & OFFICL ENTERTAIN 0230,10,72,4000,4312093451,4312093451,4312093451,3934008,34700,6500,6500,4312093451,010 GENERAL OPERATING FD,72 PLANNING & DEVELOPMENT
2018,1,2,02 PURCHASE OF SERVICES,250,PROFESSIONAL CONSULT/SPEC SERVICES  0250,10,72,3190000,4315283451,4315283451,4315283451,7124008,3224700,3210600,3190000,4315283451,010 GENERAL OPERATING FD,72 PLANNING & DEVELOPMENT
2018,1,2,02 PURCHASE OF SERVICES,250,PROFESSIONAL CONSULT/SPEC SERVICES  0250,10,72,10000,4315293451,4315293451,4315293451,7134008,3234700,3210600,3200000,4315293451,010 GENERAL OPERATING FD,72 PLANNING & DEVELOPMENT
2018,1,2,02 PURCHASE OF SERVICES,250,PROFESSIONAL CONSULT/SPEC SERVICES  0250,10,72,10600,4315304051,4315304051,4315304051,7144608,3245300,3210600,3210600,4315304051,010 GENERAL OPERATING FD,72 PLANNING & DEVELOPMENT
2018,1,2,02 PURCHASE OF SERVICES,255,DUES                                0255,10,72,5000,4315309051,4315309051,4315309051,7149608,3250300,7500,5000,4315309051,010 GENERAL OPERATING FD,72 PLANNING & DEVELOPMENT
2018,1,2,02 PURCHASE OF SERVICES,255,DUES                                0255,10,72,2500,4315311551,4315311551,4315311551,7152108,3252800,7500,7500,4315311551,010 GENERAL OPERATING FD,72 PLANNING & DEVELOPMENT
2018,1,2,02 PURCHASE OF SERVICES,256,SEMINAR AND TRAINING SESSIONS       0256,10,72,10000,4315321551,4315321551,4315321551,7162108,3262800,26392,10000,4315321551,010 GENERAL OPERATING FD,72 PLANNING & DEVELOPMENT
2018,1,2,02 PURCHASE OF SERVICES,256,SEMINAR AND TRAINING SESSIONS       0256,10,72,16392,4315337943,4315337943,4315337943,7178500,3279192,26392,26392,4315337943,010 GENERAL OPERATING FD,72 PLANNING & DEVELOPMENT
2018,1,2,02 PURCHASE OF SERVICES,258,COURT REPORTERS                     0258,10,72,35541,4315373484,4315373484,4315373484,7214041,3314733,35541,35541,4315373484,010 GENERAL OPERATING FD,72 PLANNING & DEVELOPMENT
2018,1,2,02 PURCHASE OF SERVICES,260,REPAIR AND MAINTENANCE CHARGES      0260,10,72,380,4315373864,4315373864,4315373864,7214421,3315113,380,380,4315373864,010 GENERAL OPERATING FD,72 PLANNING & DEVELOPMENT
2018,1,2,02 PURCHASE OF SERVICES,285,RENTS                               0285,10,72,30000,4315403864,4315403864,4315403864,7244421,3345113,30000,30000,4315403864,010 GENERAL OPERATING FD,72 PLANNING & DEVELOPMENT
2018,1,3,03 MATERIALS AND SUPPLIES,304,BOOKS AND OTHER PUBLICATIONS        0304,10,72,1000,4315404864,4315404864,4315404864,7245421,1000,2000,1000,4315404864,010 GENERAL OPERATING FD,72 PLANNING & DEVELOPMENT
2018,1,3,03 MATERIALS AND SUPPLIES,304,BOOKS AND OTHER PUBLICATIONS        0304,10,72,1000,4315405864,4315405864,4315405864,7246421,2000,2000,2000,4315405864,010 GENERAL OPERATING FD,72 PLANNING & DEVELOPMENT
2018,1,3,03 MATERIALS AND SUPPLIES,313,FOOD                                0313,10,72,3500,4315409364,4315409364,4315409364,7249921,5500,3500,3500,4315409364,010 GENERAL OPERATING FD,72 PLANNING & DEVELOPMENT
2018,1,3,03 MATERIALS AND SUPPLIES,320,OFFICE MATERIALS AND SUPPLIES       0320,10,72,5000,4315414364,4315414364,4315414364,7254921,10500,12772,5000,4315414364,010 GENERAL OPERATING FD,72 PLANNING & DEVELOPMENT
2018,1,3,03 MATERIALS AND SUPPLIES,320,OFFICE MATERIALS AND SUPPLIES       0320,10,72,7772,4315422136,4315422136,4315422136,7262693,18272,12772,12772,4315422136,010 GENERAL OPERATING FD,72 PLANNING & DEVELOPMENT
2018,1,3,03 MATERIALS AND SUPPLIES,322,SMALL POWER TOOLS AND HAND TOOLS    0322,10,72,10000,4315432136,4315432136,4315432136,7272693,28272,10000,10000,4315432136,010 GENERAL OPERATING FD,72 PLANNING & DEVELOPMENT
2018,1,3,03 MATERIALS AND SUPPLIES,323,PLUMBING/AIR CONDITIONING/SPACE HTG 0323,10,72,14652,4315446788,4315446788,4315446788,7287345,42924,14652,14652,4315446788,010 GENERAL OPERATING FD,72 PLANNING & DEVELOPMENT
2018,1,3,03 MATERIALS AND SUPPLIES,324,"PRECISION, PHOTOGRAPHIC AND ARTISTS 0324",10,72,500,4315447288,4315447288,4315447288,7287845,43424,500,500,4315447288,010 GENERAL OPERATING FD,72 PLANNING & DEVELOPMENT
2018,1,3,03 MATERIALS AND SUPPLIES,325,PRINTING                            0325,10,72,37,4315447325,4315447325,4315447325,7287882,43461,5537,37,4315447325,010 GENERAL OPERATING FD,72 PLANNING & DEVELOPMENT
2018,1,3,03 MATERIALS AND SUPPLIES,325,PRINTING                            0325,10,72,5500,4315452825,4315452825,4315452825,7293382,48961,5537,5537,4315452825,010 GENERAL OPERATING FD,72 PLANNING & DEVELOPMENT
2018,1,4,04 EQUIPMENT,427,COMPUTER EQUIPMENT & PERIPHERALS    0427,10,72,7500,4315460325,4315460325,4315460325,7300882,7500,20500,7500,4315460325,010 GENERAL OPERATING FD,72 PLANNING & DEVELOPMENT
2018,1,4,04 EQUIPMENT,427,COMPUTER EQUIPMENT & PERIPHERALS    0427,10,72,13000,4315473325,4315473325,4315473325,7313882,20500,20500,20500,4315473325,010 GENERAL OPERATING FD,72 PLANNING & DEVELOPMENT
2018,1,4,04 EQUIPMENT,430,FURNITURE AND FURNISHINGS           0430,10,72,32000,4315505325,4315505325,4315505325,7345882,52500,32000,32000,4315505325,010 GENERAL OPERATING FD,72 PLANNING & DEVELOPMENT
2018,1,5,"05 CONTRIBUTIONS,INDEMNITIES,REFDS,TAXES",517,CONTRIBUTIONS-GOV & NON-PROF NOT ED 0517,10,72,850000,4316355325,4316355325,4316355325,8195882,850000,850000,850000,4316355325,010 GENERAL OPERATING FD,72 PLANNING & DEVELOPMENT
2018,1,1,01 PERSONAL SERVICES,101,PERM FULL TIME-CIVILIAN             0101,10,73,1432869,4317788194,4317788194,4317788194,1432869,1432869,4484481,1432869,4317788194,010 GENERAL OPERATING FD,73 CITY COMMISSIONERS
2018,1,1,01 PERSONAL SERVICES,101,PERM FULL TIME-CIVILIAN             0101,10,73,3051612,4320839806,4320839806,4320839806,4484481,4484481,4484481,4484481,4320839806,010 GENERAL OPERATING FD,73 CITY COMMISSIONERS
2018,1,1,01 PERSONAL SERVICES,109,PLUS/MINUS GROSS ADJ                0109,10,73,18000,4320857806,4320857806,4320857806,4502481,4502481,60000,18000,4320857806,010 GENERAL OPERATING FD,73 CITY COMMISSIONERS
2018,1,1,01 PERSONAL SERVICES,109,PLUS/MINUS GROSS ADJ                0109,10,73,42000,4320899806,4320899806,4320899806,4544481,4544481,60000,60000,4320899806,010 GENERAL OPERATING FD,73 CITY COMMISSIONERS
2018,1,1,01 PERSONAL SERVICES,121,TEMPORARY/SEASONAL                  0121,10,73,5817,4320905623,4320905623,4320905623,4550298,4550298,447817,5817,4320905623,010 GENERAL OPERATING FD,73 CITY COMMISSIONERS
2018,1,1,01 PERSONAL SERVICES,121,TEMPORARY/SEASONAL                  0121,10,73,442000,4321347623,4321347623,4321347623,4992298,4992298,447817,447817,4321347623,010 GENERAL OPERATING FD,73 CITY COMMISSIONERS
2018,1,1,01 PERSONAL SERVICES,161,OVERTIME-CIVILIAN                   0161,10,73,67000,4321414623,4321414623,4321414623,5059298,5059298,841419,67000,4321414623,010 GENERAL OPERATING FD,73 CITY COMMISSIONERS
2018,1,1,01 PERSONAL SERVICES,161,OVERTIME-CIVILIAN                   0161,10,73,774419,4322189042,4322189042,4322189042,5833717,5833717,841419,841419,4322189042,010 GENERAL OPERATING FD,73 CITY COMMISSIONERS
2018,1,1,01 PERSONAL SERVICES,171,"HOLIDAY ""G""(2/3 SHIFTS)             0171",10,73,2000,4322191042,4322191042,4322191042,5835717,5835717,35300,2000,4322191042,010 GENERAL OPERATING FD,73 CITY COMMISSIONERS
2018,1,1,01 PERSONAL SERVICES,171,"HOLIDAY ""G""(2/3 SHIFTS)             0171",10,73,33300,4322224342,4322224342,4322224342,5869017,5869017,35300,35300,4322224342,010 GENERAL OPERATING FD,73 CITY COMMISSIONERS
2018,1,1,01 PERSONAL SERVICES,181,SHIFT                               0181,10,73,183,4322224525,4322224525,4322224525,5869200,5869200,2683,183,4322224525,010 GENERAL OPERATING FD,73 CITY COMMISSIONERS
2018,1,1,01 PERSONAL SERVICES,181,SHIFT                               0181,10,73,2500,4322227025,4322227025,4322227025,5871700,5871700,2683,2683,4322227025,010 GENERAL OPERATING FD,73 CITY COMMISSIONERS
2018,1,1,01 PERSONAL SERVICES,199,SICK PAY(B TIME)-CIVILIAN           0199,10,73,500,4322227525,4322227525,4322227525,5872200,5872200,500,500,4322227525,010 GENERAL OPERATING FD,73 CITY COMMISSIONERS
2018,1,2,02 PURCHASE OF SERVICES,202,JANITORIAL SERVICES                 0202,10,73,10750,4322238275,4322238275,4322238275,5882950,10750,10750,10750,4322238275,010 GENERAL OPERATING FD,73 CITY COMMISSIONERS
2018,1,2,02 PURCHASE OF SERVICES,209,TELEPHONE                           0209,10,73,38079,4322276354,4322276354,4322276354,5921029,48829,38079,38079,4322276354,010 GENERAL OPERATING FD,73 CITY COMMISSIONERS
2018,1,2,02 PURCHASE OF SERVICES,210,POSTAGE                             0210,10,73,300000,4322576354,4322576354,4322576354,6221029,348829,300000,300000,4322576354,010 GENERAL OPERATING FD,73 CITY COMMISSIONERS
2018,1,2,02 PURCHASE OF SERVICES,211,TRANSPORTATION                      0211,10,73,3720,4322580074,4322580074,4322580074,6224749,352549,3720,3720,4322580074,010 GENERAL OPERATING FD,73 CITY COMMISSIONERS
2018,1,2,02 PURCHASE OF SERVICES,230,MEALS-NON-TRAVEL & OFFICL ENTERTAIN 0230,10,73,1045,4322581119,4322581119,4322581119,6225794,353594,1045,1045,4322581119,010 GENERAL OPERATING FD,73 CITY COMMISSIONERS
2018,1,2,02 PURCHASE OF SERVICES,250,PROFESSIONAL CONSULT/SPEC SERVICES  0250,10,73,10600,4322591719,4322591719,4322591719,6236394,364194,2410600,10600,4322591719,010 GENERAL OPERATING FD,73 CITY COMMISSIONERS
2018,1,2,02 PURCHASE OF SERVICES,250,PROFESSIONAL CONSULT/SPEC SERVICES  0250,10,73,2400000,4324991719,4324991719,4324991719,8636394,2764194,2410600,2410600,4324991719,010 GENERAL OPERATING FD,73 CITY COMMISSIONERS
2018,1,2,02 PURCHASE OF SERVICES,251,INFORMATION TECHNOLOGY-PROF SERVICE 0251,10,73,136244,4325127963,4325127963,4325127963,8772638,2900438,136244,136244,4325127963,010 GENERAL OPERATING FD,73 CITY COMMISSIONERS
2018,1,2,02 PURCHASE OF SERVICES,258,COURT REPORTERS                     0258,10,73,4800,4325132763,4325132763,4325132763,8777438,2905238,4800,4800,4325132763,010 GENERAL OPERATING FD,73 CITY COMMISSIONERS
2018,1,2,02 PURCHASE OF SERVICES,260,REPAIR AND MAINTENANCE CHARGES      0260,10,73,6049,4325138812,4325138812,4325138812,8783487,2911287,549255,6049,4325138812,010 GENERAL OPERATING FD,73 CITY COMMISSIONERS
2018,1,2,02 PURCHASE OF SERVICES,260,REPAIR AND MAINTENANCE CHARGES      0260,10,73,543206,4325682018,4325682018,4325682018,9326693,3454493,549255,549255,4325682018,010 GENERAL OPERATING FD,73 CITY COMMISSIONERS
2018,1,2,02 PURCHASE OF SERVICES,266,MAINT/SUPPORT-COMPUTR HARDWARE/SOFT 0266,10,73,30000,4325712018,4325712018,4325712018,9356693,3484493,30000,30000,4325712018,010 GENERAL OPERATING FD,73 CITY COMMISSIONERS
2018,1,2,02 PURCHASE OF SERVICES,285,RENTS                               0285,10,73,12857,4325724875,4325724875,4325724875,9369550,3497350,12857,12857,4325724875,010 GENERAL OPERATING FD,73 CITY COMMISSIONERS
2018,1,3,03 MATERIALS AND SUPPLIES,304,BOOKS AND OTHER PUBLICATIONS        0304,10,73,100,4325724975,4325724975,4325724975,9369650,100,3100,100,4325724975,010 GENERAL OPERATING FD,73 CITY COMMISSIONERS
2018,1,3,03 MATERIALS AND SUPPLIES,304,BOOKS AND OTHER PUBLICATIONS        0304,10,73,3000,4325727975,4325727975,4325727975,9372650,3100,3100,3100,4325727975,010 GENERAL OPERATING FD,73 CITY COMMISSIONERS
2018,1,3,03 MATERIALS AND SUPPLIES,308,DRY GOODS/NOTIONS/WEARING APPAREL   0308,10,73,60,4325728035,4325728035,4325728035,9372710,3160,60,60,4325728035,010 GENERAL OPERATING FD,73 CITY COMMISSIONERS
2018,1,3,03 MATERIALS AND SUPPLIES,310,ELECTRICAL AND COMMUNICATION        0310,10,73,10739,4325738774,4325738774,4325738774,9383449,13899,10739,10739,4325738774,010 GENERAL OPERATING FD,73 CITY COMMISSIONERS
2018,1,3,03 MATERIALS AND SUPPLIES,318,"JANITORIAL, LAUNDRY AND HOUSEHOLD   0318",10,73,5200,4325743974,4325743974,4325743974,9388649,19099,5200,5200,4325743974,010 GENERAL OPERATING FD,73 CITY COMMISSIONERS
2018,1,3,03 MATERIALS AND SUPPLIES,320,OFFICE MATERIALS AND SUPPLIES       0320,10,73,62441,4325806415,4325806415,4325806415,9451090,81540,65971,62441,4325806415,010 GENERAL OPERATING FD,73 CITY COMMISSIONERS
2018,1,3,03 MATERIALS AND SUPPLIES,320,OFFICE MATERIALS AND SUPPLIES       0320,10,73,3530,4325809945,4325809945,4325809945,9454620,85070,65971,65971,4325809945,010 GENERAL OPERATING FD,73 CITY COMMISSIONERS
2018,1,3,03 MATERIALS AND SUPPLIES,324,"PRECISION, PHOTOGRAPHIC AND ARTISTS 0324",10,73,29000,4325838945,4325838945,4325838945,9483620,114070,30000,29000,4325838945,010 GENERAL OPERATING FD,73 CITY COMMISSIONERS
2018,1,3,03 MATERIALS AND SUPPLIES,324,"PRECISION, PHOTOGRAPHIC AND ARTISTS 0324",10,73,1000,4325839945,4325839945,4325839945,9484620,115070,30000,30000,4325839945,010 GENERAL OPERATING FD,73 CITY COMMISSIONERS
2018,1,3,03 MATERIALS AND SUPPLIES,325,PRINTING                            0325,10,73,322847,4326162792,4326162792,4326162792,9807467,437917,326702,322847,4326162792,010 GENERAL OPERATING FD,73 CITY COMMISSIONERS
2018,1,3,03 MATERIALS AND SUPPLIES,325,PRINTING                            0325,10,73,3855,4326166647,4326166647,4326166647,9811322,441772,326702,326702,4326166647,010 GENERAL OPERATING FD,73 CITY COMMISSIONERS
2018,1,4,04 EQUIPMENT,420,OFFICE EQUIPMENT                    0420,10,73,10769,4326177416,4326177416,4326177416,9822091,10769,33769,10769,4326177416,010 GENERAL OPERATING FD,73 CITY COMMISSIONERS
2018,1,4,04 EQUIPMENT,420,OFFICE EQUIPMENT                    0420,10,73,23000,4326200416,4326200416,4326200416,9845091,33769,33769,33769,4326200416,010 GENERAL OPERATING FD,73 CITY COMMISSIONERS
2018,1,4,04 EQUIPMENT,427,COMPUTER EQUIPMENT & PERIPHERALS    0427,10,73,37576,4326237992,4326237992,4326237992,9882667,71345,44576,37576,4326237992,010 GENERAL OPERATING FD,73 CITY COMMISSIONERS
2018,1,4,04 EQUIPMENT,427,COMPUTER EQUIPMENT & PERIPHERALS    0427,10,73,7000,4326244992,4326244992,4326244992,9889667,78345,44576,44576,4326244992,010 GENERAL OPERATING FD,73 CITY COMMISSIONERS
2018,1,4,04 EQUIPMENT,430,FURNITURE AND FURNISHINGS           0430,10,73,2500,4326247492,4326247492,4326247492,9892167,80845,21500,2500,4326247492,010 GENERAL OPERATING FD,73 CITY COMMISSIONERS
2018,1,4,04 EQUIPMENT,430,FURNITURE AND FURNISHINGS           0430,10,73,19000,4326266492,4326266492,4326266492,9911167,99845,21500,21500,4326266492,010 GENERAL OPERATING FD,73 CITY COMMISSIONERS
2018,1,1,01 PERSONAL SERVICES,100,SALARY CONTROL                      0100,10,84,124234,4326390726,4326390726,4326390726,124234,124234,1114234,124234,4326390726,010 GENERAL OPERATING FD,84 1ST JUDICIAL DISTRICT
2018,1,1,01 PERSONAL SERVICES,100,SALARY CONTROL                      0100,10,84,70000,4326460726,4326460726,4326460726,194234,194234,1114234,194234,4326460726,010 GENERAL OPERATING FD,84 1ST JUDICIAL DISTRICT
2018,1,1,01 PERSONAL SERVICES,100,SALARY CONTROL                      0100,10,84,745000,4327205726,4327205726,4327205726,939234,939234,1114234,939234,4327205726,010 GENERAL OPERATING FD,84 1ST JUDICIAL DISTRICT
2018,1,1,01 PERSONAL SERVICES,100,SALARY CONTROL                      0100,10,84,175000,4327380726,4327380726,4327380726,1114234,1114234,1114234,1114234,4327380726,010 GENERAL OPERATING FD,84 1ST JUDICIAL DISTRICT
2018,1,1,01 PERSONAL SERVICES,101,PERM FULL TIME-CIVILIAN             0101,10,84,69835841,4397216567,4397216567,4397216567,70950075,70950075,96700527,69835841,4397216567,010 GENERAL OPERATING FD,84 1ST JUDICIAL DISTRICT
2018,1,1,01 PERSONAL SERVICES,101,PERM FULL TIME-CIVILIAN             0101,10,84,4713357,4401929924,4401929924,4401929924,75663432,75663432,96700527,74549198,4401929924,010 GENERAL OPERATING FD,84 1ST JUDICIAL DISTRICT
2018,1,1,01 PERSONAL SERVICES,101,PERM FULL TIME-CIVILIAN             0101,10,84,13398175,4415328099,4415328099,4415328099,89061607,89061607,96700527,87947373,4415328099,010 GENERAL OPERATING FD,84 1ST JUDICIAL DISTRICT
2018,1,1,01 PERSONAL SERVICES,101,PERM FULL TIME-CIVILIAN             0101,10,84,8753154,4424081253,4424081253,4424081253,97814761,97814761,96700527,96700527,4424081253,010 GENERAL OPERATING FD,84 1ST JUDICIAL DISTRICT
2018,1,1,01 PERSONAL SERVICES,121,TEMPORARY/SEASONAL                  0121,10,84,1022000,4425103253,4425103253,4425103253,98836761,98836761,1596000,1022000,4425103253,010 GENERAL OPERATING FD,84 1ST JUDICIAL DISTRICT
2018,1,1,01 PERSONAL SERVICES,121,TEMPORARY/SEASONAL                  0121,10,84,450000,4425553253,4425553253,4425553253,99286761,99286761,1596000,1472000,4425553253,010 GENERAL OPERATING FD,84 1ST JUDICIAL DISTRICT
2018,1,1,01 PERSONAL SERVICES,121,TEMPORARY/SEASONAL                  0121,10,84,110000,4425663253,4425663253,4425663253,99396761,99396761,1596000,1582000,4425663253,010 GENERAL OPERATING FD,84 1ST JUDICIAL DISTRICT
2018,1,1,01 PERSONAL SERVICES,121,TEMPORARY/SEASONAL                  0121,10,84,14000,4425677253,4425677253,4425677253,99410761,99410761,1596000,1596000,4425677253,010 GENERAL OPERATING FD,84 1ST JUDICIAL DISTRICT
2018,1,1,01 PERSONAL SERVICES,161,OVERTIME-CIVILIAN                   0161,10,84,82840,4425760093,4425760093,4425760093,99493601,99493601,94840,82840,4425760093,010 GENERAL OPERATING FD,84 1ST JUDICIAL DISTRICT
2018,1,1,01 PERSONAL SERVICES,161,OVERTIME-CIVILIAN                   0161,10,84,7500,4425767593,4425767593,4425767593,99501101,99501101,94840,90340,4425767593,010 GENERAL OPERATING FD,84 1ST JUDICIAL DISTRICT
2018,1,1,01 PERSONAL SERVICES,161,OVERTIME-CIVILIAN                   0161,10,84,2500,4425770093,4425770093,4425770093,99503601,99503601,94840,92840,4425770093,010 GENERAL OPERATING FD,84 1ST JUDICIAL DISTRICT
2018,1,1,01 PERSONAL SERVICES,161,OVERTIME-CIVILIAN                   0161,10,84,2000,4425772093,4425772093,4425772093,99505601,99505601,94840,94840,4425772093,010 GENERAL OPERATING FD,84 1ST JUDICIAL DISTRICT
2018,1,2,02 PURCHASE OF SERVICES,259,ARBITRATION FEES                    0259,10,84,755139,4426527232,4426527232,4426527232,100260740,755139,755139,755139,4426527232,010 GENERAL OPERATING FD,84 1ST JUDICIAL DISTRICT
2018,1,2,02 PURCHASE OF SERVICES,276,JUROR EXPENSES                      0276,10,84,1542471,4428069703,4428069703,4428069703,101803211,2297610,1542471,1542471,4428069703,010 GENERAL OPERATING FD,84 1ST JUDICIAL DISTRICT
2018,1,2,02 PURCHASE OF SERVICES,299,OTHER EXPENSES (NOT OTHRWSE CLSSFD) 0299,10,84,5402711,4433472414,4433472414,4433472414,107205922,7700321,7247429,5402711,4433472414,010 GENERAL OPERATING FD,84 1ST JUDICIAL DISTRICT
2018,1,2,02 PURCHASE OF SERVICES,299,OTHER EXPENSES (NOT OTHRWSE CLSSFD) 0299,10,84,1043675,4434516089,4434516089,4434516089,108249597,8743996,7247429,6446386,4434516089,010 GENERAL OPERATING FD,84 1ST JUDICIAL DISTRICT
2018,1,2,02 PURCHASE OF SERVICES,299,OTHER EXPENSES (NOT OTHRWSE CLSSFD) 0299,10,84,534744,4435050833,4435050833,4435050833,108784341,9278740,7247429,6981130,4435050833,010 GENERAL OPERATING FD,84 1ST JUDICIAL DISTRICT
2018,1,2,02 PURCHASE OF SERVICES,299,OTHER EXPENSES (NOT OTHRWSE CLSSFD) 0299,10,84,266299,4435317132,4435317132,4435317132,109050640,9545039,7247429,7247429,4435317132,010 GENERAL OPERATING FD,84 1ST JUDICIAL DISTRICT
2018,1,3,03 MATERIALS AND SUPPLIES,399,OTHER MATERIALS AND SUPPLIES (NOC)  0399,10,84,142737,4435459869,4435459869,4435459869,109193377,142737,1870944,142737,4435459869,010 GENERAL OPERATING FD,84 1ST JUDICIAL DISTRICT
2018,1,3,03 MATERIALS AND SUPPLIES,399,OTHER MATERIALS AND SUPPLIES (NOC)  0399,10,84,112505,4435572374,4435572374,4435572374,109305882,255242,1870944,255242,4435572374,010 GENERAL OPERATING FD,84 1ST JUDICIAL DISTRICT
2018,1,3,03 MATERIALS AND SUPPLIES,399,OTHER MATERIALS AND SUPPLIES (NOC)  0399,10,84,449688,4436022062,4436022062,4436022062,109755570,704930,1870944,704930,4436022062,010 GENERAL OPERATING FD,84 1ST JUDICIAL DISTRICT
2018,1,3,03 MATERIALS AND SUPPLIES,399,OTHER MATERIALS AND SUPPLIES (NOC)  0399,10,84,1166014,4437188076,4437188076,4437188076,110921584,1870944,1870944,1870944,4437188076,010 GENERAL OPERATING FD,84 1ST JUDICIAL DISTRICT
2018,1,4,04 EQUIPMENT,499,OTHER EQUIPMENT (NOC)               0499,10,84,305499,4437493575,4437493575,4437493575,111227083,305499,520924,305499,4437493575,010 GENERAL OPERATING FD,84 1ST JUDICIAL DISTRICT
2018,1,4,04 EQUIPMENT,499,OTHER EQUIPMENT (NOC)               0499,10,84,20032,4437513607,4437513607,4437513607,111247115,325531,520924,325531,4437513607,010 GENERAL OPERATING FD,84 1ST JUDICIAL DISTRICT
2018,1,4,04 EQUIPMENT,499,OTHER EQUIPMENT (NOC)               0499,10,84,27951,4437541558,4437541558,4437541558,111275066,353482,520924,353482,4437541558,010 GENERAL OPERATING FD,84 1ST JUDICIAL DISTRICT
2018,1,4,04 EQUIPMENT,499,OTHER EQUIPMENT (NOC)               0499,10,84,167442,4437709000,4437709000,4437709000,111442508,520924,520924,520924,4437709000,010 GENERAL OPERATING FD,84 1ST JUDICIAL DISTRICT
2018,1,1,01 PERSONAL SERVICES,100,SALARY CONTROL                      0100,20,4,50,4437709050,4437709050,50,50,50,44856,50,4437709050,020 WATER OPERATING FUND,04 MDO-OFFICE OF TECHNOLOGY
2018,1,1,01 PERSONAL SERVICES,100,SALARY CONTROL                      0100,20,4,44806,4437753856,4437753856,44856,44856,44856,44856,44856,4437753856,020 WATER OPERATING FUND,04 MDO-OFFICE OF TECHNOLOGY
2018,1,1,01 PERSONAL SERVICES,101,PERM FULL TIME-CIVILIAN             0101,20,4,2023096,4439776952,4439776952,2067952,2067952,2067952,6922925,2023096,4439776952,020 WATER OPERATING FUND,04 MDO-OFFICE OF TECHNOLOGY
2018,1,1,01 PERSONAL SERVICES,101,PERM FULL TIME-CIVILIAN             0101,20,4,565405,4440342357,4440342357,2633357,2633357,2633357,6922925,2588501,4440342357,020 WATER OPERATING FUND,04 MDO-OFFICE OF TECHNOLOGY
2018,1,1,01 PERSONAL SERVICES,101,PERM FULL TIME-CIVILIAN             0101,20,4,4334424,4444676781,4444676781,6967781,6967781,6967781,6922925,6922925,4444676781,020 WATER OPERATING FUND,04 MDO-OFFICE OF TECHNOLOGY
2018,1,1,01 PERSONAL SERVICES,109,PLUS/MINUS GROSS ADJ                0109,20,4,3500,4444680281,4444680281,6971281,6971281,6971281,18500,3500,4444680281,020 WATER OPERATING FUND,04 MDO-OFFICE OF TECHNOLOGY
2018,1,1,01 PERSONAL SERVICES,109,PLUS/MINUS GROSS ADJ                0109,20,4,15000,4444695281,4444695281,6986281,6986281,6986281,18500,18500,4444695281,020 WATER OPERATING FUND,04 MDO-OFFICE OF TECHNOLOGY
2018,1,1,01 PERSONAL SERVICES,111,PERM PART TIME                      0111,20,4,20000,4444715281,4444715281,7006281,7006281,7006281,58500,20000,4444715281,020 WATER OPERATING FUND,04 MDO-OFFICE OF TECHNOLOGY
2018,1,1,01 PERSONAL SERVICES,111,PERM PART TIME                      0111,20,4,38500,4444753781,4444753781,7044781,7044781,7044781,58500,58500,4444753781,020 WATER OPERATING FUND,04 MDO-OFFICE OF TECHNOLOGY
2018,1,1,01 PERSONAL SERVICES,161,OVERTIME-CIVILIAN                   0161,20,4,75000,4444828781,4444828781,7119781,7119781,7119781,200000,75000,4444828781,020 WATER OPERATING FUND,04 MDO-OFFICE OF TECHNOLOGY
2018,1,1,01 PERSONAL SERVICES,161,OVERTIME-CIVILIAN                   0161,20,4,75000,4444903781,4444903781,7194781,7194781,7194781,200000,150000,4444903781,020 WATER OPERATING FUND,04 MDO-OFFICE OF TECHNOLOGY
2018,1,1,01 PERSONAL SERVICES,161,OVERTIME-CIVILIAN                   0161,20,4,50000,4444953781,4444953781,7244781,7244781,7244781,200000,200000,4444953781,020 WATER OPERATING FUND,04 MDO-OFFICE OF TECHNOLOGY
2018,1,1,01 PERSONAL SERVICES,171,"HOLIDAY ""G""(2/3 SHIFTS)             0171",20,4,2500,4444956281,4444956281,7247281,7247281,7247281,7500,2500,4444956281,020 WATER OPERATING FUND,04 MDO-OFFICE OF TECHNOLOGY
2018,1,1,01 PERSONAL SERVICES,171,"HOLIDAY ""G""(2/3 SHIFTS)             0171",20,4,2000,4444958281,4444958281,7249281,7249281,7249281,7500,4500,4444958281,020 WATER OPERATING FUND,04 MDO-OFFICE OF TECHNOLOGY
2018,1,1,01 PERSONAL SERVICES,171,"HOLIDAY ""G""(2/3 SHIFTS)             0171",20,4,3000,4444961281,4444961281,7252281,7252281,7252281,7500,7500,4444961281,020 WATER OPERATING FUND,04 MDO-OFFICE OF TECHNOLOGY
2018,1,1,01 PERSONAL SERVICES,181,SHIFT                               0181,20,4,1000,4444962281,4444962281,7253281,7253281,7253281,2000,1000,4444962281,020 WATER OPERATING FUND,04 MDO-OFFICE OF TECHNOLOGY
2018,1,1,01 PERSONAL SERVICES,181,SHIFT                               0181,20,4,1000,4444963281,4444963281,7254281,7254281,7254281,2000,2000,4444963281,020 WATER OPERATING FUND,04 MDO-OFFICE OF TECHNOLOGY
2018,1,1,01 PERSONAL SERVICES,199,SICK PAY(B TIME)-CIVILIAN           0199,20,4,2000,4444965281,4444965281,7256281,7256281,7256281,2000,2000,4444965281,020 WATER OPERATING FUND,04 MDO-OFFICE OF TECHNOLOGY
2018,1,2,02 PURCHASE OF SERVICES,209,TELEPHONE                           0209,20,4,1248670,4446213951,4446213951,8504951,8504951,1248670,1248670,1248670,4446213951,020 WATER OPERATING FUND,04 MDO-OFFICE OF TECHNOLOGY
2018,1,2,02 PURCHASE OF SERVICES,216,COMMERCIAL OFF-SHELF COMP SOFTWARE  0216,20,4,170729,4446384680,4446384680,8675680,8675680,1419399,3065580,170729,4446384680,020 WATER OPERATING FUND,04 MDO-OFFICE OF TECHNOLOGY
2018,1,2,02 PURCHASE OF SERVICES,216,COMMERCIAL OFF-SHELF COMP SOFTWARE  0216,20,4,2894851,4449279531,4449279531,11570531,11570531,4314250,3065580,3065580,4449279531,020 WATER OPERATING FUND,04 MDO-OFFICE OF TECHNOLOGY
2018,1,2,02 PURCHASE OF SERVICES,251,INFORMATION TECHNOLOGY-PROF SERVICE 0251,20,4,350000,4449629531,4449629531,11920531,11920531,4664250,13076790,350000,4449629531,020 WATER OPERATING FUND,04 MDO-OFFICE OF TECHNOLOGY
2018,1,2,02 PURCHASE OF SERVICES,251,INFORMATION TECHNOLOGY-PROF SERVICE 0251,20,4,12726790,4462356321,4462356321,24647321,24647321,17391040,13076790,13076790,4462356321,020 WATER OPERATING FUND,04 MDO-OFFICE OF TECHNOLOGY
2018,1,2,02 PURCHASE OF SERVICES,260,REPAIR AND MAINTENANCE CHARGES      0260,20,4,68600,4462424921,4462424921,24715921,24715921,17459640,68600,68600,4462424921,020 WATER OPERATING FUND,04 MDO-OFFICE OF TECHNOLOGY
2018,1,2,02 PURCHASE OF SERVICES,266,MAINT/SUPPORT-COMPUTR HARDWARE/SOFT 0266,20,4,1167019,4463591940,4463591940,25882940,25882940,18626659,1353093,1167019,4463591940,020 WATER OPERATING FUND,04 MDO-OFFICE OF TECHNOLOGY
2018,1,2,02 PURCHASE OF SERVICES,266,MAINT/SUPPORT-COMPUTR HARDWARE/SOFT 0266,20,4,186074,4463778014,4463778014,26069014,26069014,18812733,1353093,1353093,4463778014,020 WATER OPERATING FUND,04 MDO-OFFICE OF TECHNOLOGY
2018,1,2,02 PURCHASE OF SERVICES,282,RENT/LEASE-PURCHASE COMPUTER EQUIP  0282,20,4,39500,4463817514,4463817514,26108514,26108514,18852233,39500,39500,4463817514,020 WATER OPERATING FUND,04 MDO-OFFICE OF TECHNOLOGY
2018,1,2,02 PURCHASE OF SERVICES,285,RENTS                               0285,20,4,191641,4464009155,4464009155,26300155,26300155,19043874,191641,191641,4464009155,020 WATER OPERATING FUND,04 MDO-OFFICE OF TECHNOLOGY
2018,1,3,03 MATERIALS AND SUPPLIES,320,OFFICE MATERIALS AND SUPPLIES       0320,20,4,30000,4464039155,4464039155,26330155,26330155,30000,30000,30000,4464039155,020 WATER OPERATING FUND,04 MDO-OFFICE OF TECHNOLOGY
2018,1,3,03 MATERIALS AND SUPPLIES,324,"PRECISION, PHOTOGRAPHIC AND ARTISTS 0324",20,4,60000,4464099155,4464099155,26390155,26390155,90000,60000,60000,4464099155,020 WATER OPERATING FUND,04 MDO-OFFICE OF TECHNOLOGY
2018,1,3,03 MATERIALS AND SUPPLIES,325,PRINTING                            0325,20,4,199200,4464298355,4464298355,26589355,26589355,289200,199200,199200,4464298355,020 WATER OPERATING FUND,04 MDO-OFFICE OF TECHNOLOGY
2018,1,4,04 EQUIPMENT,410,ELECTRICAL LIGHTING COMMUNICATION   0410,20,4,300000,4464598355,4464598355,26889355,26889355,300000,300000,300000,4464598355,020 WATER OPERATING FUND,04 MDO-OFFICE OF TECHNOLOGY
2018,1,4,04 EQUIPMENT,427,COMPUTER EQUIPMENT & PERIPHERALS    0427,20,4,2092000,4466690355,4466690355,28981355,28981355,2392000,2111350,2092000,4466690355,020 WATER OPERATING FUND,04 MDO-OFFICE OF TECHNOLOGY
2018,1,4,04 EQUIPMENT,427,COMPUTER EQUIPMENT & PERIPHERALS    0427,20,4,19350,4466709705,4466709705,29000705,29000705,2411350,2111350,2111350,4466709705,020 WATER OPERATING FUND,04 MDO-OFFICE OF TECHNOLOGY
2018,1,1,01 PERSONAL SERVICES,101,PERM FULL TIME-CIVILIAN             0101,20,10,138550,4466848255,4466848255,29139255,138550,138550,138550,138550,4466848255,020 WATER OPERATING FUND,10 MANAGING DIRECTOR
2018,1,2,02 PURCHASE OF SERVICES,284,GROUND AND BUILDING RENTAL          0284,20,20,4256817,4471105072,4471105072,33396072,4256817,4256817,4256817,4256817,4471105072,020 WATER OPERATING FUND,20 PUBLIC PROPERTY
2018,1,1,01 PERSONAL SERVICES,101,PERM FULL TIME-CIVILIAN             0101,20,25,2679539,4473784611,4473784611,36075611,2679539,2679539,2679539,2679539,4473784611,020 WATER OPERATING FUND,25 FLEET MANAGEMENT
2018,1,1,01 PERSONAL SERVICES,109,PLUS/MINUS GROSS ADJ                0109,20,25,35435,4473820046,4473820046,36111046,2714974,2714974,35435,35435,4473820046,020 WATER OPERATING FUND,25 FLEET MANAGEMENT
2018,1,1,01 PERSONAL SERVICES,121,TEMPORARY/SEASONAL                  0121,20,25,22637,4473842683,4473842683,36133683,2737611,2737611,22637,22637,4473842683,020 WATER OPERATING FUND,25 FLEET MANAGEMENT
2018,1,1,01 PERSONAL SERVICES,161,OVERTIME-CIVILIAN                   0161,20,25,284202,4474126885,4474126885,36417885,3021813,3021813,284202,284202,4474126885,020 WATER OPERATING FUND,25 FLEET MANAGEMENT
2018,1,1,01 PERSONAL SERVICES,171,"HOLIDAY ""G""(2/3 SHIFTS)             0171",20,25,9774,4474136659,4474136659,36427659,3031587,3031587,9774,9774,4474136659,020 WATER OPERATING FUND,25 FLEET MANAGEMENT
2018,1,1,01 PERSONAL SERVICES,181,SHIFT                               0181,20,25,15423,4474152082,4474152082,36443082,3047010,3047010,15423,15423,4474152082,020 WATER OPERATING FUND,25 FLEET MANAGEMENT
2018,1,1,01 PERSONAL SERVICES,199,SICK PAY(B TIME)-CIVILIAN           0199,20,25,15186,4474167268,4474167268,36458268,3062196,3062196,15186,15186,4474167268,020 WATER OPERATING FUND,25 FLEET MANAGEMENT
2018,1,2,02 PURCHASE OF SERVICES,201,CLEANING AND LAUNDERING             0201,20,25,6000,4474173268,4474173268,36464268,3068196,6000,6000,6000,4474173268,020 WATER OPERATING FUND,25 FLEET MANAGEMENT
2018,1,2,02 PURCHASE OF SERVICES,202,JANITORIAL SERVICES                 0202,20,25,78000,4474251268,4474251268,36542268,3146196,84000,78000,78000,4474251268,020 WATER OPERATING FUND,25 FLEET MANAGEMENT
2018,1,2,02 PURCHASE OF SERVICES,209,TELEPHONE                           0209,20,25,1000,4474252268,4474252268,36543268,3147196,85000,1000,1000,4474252268,020 WATER OPERATING FUND,25 FLEET MANAGEMENT
2018,1,2,02 PURCHASE OF SERVICES,215,LICENSES PERMITS INSPECTION CHARGES 0215,20,25,10000,4474262268,4474262268,36553268,3157196,95000,10000,10000,4474262268,020 WATER OPERATING FUND,25 FLEET MANAGEMENT
2018,1,2,02 PURCHASE OF SERVICES,250,PROFESSIONAL CONSULT/SPEC SERVICES  0250,20,25,37000,4474299268,4474299268,36590268,3194196,132000,37000,37000,4474299268,020 WATER OPERATING FUND,25 FLEET MANAGEMENT
2018,1,2,02 PURCHASE OF SERVICES,251,INFORMATION TECHNOLOGY-PROF SERVICE 0251,20,25,38000,4474337268,4474337268,36628268,3232196,170000,38000,38000,4474337268,020 WATER OPERATING FUND,25 FLEET MANAGEMENT
2018,1,2,02 PURCHASE OF SERVICES,256,SEMINAR AND TRAINING SESSIONS       0256,20,25,3000,4474340268,4474340268,36631268,3235196,173000,3000,3000,4474340268,020 WATER OPERATING FUND,25 FLEET MANAGEMENT
2018,1,2,02 PURCHASE OF SERVICES,260,REPAIR AND MAINTENANCE CHARGES      0260,20,25,1184000,4475524268,4475524268,37815268,4419196,1357000,1184000,1184000,4475524268,020 WATER OPERATING FUND,25 FLEET MANAGEMENT
2018,1,2,02 PURCHASE OF SERVICES,280,INSURANCE AND OFFICIAL BONDS        0280,20,25,8000,4475532268,4475532268,37823268,4427196,1365000,8000,8000,4475532268,020 WATER OPERATING FUND,25 FLEET MANAGEMENT
2018,1,2,02 PURCHASE OF SERVICES,285,RENTS                               0285,20,25,9000,4475541268,4475541268,37832268,4436196,1374000,9000,9000,4475541268,020 WATER OPERATING FUND,25 FLEET MANAGEMENT
2018,1,2,02 PURCHASE OF SERVICES,286,RENTAL OF PARKING SPACES            0286,20,25,115000,4475656268,4475656268,37947268,4551196,1489000,115000,115000,4475656268,020 WATER OPERATING FUND,25 FLEET MANAGEMENT
2018,1,3,03 MATERIALS AND SUPPLIES,304,BOOKS AND OTHER PUBLICATIONS        0304,20,25,3000,4475659268,4475659268,37950268,4554196,3000,3000,3000,4475659268,020 WATER OPERATING FUND,25 FLEET MANAGEMENT
2018,1,3,03 MATERIALS AND SUPPLIES,305,BUILDING AND CONSTRUCTION           0305,20,25,40000,4475699268,4475699268,37990268,4594196,43000,40000,40000,4475699268,020 WATER OPERATING FUND,25 FLEET MANAGEMENT
2018,1,3,03 MATERIALS AND SUPPLIES,307,CHEMICALS AND GASES                 0307,20,25,24000,4475723268,4475723268,38014268,4618196,67000,24000,24000,4475723268,020 WATER OPERATING FUND,25 FLEET MANAGEMENT
2018,1,3,03 MATERIALS AND SUPPLIES,308,DRY GOODS/NOTIONS/WEARING APPAREL   0308,20,25,7500,4475730768,4475730768,38021768,4625696,74500,7500,7500,4475730768,020 WATER OPERATING FUND,25 FLEET MANAGEMENT
2018,1,3,03 MATERIALS AND SUPPLIES,310,ELECTRICAL AND COMMUNICATION        0310,20,25,4000,4475734768,4475734768,38025768,4629696,78500,4000,4000,4475734768,020 WATER OPERATING FUND,25 FLEET MANAGEMENT
2018,1,3,03 MATERIALS AND SUPPLIES,311,GENERAL EQUIPMENT AND MACHINERY     0311,20,25,5000,4475739768,4475739768,38030768,4634696,83500,5000,5000,4475739768,020 WATER OPERATING FUND,25 FLEET MANAGEMENT
2018,1,3,03 MATERIALS AND SUPPLIES,312,FIRE FIGHTING AND SAFETY            0312,20,25,10000,4475749768,4475749768,38040768,4644696,93500,10000,10000,4475749768,020 WATER OPERATING FUND,25 FLEET MANAGEMENT
2018,1,3,03 MATERIALS AND SUPPLIES,313,FOOD                                0313,20,25,500,4475750268,4475750268,38041268,4645196,94000,500,500,4475750268,020 WATER OPERATING FUND,25 FLEET MANAGEMENT
2018,1,3,03 MATERIALS AND SUPPLIES,316,GENERAL HARDWARE AND MINOR TOOLS    0316,20,25,8000,4475758268,4475758268,38049268,4653196,102000,8000,8000,4475758268,020 WATER OPERATING FUND,25 FLEET MANAGEMENT
2018,1,3,03 MATERIALS AND SUPPLIES,317,HOSPITAL AND LABORATORY             0317,20,25,2000,4475760268,4475760268,38051268,4655196,104000,2000,2000,4475760268,020 WATER OPERATING FUND,25 FLEET MANAGEMENT
2018,1,3,03 MATERIALS AND SUPPLIES,318,"JANITORIAL, LAUNDRY AND HOUSEHOLD   0318",20,25,3000,4475763268,4475763268,38054268,4658196,107000,3000,3000,4475763268,020 WATER OPERATING FUND,25 FLEET MANAGEMENT
2018,1,3,03 MATERIALS AND SUPPLIES,320,OFFICE MATERIALS AND SUPPLIES       0320,20,25,2000,4475765268,4475765268,38056268,4660196,109000,2000,2000,4475765268,020 WATER OPERATING FUND,25 FLEET MANAGEMENT
2018,1,3,03 MATERIALS AND SUPPLIES,322,SMALL POWER TOOLS AND HAND TOOLS    0322,20,25,32000,4475797268,4475797268,38088268,4692196,141000,32000,32000,4475797268,020 WATER OPERATING FUND,25 FLEET MANAGEMENT
2018,1,3,03 MATERIALS AND SUPPLIES,324,"PRECISION, PHOTOGRAPHIC AND ARTISTS 0324",20,25,500,4475797768,4475797768,38088768,4692696,141500,500,500,4475797768,020 WATER OPERATING FUND,25 FLEET MANAGEMENT
2018,1,3,03 MATERIALS AND SUPPLIES,325,PRINTING                            0325,20,25,2000,4475799768,4475799768,38090768,4694696,143500,2000,2000,4475799768,020 WATER OPERATING FUND,25 FLEET MANAGEMENT
2018,1,3,03 MATERIALS AND SUPPLIES,328,MOTOR VEHICLE PARTS AND ACCESSORIES 0328,20,25,1779250,4477579018,4477579018,39870018,6473946,1922750,1779250,1779250,4477579018,020 WATER OPERATING FUND,25 FLEET MANAGEMENT
2018,1,3,03 MATERIALS AND SUPPLIES,335,LUBRICANTS                          0335,20,25,109090,4477688108,4477688108,39979108,6583036,2031840,109090,109090,4477688108,020 WATER OPERATING FUND,25 FLEET MANAGEMENT
2018,1,3,03 MATERIALS AND SUPPLIES,340,#2 DIESEL FUEL                      0340,20,25,1048800,4478736908,4478736908,41027908,7631836,3080640,1048800,1048800,4478736908,020 WATER OPERATING FUND,25 FLEET MANAGEMENT
2018,1,3,03 MATERIALS AND SUPPLIES,345,GASOLINE                            0345,20,25,1134000,4479870908,4479870908,42161908,8765836,4214640,1134000,1134000,4479870908,020 WATER OPERATING FUND,25 FLEET MANAGEMENT
2018,1,4,04 EQUIPMENT,411,GENERAL EQUIPMENT AND MACHINERY     0411,20,25,30000,4479900908,4479900908,42191908,8795836,30000,30000,30000,4479900908,020 WATER OPERATING FUND,25 FLEET MANAGEMENT
2018,1,4,04 EQUIPMENT,420,OFFICE EQUIPMENT                    0420,20,25,8000,4479908908,4479908908,42199908,8803836,38000,8000,8000,4479908908,020 WATER OPERATING FUND,25 FLEET MANAGEMENT
2018,1,4,04 EQUIPMENT,423,PLUMBING/AIR CONDITIONING/SPACE HTG 0423,20,25,3000,4479911908,4479911908,42202908,8806836,41000,3000,3000,4479911908,020 WATER OPERATING FUND,25 FLEET MANAGEMENT
2018,1,4,04 EQUIPMENT,427,COMPUTER EQUIPMENT & PERIPHERALS    0427,20,25,12500,4479924408,4479924408,42215408,8819336,53500,12500,12500,4479924408,020 WATER OPERATING FUND,25 FLEET MANAGEMENT
2018,1,4,04 EQUIPMENT,430,FURNITURE AND FURNISHINGS           0430,20,25,6500,4479930908,4479930908,42221908,8825836,60000,6500,6500,4479930908,020 WATER OPERATING FUND,25 FLEET MANAGEMENT
2018,1,1,01 PERSONAL SERVICES,100,SALARY CONTROL                      0100,20,28,20000,4479950908,4479950908,42241908,20000,20000,1031971,20000,4479950908,020 WATER OPERATING FUND,28 WATER
2018,1,1,01 PERSONAL SERVICES,100,SALARY CONTROL                      0100,20,28,22000,4479972908,4479972908,42263908,42000,42000,1031971,42000,4479972908,020 WATER OPERATING FUND,28 WATER
2018,1,1,01 PERSONAL SERVICES,100,SALARY CONTROL                      0100,20,28,10000,4479982908,4479982908,42273908,52000,52000,1031971,52000,4479982908,020 WATER OPERATING FUND,28 WATER
2018,1,1,01 PERSONAL SERVICES,100,SALARY CONTROL                      0100,20,28,60500,4480043408,4480043408,42334408,112500,112500,1031971,112500,4480043408,020 WATER OPERATING FUND,28 WATER
2018,1,1,01 PERSONAL SERVICES,100,SALARY CONTROL                      0100,20,28,15000,4480058408,4480058408,42349408,127500,127500,1031971,127500,4480058408,020 WATER OPERATING FUND,28 WATER
2018,1,1,01 PERSONAL SERVICES,100,SALARY CONTROL                      0100,20,28,5000,4480063408,4480063408,42354408,132500,132500,1031971,132500,4480063408,020 WATER OPERATING FUND,28 WATER
2018,1,1,01 PERSONAL SERVICES,100,SALARY CONTROL                      0100,20,28,10000,4480073408,4480073408,42364408,142500,142500,1031971,142500,4480073408,020 WATER OPERATING FUND,28 WATER
2018,1,1,01 PERSONAL SERVICES,100,SALARY CONTROL                      0100,20,28,10000,4480083408,4480083408,42374408,152500,152500,1031971,152500,4480083408,020 WATER OPERATING FUND,28 WATER
2018,1,1,01 PERSONAL SERVICES,100,SALARY CONTROL                      0100,20,28,150000,4480233408,4480233408,42524408,302500,302500,1031971,302500,4480233408,020 WATER OPERATING FUND,28 WATER
2018,1,1,01 PERSONAL SERVICES,100,SALARY CONTROL                      0100,20,28,75000,4480308408,4480308408,42599408,377500,377500,1031971,377500,4480308408,020 WATER OPERATING FUND,28 WATER
2018,1,1,01 PERSONAL SERVICES,100,SALARY CONTROL                      0100,20,28,77000,4480385408,4480385408,42676408,454500,454500,1031971,454500,4480385408,020 WATER OPERATING FUND,28 WATER
2018,1,1,01 PERSONAL SERVICES,100,SALARY CONTROL                      0100,20,28,50000,4480435408,4480435408,42726408,504500,504500,1031971,504500,4480435408,020 WATER OPERATING FUND,28 WATER
2018,1,1,01 PERSONAL SERVICES,100,SALARY CONTROL                      0100,20,28,20000,4480455408,4480455408,42746408,524500,524500,1031971,524500,4480455408,020 WATER OPERATING FUND,28 WATER
2018,1,1,01 PERSONAL SERVICES,100,SALARY CONTROL                      0100,20,28,15000,4480470408,4480470408,42761408,539500,539500,1031971,539500,4480470408,020 WATER OPERATING FUND,28 WATER
2018,1,1,01 PERSONAL SERVICES,100,SALARY CONTROL                      0100,20,28,15000,4480485408,4480485408,42776408,554500,554500,1031971,554500,4480485408,020 WATER OPERATING FUND,28 WATER
2018,1,1,01 PERSONAL SERVICES,100,SALARY CONTROL                      0100,20,28,10000,4480495408,4480495408,42786408,564500,564500,1031971,564500,4480495408,020 WATER OPERATING FUND,28 WATER
2018,1,1,01 PERSONAL SERVICES,100,SALARY CONTROL                      0100,20,28,18000,4480513408,4480513408,42804408,582500,582500,1031971,582500,4480513408,020 WATER OPERATING FUND,28 WATER
2018,1,1,01 PERSONAL SERVICES,100,SALARY CONTROL                      0100,20,28,24000,4480537408,4480537408,42828408,606500,606500,1031971,606500,4480537408,020 WATER OPERATING FUND,28 WATER
2018,1,1,01 PERSONAL SERVICES,100,SALARY CONTROL                      0100,20,28,20000,4480557408,4480557408,42848408,626500,626500,1031971,626500,4480557408,020 WATER OPERATING FUND,28 WATER
2018,1,1,01 PERSONAL SERVICES,100,SALARY CONTROL                      0100,20,28,20000,4480577408,4480577408,42868408,646500,646500,1031971,646500,4480577408,020 WATER OPERATING FUND,28 WATER
2018,1,1,01 PERSONAL SERVICES,100,SALARY CONTROL                      0100,20,28,20000,4480597408,4480597408,42888408,666500,666500,1031971,666500,4480597408,020 WATER OPERATING FUND,28 WATER
2018,1,1,01 PERSONAL SERVICES,100,SALARY CONTROL                      0100,20,28,35000,4480632408,4480632408,42923408,701500,701500,1031971,701500,4480632408,020 WATER OPERATING FUND,28 WATER
2018,1,1,01 PERSONAL SERVICES,100,SALARY CONTROL                      0100,20,28,25000,4480657408,4480657408,42948408,726500,726500,1031971,726500,4480657408,020 WATER OPERATING FUND,28 WATER
2018,1,1,01 PERSONAL SERVICES,100,SALARY CONTROL                      0100,20,28,89033,4480746441,4480746441,43037441,815533,815533,1031971,815533,4480746441,020 WATER OPERATING FUND,28 WATER
2018,1,1,01 PERSONAL SERVICES,100,SALARY CONTROL                      0100,20,28,30000,4480776441,4480776441,43067441,845533,845533,1031971,845533,4480776441,020 WATER OPERATING FUND,28 WATER
2018,1,1,01 PERSONAL SERVICES,100,SALARY CONTROL                      0100,20,28,101438,4480877879,4480877879,43168879,946971,946971,1031971,946971,4480877879,020 WATER OPERATING FUND,28 WATER
2018,1,1,01 PERSONAL SERVICES,100,SALARY CONTROL                      0100,20,28,80000,4480957879,4480957879,43248879,1026971,1026971,1031971,1026971,4480957879,020 WATER OPERATING FUND,28 WATER
2018,1,1,01 PERSONAL SERVICES,100,SALARY CONTROL                      0100,20,28,5000,4480962879,4480962879,43253879,1031971,1031971,1031971,1031971,4480962879,020 WATER OPERATING FUND,28 WATER
2018,1,1,01 PERSONAL SERVICES,101,PERM FULL TIME-CIVILIAN             0101,20,28,5925558,4486888437,4486888437,49179437,6957529,6957529,97716973,5925558,4486888437,020 WATER OPERATING FUND,28 WATER
2018,1,1,01 PERSONAL SERVICES,101,PERM FULL TIME-CIVILIAN             0101,20,28,483335,4487371772,4487371772,49662772,7440864,7440864,97716973,6408893,4487371772,020 WATER OPERATING FUND,28 WATER
2018,1,1,01 PERSONAL SERVICES,101,PERM FULL TIME-CIVILIAN             0101,20,28,1000868,4488372640,4488372640,50663640,8441732,8441732,97716973,7409761,4488372640,020 WATER OPERATING FUND,28 WATER
2018,1,1,01 PERSONAL SERVICES,101,PERM FULL TIME-CIVILIAN             0101,20,28,482288,4488854928,4488854928,51145928,8924020,8924020,97716973,7892049,4488854928,020 WATER OPERATING FUND,28 WATER
2018,1,1,01 PERSONAL SERVICES,101,PERM FULL TIME-CIVILIAN             0101,20,28,6196421,4495051349,4495051349,57342349,15120441,15120441,97716973,14088470,4495051349,020 WATER OPERATING FUND,28 WATER
2018,1,1,01 PERSONAL SERVICES,101,PERM FULL TIME-CIVILIAN             0101,20,28,2776211,4497827560,4497827560,60118560,17896652,17896652,97716973,16864681,4497827560,020 WATER OPERATING FUND,28 WATER
2018,1,1,01 PERSONAL SERVICES,101,PERM FULL TIME-CIVILIAN             0101,20,28,1656966,4499484526,4499484526,61775526,19553618,19553618,97716973,18521647,4499484526,020 WATER OPERATING FUND,28 WATER
2018,1,1,01 PERSONAL SERVICES,101,PERM FULL TIME-CIVILIAN             0101,20,28,434184,4499918710,4499918710,62209710,19987802,19987802,97716973,18955831,4499918710,020 WATER OPERATING FUND,28 WATER
2018,1,1,01 PERSONAL SERVICES,101,PERM FULL TIME-CIVILIAN             0101,20,28,1262637,4501181347,4501181347,63472347,21250439,21250439,97716973,20218468,4501181347,020 WATER OPERATING FUND,28 WATER
2018,1,1,01 PERSONAL SERVICES,101,PERM FULL TIME-CIVILIAN             0101,20,28,459307,4501640654,4501640654,63931654,21709746,21709746,97716973,20677775,4501640654,020 WATER OPERATING FUND,28 WATER
2018,1,1,01 PERSONAL SERVICES,101,PERM FULL TIME-CIVILIAN             0101,20,28,2110478,4503751132,4503751132,66042132,23820224,23820224,97716973,22788253,4503751132,020 WATER OPERATING FUND,28 WATER
2018,1,1,01 PERSONAL SERVICES,101,PERM FULL TIME-CIVILIAN             0101,20,28,2099959,4505851091,4505851091,68142091,25920183,25920183,97716973,24888212,4505851091,020 WATER OPERATING FUND,28 WATER
2018,1,1,01 PERSONAL SERVICES,101,PERM FULL TIME-CIVILIAN             0101,20,28,1197622,4507048713,4507048713,69339713,27117805,27117805,97716973,26085834,4507048713,020 WATER OPERATING FUND,28 WATER
2018,1,1,01 PERSONAL SERVICES,101,PERM FULL TIME-CIVILIAN             0101,20,28,1461303,4508510016,4508510016,70801016,28579108,28579108,97716973,27547137,4508510016,020 WATER OPERATING FUND,28 WATER
2018,1,1,01 PERSONAL SERVICES,101,PERM FULL TIME-CIVILIAN             0101,20,28,2973349,4511483365,4511483365,73774365,31552457,31552457,97716973,30520486,4511483365,020 WATER OPERATING FUND,28 WATER
2018,1,1,01 PERSONAL SERVICES,101,PERM FULL TIME-CIVILIAN             0101,20,28,2210961,4513694326,4513694326,75985326,33763418,33763418,97716973,32731447,4513694326,020 WATER OPERATING FUND,28 WATER
2018,1,1,01 PERSONAL SERVICES,101,PERM FULL TIME-CIVILIAN             0101,20,28,1450841,4515145167,4515145167,77436167,35214259,35214259,97716973,34182288,4515145167,020 WATER OPERATING FUND,28 WATER
2018,1,1,01 PERSONAL SERVICES,101,PERM FULL TIME-CIVILIAN             0101,20,28,1533542,4516678709,4516678709,78969709,36747801,36747801,97716973,35715830,4516678709,020 WATER OPERATING FUND,28 WATER
2018,1,1,01 PERSONAL SERVICES,101,PERM FULL TIME-CIVILIAN             0101,20,28,1759227,4518437936,4518437936,80728936,38507028,38507028,97716973,37475057,4518437936,020 WATER OPERATING FUND,28 WATER
2018,1,1,01 PERSONAL SERVICES,101,PERM FULL TIME-CIVILIAN             0101,20,28,10618409,4529056345,4529056345,91347345,49125437,49125437,97716973,48093466,4529056345,020 WATER OPERATING FUND,28 WATER
2018,1,1,01 PERSONAL SERVICES,101,PERM FULL TIME-CIVILIAN             0101,20,28,1471343,4530527688,4530527688,92818688,50596780,50596780,97716973,49564809,4530527688,020 WATER OPERATING FUND,28 WATER
2018,1,1,01 PERSONAL SERVICES,101,PERM FULL TIME-CIVILIAN             0101,20,28,1582726,4532110414,4532110414,94401414,52179506,52179506,97716973,51147535,4532110414,020 WATER OPERATING FUND,28 WATER
2018,1,1,01 PERSONAL SERVICES,101,PERM FULL TIME-CIVILIAN             0101,20,28,2513739,4534624153,4534624153,96915153,54693245,54693245,97716973,53661274,4534624153,020 WATER OPERATING FUND,28 WATER
2018,1,1,01 PERSONAL SERVICES,101,PERM FULL TIME-CIVILIAN             0101,20,28,2436892,4537061045,4537061045,99352045,57130137,57130137,97716973,56098166,4537061045,020 WATER OPERATING FUND,28 WATER
2018,1,1,01 PERSONAL SERVICES,101,PERM FULL TIME-CIVILIAN             0101,20,28,1739894,4538800939,4538800939,101091939,58870031,58870031,97716973,57838060,4538800939,020 WATER OPERATING FUND,28 WATER
2018,1,1,01 PERSONAL SERVICES,101,PERM FULL TIME-CIVILIAN             0101,20,28,1036340,4539837279,4539837279,102128279,59906371,59906371,97716973,58874400,4539837279,020 WATER OPERATING FUND,28 WATER
2018,1,1,01 PERSONAL SERVICES,101,PERM FULL TIME-CIVILIAN             0101,20,28,2525393,4542362672,4542362672,104653672,62431764,62431764,97716973,61399793,4542362672,020 WATER OPERATING FUND,28 WATER
2018,1,1,01 PERSONAL SERVICES,101,PERM FULL TIME-CIVILIAN             0101,20,28,312228,4542674900,4542674900,104965900,62743992,62743992,97716973,61712021,4542674900,020 WATER OPERATING FUND,28 WATER
2018,1,1,01 PERSONAL SERVICES,101,PERM FULL TIME-CIVILIAN             0101,20,28,1074097,4543748997,4543748997,106039997,63818089,63818089,97716973,62786118,4543748997,020 WATER OPERATING FUND,28 WATER
2018,1,1,01 PERSONAL SERVICES,101,PERM FULL TIME-CIVILIAN             0101,20,28,313302,4544062299,4544062299,106353299,64131391,64131391,97716973,63099420,4544062299,020 WATER OPERATING FUND,28 WATER
2018,1,1,01 PERSONAL SERVICES,101,PERM FULL TIME-CIVILIAN             0101,20,28,2573983,4546636282,4546636282,108927282,66705374,66705374,97716973,65673403,4546636282,020 WATER OPERATING FUND,28 WATER
2018,1,1,01 PERSONAL SERVICES,101,PERM FULL TIME-CIVILIAN             0101,20,28,3662203,4550298485,4550298485,112589485,70367577,70367577,97716973,69335606,4550298485,020 WATER OPERATING FUND,28 WATER
2018,1,1,01 PERSONAL SERVICES,101,PERM FULL TIME-CIVILIAN             0101,20,28,443710,4550742195,4550742195,113033195,70811287,70811287,97716973,69779316,4550742195,020 WATER OPERATING FUND,28 WATER
2018,1,1,01 PERSONAL SERVICES,101,PERM FULL TIME-CIVILIAN             0101,20,28,863430,4551605625,4551605625,113896625,71674717,71674717,97716973,70642746,4551605625,020 WATER OPERATING FUND,28 WATER
2018,1,1,01 PERSONAL SERVICES,101,PERM FULL TIME-CIVILIAN             0101,20,28,4008232,4555613857,4555613857,117904857,75682949,75682949,97716973,74650978,4555613857,020 WATER OPERATING FUND,28 WATER
2018,1,1,01 PERSONAL SERVICES,101,PERM FULL TIME-CIVILIAN             0101,20,28,4204292,4559818149,4559818149,122109149,79887241,79887241,97716973,78855270,4559818149,020 WATER OPERATING FUND,28 WATER
2018,1,1,01 PERSONAL SERVICES,101,PERM FULL TIME-CIVILIAN             0101,20,28,1400188,4561218337,4561218337,123509337,81287429,81287429,97716973,80255458,4561218337,020 WATER OPERATING FUND,28 WATER
2018,1,1,01 PERSONAL SERVICES,101,PERM FULL TIME-CIVILIAN             0101,20,28,3077763,4564296100,4564296100,126587100,84365192,84365192,97716973,83333221,4564296100,020 WATER OPERATING FUND,28 WATER
2018,1,1,01 PERSONAL SERVICES,101,PERM FULL TIME-CIVILIAN             0101,20,28,5835757,4570131857,4570131857,132422857,90200949,90200949,97716973,89168978,4570131857,020 WATER OPERATING FUND,28 WATER
2018,1,1,01 PERSONAL SERVICES,101,PERM FULL TIME-CIVILIAN             0101,20,28,8547995,4578679852,4578679852,140970852,98748944,98748944,97716973,97716973,4578679852,020 WATER OPERATING FUND,28 WATER
2018,1,1,01 PERSONAL SERVICES,111,PERM PART TIME                      0111,20,28,31800,4578711652,4578711652,141002652,98780744,98780744,31800,31800,4578711652,020 WATER OPERATING FUND,28 WATER
2018,1,1,01 PERSONAL SERVICES,121,TEMPORARY/SEASONAL                  0121,20,28,33000,4578744652,4578744652,141035652,98813744,98813744,1829341,33000,4578744652,020 WATER OPERATING FUND,28 WATER
2018,1,1,01 PERSONAL SERVICES,121,TEMPORARY/SEASONAL                  0121,20,28,10000,4578754652,4578754652,141045652,98823744,98823744,1829341,43000,4578754652,020 WATER OPERATING FUND,28 WATER
2018,1,1,01 PERSONAL SERVICES,121,TEMPORARY/SEASONAL                  0121,20,28,34000,4578788652,4578788652,141079652,98857744,98857744,1829341,77000,4578788652,020 WATER OPERATING FUND,28 WATER
2018,1,1,01 PERSONAL SERVICES,121,TEMPORARY/SEASONAL                  0121,20,28,36050,4578824702,4578824702,141115702,98893794,98893794,1829341,113050,4578824702,020 WATER OPERATING FUND,28 WATER
2018,1,1,01 PERSONAL SERVICES,121,TEMPORARY/SEASONAL                  0121,20,28,90000,4578914702,4578914702,141205702,98983794,98983794,1829341,203050,4578914702,020 WATER OPERATING FUND,28 WATER
2018,1,1,01 PERSONAL SERVICES,121,TEMPORARY/SEASONAL                  0121,20,28,62000,4578976702,4578976702,141267702,99045794,99045794,1829341,265050,4578976702,020 WATER OPERATING FUND,28 WATER
2018,1,1,01 PERSONAL SERVICES,121,TEMPORARY/SEASONAL                  0121,20,28,67000,4579043702,4579043702,141334702,99112794,99112794,1829341,332050,4579043702,020 WATER OPERATING FUND,28 WATER
2018,1,1,01 PERSONAL SERVICES,121,TEMPORARY/SEASONAL                  0121,20,28,130000,4579173702,4579173702,141464702,99242794,99242794,1829341,462050,4579173702,020 WATER OPERATING FUND,28 WATER
2018,1,1,01 PERSONAL SERVICES,121,TEMPORARY/SEASONAL                  0121,20,28,50000,4579223702,4579223702,141514702,99292794,99292794,1829341,512050,4579223702,020 WATER OPERATING FUND,28 WATER
2018,1,1,01 PERSONAL SERVICES,121,TEMPORARY/SEASONAL                  0121,20,28,14420,4579238122,4579238122,141529122,99307214,99307214,1829341,526470,4579238122,020 WATER OPERATING FUND,28 WATER
2018,1,1,01 PERSONAL SERVICES,121,TEMPORARY/SEASONAL                  0121,20,28,15450,4579253572,4579253572,141544572,99322664,99322664,1829341,541920,4579253572,020 WATER OPERATING FUND,28 WATER
2018,1,1,01 PERSONAL SERVICES,121,TEMPORARY/SEASONAL                  0121,20,28,183000,4579436572,4579436572,141727572,99505664,99505664,1829341,724920,4579436572,020 WATER OPERATING FUND,28 WATER
2018,1,1,01 PERSONAL SERVICES,121,TEMPORARY/SEASONAL                  0121,20,28,52000,4579488572,4579488572,141779572,99557664,99557664,1829341,776920,4579488572,020 WATER OPERATING FUND,28 WATER
2018,1,1,01 PERSONAL SERVICES,121,TEMPORARY/SEASONAL                  0121,20,28,294923,4579783495,4579783495,142074495,99852587,99852587,1829341,1071843,4579783495,020 WATER OPERATING FUND,28 WATER
2018,1,1,01 PERSONAL SERVICES,121,TEMPORARY/SEASONAL                  0121,20,28,203952,4579987447,4579987447,142278447,100056539,100056539,1829341,1275795,4579987447,020 WATER OPERATING FUND,28 WATER
2018,1,1,01 PERSONAL SERVICES,121,TEMPORARY/SEASONAL                  0121,20,28,36050,4580023497,4580023497,142314497,100092589,100092589,1829341,1311845,4580023497,020 WATER OPERATING FUND,28 WATER
2018,1,1,01 PERSONAL SERVICES,121,TEMPORARY/SEASONAL                  0121,20,28,318027,4580341524,4580341524,142632524,100410616,100410616,1829341,1629872,4580341524,020 WATER OPERATING FUND,28 WATER
2018,1,1,01 PERSONAL SERVICES,121,TEMPORARY/SEASONAL                  0121,20,28,33100,4580374624,4580374624,142665624,100443716,100443716,1829341,1662972,4580374624,020 WATER OPERATING FUND,28 WATER
2018,1,1,01 PERSONAL SERVICES,121,TEMPORARY/SEASONAL                  0121,20,28,130319,4580504943,4580504943,142795943,100574035,100574035,1829341,1793291,4580504943,020 WATER OPERATING FUND,28 WATER
2018,1,1,01 PERSONAL SERVICES,121,TEMPORARY/SEASONAL                  0121,20,28,36050,4580540993,4580540993,142831993,100610085,100610085,1829341,1829341,4580540993,020 WATER OPERATING FUND,28 WATER
2018,1,1,01 PERSONAL SERVICES,161,OVERTIME-CIVILIAN                   0161,20,28,7000,4580547993,4580547993,142838993,100617085,100617085,15006522,7000,4580547993,020 WATER OPERATING FUND,28 WATER
2018,1,1,01 PERSONAL SERVICES,161,OVERTIME-CIVILIAN                   0161,20,28,121540,4580669533,4580669533,142960533,100738625,100738625,15006522,128540,4580669533,020 WATER OPERATING FUND,28 WATER
2018,1,1,01 PERSONAL SERVICES,161,OVERTIME-CIVILIAN                   0161,20,28,12000,4580681533,4580681533,142972533,100750625,100750625,15006522,140540,4580681533,020 WATER OPERATING FUND,28 WATER
2018,1,1,01 PERSONAL SERVICES,161,OVERTIME-CIVILIAN                   0161,20,28,5000,4580686533,4580686533,142977533,100755625,100755625,15006522,145540,4580686533,020 WATER OPERATING FUND,28 WATER
2018,1,1,01 PERSONAL SERVICES,161,OVERTIME-CIVILIAN                   0161,20,28,125000,4580811533,4580811533,143102533,100880625,100880625,15006522,270540,4580811533,020 WATER OPERATING FUND,28 WATER
2018,1,1,01 PERSONAL SERVICES,161,OVERTIME-CIVILIAN                   0161,20,28,890000,4581701533,4581701533,143992533,101770625,101770625,15006522,1160540,4581701533,020 WATER OPERATING FUND,28 WATER
2018,1,1,01 PERSONAL SERVICES,161,OVERTIME-CIVILIAN                   0161,20,28,329600,4582031133,4582031133,144322133,102100225,102100225,15006522,1490140,4582031133,020 WATER OPERATING FUND,28 WATER
2018,1,1,01 PERSONAL SERVICES,161,OVERTIME-CIVILIAN                   0161,20,28,294580,4582325713,4582325713,144616713,102394805,102394805,15006522,1784720,4582325713,020 WATER OPERATING FUND,28 WATER
2018,1,1,01 PERSONAL SERVICES,161,OVERTIME-CIVILIAN                   0161,20,28,70000,4582395713,4582395713,144686713,102464805,102464805,15006522,1854720,4582395713,020 WATER OPERATING FUND,28 WATER
2018,1,1,01 PERSONAL SERVICES,161,OVERTIME-CIVILIAN                   0161,20,28,156072,4582551785,4582551785,144842785,102620877,102620877,15006522,2010792,4582551785,020 WATER OPERATING FUND,28 WATER
2018,1,1,01 PERSONAL SERVICES,161,OVERTIME-CIVILIAN                   0161,20,28,430000,4582981785,4582981785,145272785,103050877,103050877,15006522,2440792,4582981785,020 WATER OPERATING FUND,28 WATER
2018,1,1,01 PERSONAL SERVICES,161,OVERTIME-CIVILIAN                   0161,20,28,4000,4582985785,4582985785,145276785,103054877,103054877,15006522,2444792,4582985785,020 WATER OPERATING FUND,28 WATER
2018,1,1,01 PERSONAL SERVICES,161,OVERTIME-CIVILIAN                   0161,20,28,10300,4582996085,4582996085,145287085,103065177,103065177,15006522,2455092,4582996085,020 WATER OPERATING FUND,28 WATER
2018,1,1,01 PERSONAL SERVICES,161,OVERTIME-CIVILIAN                   0161,20,28,140000,4583136085,4583136085,145427085,103205177,103205177,15006522,2595092,4583136085,020 WATER OPERATING FUND,28 WATER
2018,1,1,01 PERSONAL SERVICES,161,OVERTIME-CIVILIAN                   0161,20,28,70000,4583206085,4583206085,145497085,103275177,103275177,15006522,2665092,4583206085,020 WATER OPERATING FUND,28 WATER
2018,1,1,01 PERSONAL SERVICES,161,OVERTIME-CIVILIAN                   0161,20,28,4010270,4587216355,4587216355,149507355,107285447,107285447,15006522,6675362,4587216355,020 WATER OPERATING FUND,28 WATER
2018,1,1,01 PERSONAL SERVICES,161,OVERTIME-CIVILIAN                   0161,20,28,297000,4587513355,4587513355,149804355,107582447,107582447,15006522,6972362,4587513355,020 WATER OPERATING FUND,28 WATER
2018,1,1,01 PERSONAL SERVICES,161,OVERTIME-CIVILIAN                   0161,20,28,3000,4587516355,4587516355,149807355,107585447,107585447,15006522,6975362,4587516355,020 WATER OPERATING FUND,28 WATER
2018,1,1,01 PERSONAL SERVICES,161,OVERTIME-CIVILIAN                   0161,20,28,139050,4587655405,4587655405,149946405,107724497,107724497,15006522,7114412,4587655405,020 WATER OPERATING FUND,28 WATER
2018,1,1,01 PERSONAL SERVICES,161,OVERTIME-CIVILIAN                   0161,20,28,7210,4587662615,4587662615,149953615,107731707,107731707,15006522,7121622,4587662615,020 WATER OPERATING FUND,28 WATER
2018,1,1,01 PERSONAL SERVICES,161,OVERTIME-CIVILIAN                   0161,20,28,474286,4588136901,4588136901,150427901,108205993,108205993,15006522,7595908,4588136901,020 WATER OPERATING FUND,28 WATER
2018,1,1,01 PERSONAL SERVICES,161,OVERTIME-CIVILIAN                   0161,20,28,10000,4588146901,4588146901,150437901,108215993,108215993,15006522,7605908,4588146901,020 WATER OPERATING FUND,28 WATER
2018,1,1,01 PERSONAL SERVICES,161,OVERTIME-CIVILIAN                   0161,20,28,30000,4588176901,4588176901,150467901,108245993,108245993,15006522,7635908,4588176901,020 WATER OPERATING FUND,28 WATER
2018,1,1,01 PERSONAL SERVICES,161,OVERTIME-CIVILIAN                   0161,20,28,452170,4588629071,4588629071,150920071,108698163,108698163,15006522,8088078,4588629071,020 WATER OPERATING FUND,28 WATER
2018,1,1,01 PERSONAL SERVICES,161,OVERTIME-CIVILIAN                   0161,20,28,5150,4588634221,4588634221,150925221,108703313,108703313,15006522,8093228,4588634221,020 WATER OPERATING FUND,28 WATER
2018,1,1,01 PERSONAL SERVICES,161,OVERTIME-CIVILIAN                   0161,20,28,379674,4589013895,4589013895,151304895,109082987,109082987,15006522,8472902,4589013895,020 WATER OPERATING FUND,28 WATER
2018,1,1,01 PERSONAL SERVICES,161,OVERTIME-CIVILIAN                   0161,20,28,10300,4589024195,4589024195,151315195,109093287,109093287,15006522,8483202,4589024195,020 WATER OPERATING FUND,28 WATER
2018,1,1,01 PERSONAL SERVICES,161,OVERTIME-CIVILIAN                   0161,20,28,453200,4589477395,4589477395,151768395,109546487,109546487,15006522,8936402,4589477395,020 WATER OPERATING FUND,28 WATER
2018,1,1,01 PERSONAL SERVICES,161,OVERTIME-CIVILIAN                   0161,20,28,343991,4589821386,4589821386,152112386,109890478,109890478,15006522,9280393,4589821386,020 WATER OPERATING FUND,28 WATER
2018,1,1,01 PERSONAL SERVICES,161,OVERTIME-CIVILIAN                   0161,20,28,15000,4589836386,4589836386,152127386,109905478,109905478,15006522,9295393,4589836386,020 WATER OPERATING FUND,28 WATER
2018,1,1,01 PERSONAL SERVICES,161,OVERTIME-CIVILIAN                   0161,20,28,25510,4589861896,4589861896,152152896,109930988,109930988,15006522,9320903,4589861896,020 WATER OPERATING FUND,28 WATER
2018,1,1,01 PERSONAL SERVICES,161,OVERTIME-CIVILIAN                   0161,20,28,480366,4590342262,4590342262,152633262,110411354,110411354,15006522,9801269,4590342262,020 WATER OPERATING FUND,28 WATER
2018,1,1,01 PERSONAL SERVICES,161,OVERTIME-CIVILIAN                   0161,20,28,726065,4591068327,4591068327,153359327,111137419,111137419,15006522,10527334,4591068327,020 WATER OPERATING FUND,28 WATER
2018,1,1,01 PERSONAL SERVICES,161,OVERTIME-CIVILIAN                   0161,20,28,150000,4591218327,4591218327,153509327,111287419,111287419,15006522,10677334,4591218327,020 WATER OPERATING FUND,28 WATER
2018,1,1,01 PERSONAL SERVICES,161,OVERTIME-CIVILIAN                   0161,20,28,660000,4591878327,4591878327,154169327,111947419,111947419,15006522,11337334,4591878327,020 WATER OPERATING FUND,28 WATER
2018,1,1,01 PERSONAL SERVICES,161,OVERTIME-CIVILIAN                   0161,20,28,958000,4592836327,4592836327,155127327,112905419,112905419,15006522,12295334,4592836327,020 WATER OPERATING FUND,28 WATER
2018,1,1,01 PERSONAL SERVICES,161,OVERTIME-CIVILIAN                   0161,20,28,1806038,4594642365,4594642365,156933365,114711457,114711457,15006522,14101372,4594642365,020 WATER OPERATING FUND,28 WATER
2018,1,1,01 PERSONAL SERVICES,161,OVERTIME-CIVILIAN                   0161,20,28,900000,4595542365,4595542365,157833365,115611457,115611457,15006522,15001372,4595542365,020 WATER OPERATING FUND,28 WATER
2018,1,1,01 PERSONAL SERVICES,161,OVERTIME-CIVILIAN                   0161,20,28,5150,4595547515,4595547515,157838515,115616607,115616607,15006522,15006522,4595547515,020 WATER OPERATING FUND,28 WATER
2018,1,1,01 PERSONAL SERVICES,162,OVERTIME/SHIFT-DUAL/RELIEF          0162,20,28,2060,4595549575,4595549575,157840575,115618667,115618667,28660,2060,4595549575,020 WATER OPERATING FUND,28 WATER
2018,1,1,01 PERSONAL SERVICES,162,OVERTIME/SHIFT-DUAL/RELIEF          0162,20,28,5000,4595554575,4595554575,157845575,115623667,115623667,28660,7060,4595554575,020 WATER OPERATING FUND,28 WATER
2018,1,1,01 PERSONAL SERVICES,162,OVERTIME/SHIFT-DUAL/RELIEF          0162,20,28,15450,4595570025,4595570025,157861025,115639117,115639117,28660,22510,4595570025,020 WATER OPERATING FUND,28 WATER
2018,1,1,01 PERSONAL SERVICES,162,OVERTIME/SHIFT-DUAL/RELIEF          0162,20,28,5150,4595575175,4595575175,157866175,115644267,115644267,28660,27660,4595575175,020 WATER OPERATING FUND,28 WATER
2018,1,1,01 PERSONAL SERVICES,162,OVERTIME/SHIFT-DUAL/RELIEF          0162,20,28,1000,4595576175,4595576175,157867175,115645267,115645267,28660,28660,4595576175,020 WATER OPERATING FUND,28 WATER
2018,1,1,01 PERSONAL SERVICES,171,"HOLIDAY ""G""(2/3 SHIFTS)             0171",20,28,21000,4595597175,4595597175,157888175,115666267,115666267,545514,21000,4595597175,020 WATER OPERATING FUND,28 WATER
2018,1,1,01 PERSONAL SERVICES,171,"HOLIDAY ""G""(2/3 SHIFTS)             0171",20,28,2060,4595599235,4595599235,157890235,115668327,115668327,545514,23060,4595599235,020 WATER OPERATING FUND,28 WATER
2018,1,1,01 PERSONAL SERVICES,171,"HOLIDAY ""G""(2/3 SHIFTS)             0171",20,28,1000,4595600235,4595600235,157891235,115669327,115669327,545514,24060,4595600235,020 WATER OPERATING FUND,28 WATER
2018,1,1,01 PERSONAL SERVICES,171,"HOLIDAY ""G""(2/3 SHIFTS)             0171",20,28,115000,4595715235,4595715235,158006235,115784327,115784327,545514,139060,4595715235,020 WATER OPERATING FUND,28 WATER
2018,1,1,01 PERSONAL SERVICES,171,"HOLIDAY ""G""(2/3 SHIFTS)             0171",20,28,36000,4595751235,4595751235,158042235,115820327,115820327,545514,175060,4595751235,020 WATER OPERATING FUND,28 WATER
2018,1,1,01 PERSONAL SERVICES,171,"HOLIDAY ""G""(2/3 SHIFTS)             0171",20,28,8240,4595759475,4595759475,158050475,115828567,115828567,545514,183300,4595759475,020 WATER OPERATING FUND,28 WATER
2018,1,1,01 PERSONAL SERVICES,171,"HOLIDAY ""G""(2/3 SHIFTS)             0171",20,28,29777,4595789252,4595789252,158080252,115858344,115858344,545514,213077,4595789252,020 WATER OPERATING FUND,28 WATER
2018,1,1,01 PERSONAL SERVICES,171,"HOLIDAY ""G""(2/3 SHIFTS)             0171",20,28,24720,4595813972,4595813972,158104972,115883064,115883064,545514,237797,4595813972,020 WATER OPERATING FUND,28 WATER
2018,1,1,01 PERSONAL SERVICES,171,"HOLIDAY ""G""(2/3 SHIFTS)             0171",20,28,30900,4595844872,4595844872,158135872,115913964,115913964,545514,268697,4595844872,020 WATER OPERATING FUND,28 WATER
2018,1,1,01 PERSONAL SERVICES,171,"HOLIDAY ""G""(2/3 SHIFTS)             0171",20,28,25750,4595870622,4595870622,158161622,115939714,115939714,545514,294447,4595870622,020 WATER OPERATING FUND,28 WATER
2018,1,1,01 PERSONAL SERVICES,171,"HOLIDAY ""G""(2/3 SHIFTS)             0171",20,28,4635,4595875257,4595875257,158166257,115944349,115944349,545514,299082,4595875257,020 WATER OPERATING FUND,28 WATER
2018,1,1,01 PERSONAL SERVICES,171,"HOLIDAY ""G""(2/3 SHIFTS)             0171",20,28,3090,4595878347,4595878347,158169347,115947439,115947439,545514,302172,4595878347,020 WATER OPERATING FUND,28 WATER
2018,1,1,01 PERSONAL SERVICES,171,"HOLIDAY ""G""(2/3 SHIFTS)             0171",20,28,8240,4595886587,4595886587,158177587,115955679,115955679,545514,310412,4595886587,020 WATER OPERATING FUND,28 WATER
2018,1,1,01 PERSONAL SERVICES,171,"HOLIDAY ""G""(2/3 SHIFTS)             0171",20,28,20600,4595907187,4595907187,158198187,115976279,115976279,545514,331012,4595907187,020 WATER OPERATING FUND,28 WATER
2018,1,1,01 PERSONAL SERVICES,171,"HOLIDAY ""G""(2/3 SHIFTS)             0171",20,28,3000,4595910187,4595910187,158201187,115979279,115979279,545514,334012,4595910187,020 WATER OPERATING FUND,28 WATER
2018,1,1,01 PERSONAL SERVICES,171,"HOLIDAY ""G""(2/3 SHIFTS)             0171",20,28,37100,4595947287,4595947287,158238287,116016379,116016379,545514,371112,4595947287,020 WATER OPERATING FUND,28 WATER
2018,1,1,01 PERSONAL SERVICES,171,"HOLIDAY ""G""(2/3 SHIFTS)             0171",20,28,1192,4595948479,4595948479,158239479,116017571,116017571,545514,372304,4595948479,020 WATER OPERATING FUND,28 WATER
2018,1,1,01 PERSONAL SERVICES,171,"HOLIDAY ""G""(2/3 SHIFTS)             0171",20,28,5100,4595953579,4595953579,158244579,116022671,116022671,545514,377404,4595953579,020 WATER OPERATING FUND,28 WATER
2018,1,1,01 PERSONAL SERVICES,171,"HOLIDAY ""G""(2/3 SHIFTS)             0171",20,28,1030,4595954609,4595954609,158245609,116023701,116023701,545514,378434,4595954609,020 WATER OPERATING FUND,28 WATER
2018,1,1,01 PERSONAL SERVICES,171,"HOLIDAY ""G""(2/3 SHIFTS)             0171",20,28,18000,4595972609,4595972609,158263609,116041701,116041701,545514,396434,4595972609,020 WATER OPERATING FUND,28 WATER
2018,1,1,01 PERSONAL SERVICES,171,"HOLIDAY ""G""(2/3 SHIFTS)             0171",20,28,1030,4595973639,4595973639,158264639,116042731,116042731,545514,397464,4595973639,020 WATER OPERATING FUND,28 WATER
2018,1,1,01 PERSONAL SERVICES,171,"HOLIDAY ""G""(2/3 SHIFTS)             0171",20,28,55000,4596028639,4596028639,158319639,116097731,116097731,545514,452464,4596028639,020 WATER OPERATING FUND,28 WATER
2018,1,1,01 PERSONAL SERVICES,171,"HOLIDAY ""G""(2/3 SHIFTS)             0171",20,28,57000,4596085639,4596085639,158376639,116154731,116154731,545514,509464,4596085639,020 WATER OPERATING FUND,28 WATER
2018,1,1,01 PERSONAL SERVICES,171,"HOLIDAY ""G""(2/3 SHIFTS)             0171",20,28,36050,4596121689,4596121689,158412689,116190781,116190781,545514,545514,4596121689,020 WATER OPERATING FUND,28 WATER
2018,1,1,01 PERSONAL SERVICES,181,SHIFT                               0181,20,28,3090,4596124779,4596124779,158415779,116193871,116193871,279513,3090,4596124779,020 WATER OPERATING FUND,28 WATER
2018,1,1,01 PERSONAL SERVICES,181,SHIFT                               0181,20,28,19000,4596143779,4596143779,158434779,116212871,116212871,279513,22090,4596143779,020 WATER OPERATING FUND,28 WATER
2018,1,1,01 PERSONAL SERVICES,181,SHIFT                               0181,20,28,2060,4596145839,4596145839,158436839,116214931,116214931,279513,24150,4596145839,020 WATER OPERATING FUND,28 WATER
2018,1,1,01 PERSONAL SERVICES,181,SHIFT                               0181,20,28,2060,4596147899,4596147899,158438899,116216991,116216991,279513,26210,4596147899,020 WATER OPERATING FUND,28 WATER
2018,1,1,01 PERSONAL SERVICES,181,SHIFT                               0181,20,28,515,4596148414,4596148414,158439414,116217506,116217506,279513,26725,4596148414,020 WATER OPERATING FUND,28 WATER
2018,1,1,01 PERSONAL SERVICES,181,SHIFT                               0181,20,28,1236,4596149650,4596149650,158440650,116218742,116218742,279513,27961,4596149650,020 WATER OPERATING FUND,28 WATER
2018,1,1,01 PERSONAL SERVICES,181,SHIFT                               0181,20,28,8000,4596157650,4596157650,158448650,116226742,116226742,279513,35961,4596157650,020 WATER OPERATING FUND,28 WATER
2018,1,1,01 PERSONAL SERVICES,181,SHIFT                               0181,20,28,1000,4596158650,4596158650,158449650,116227742,116227742,279513,36961,4596158650,020 WATER OPERATING FUND,28 WATER
2018,1,1,01 PERSONAL SERVICES,181,SHIFT                               0181,20,28,60000,4596218650,4596218650,158509650,116287742,116287742,279513,96961,4596218650,020 WATER OPERATING FUND,28 WATER
2018,1,1,01 PERSONAL SERVICES,181,SHIFT                               0181,20,28,11000,4596229650,4596229650,158520650,116298742,116298742,279513,107961,4596229650,020 WATER OPERATING FUND,28 WATER
2018,1,1,01 PERSONAL SERVICES,181,SHIFT                               0181,20,28,4120,4596233770,4596233770,158524770,116302862,116302862,279513,112081,4596233770,020 WATER OPERATING FUND,28 WATER
2018,1,1,01 PERSONAL SERVICES,181,SHIFT                               0181,20,28,14111,4596247881,4596247881,158538881,116316973,116316973,279513,126192,4596247881,020 WATER OPERATING FUND,28 WATER
2018,1,1,01 PERSONAL SERVICES,181,SHIFT                               0181,20,28,12360,4596260241,4596260241,158551241,116329333,116329333,279513,138552,4596260241,020 WATER OPERATING FUND,28 WATER
2018,1,1,01 PERSONAL SERVICES,181,SHIFT                               0181,20,28,13390,4596273631,4596273631,158564631,116342723,116342723,279513,151942,4596273631,020 WATER OPERATING FUND,28 WATER
2018,1,1,01 PERSONAL SERVICES,181,SHIFT                               0181,20,28,11330,4596284961,4596284961,158575961,116354053,116354053,279513,163272,4596284961,020 WATER OPERATING FUND,28 WATER
2018,1,1,01 PERSONAL SERVICES,181,SHIFT                               0181,20,28,4635,4596289596,4596289596,158580596,116358688,116358688,279513,167907,4596289596,020 WATER OPERATING FUND,28 WATER
2018,1,1,01 PERSONAL SERVICES,181,SHIFT                               0181,20,28,2060,4596291656,4596291656,158582656,116360748,116360748,279513,169967,4596291656,020 WATER OPERATING FUND,28 WATER
2018,1,1,01 PERSONAL SERVICES,181,SHIFT                               0181,20,28,4120,4596295776,4596295776,158586776,116364868,116364868,279513,174087,4596295776,020 WATER OPERATING FUND,28 WATER
2018,1,1,01 PERSONAL SERVICES,181,SHIFT                               0181,20,28,22966,4596318742,4596318742,158609742,116387834,116387834,279513,197053,4596318742,020 WATER OPERATING FUND,28 WATER
2018,1,1,01 PERSONAL SERVICES,181,SHIFT                               0181,20,28,2000,4596320742,4596320742,158611742,116389834,116389834,279513,199053,4596320742,020 WATER OPERATING FUND,28 WATER
2018,1,1,01 PERSONAL SERVICES,181,SHIFT                               0181,20,28,16500,4596337242,4596337242,158628242,116406334,116406334,279513,215553,4596337242,020 WATER OPERATING FUND,28 WATER
2018,1,1,01 PERSONAL SERVICES,181,SHIFT                               0181,20,28,32960,4596370202,4596370202,158661202,116439294,116439294,279513,248513,4596370202,020 WATER OPERATING FUND,28 WATER
2018,1,1,01 PERSONAL SERVICES,181,SHIFT                               0181,20,28,25000,4596395202,4596395202,158686202,116464294,116464294,279513,273513,4596395202,020 WATER OPERATING FUND,28 WATER
2018,1,1,01 PERSONAL SERVICES,181,SHIFT                               0181,20,28,6000,4596401202,4596401202,158692202,116470294,116470294,279513,279513,4596401202,020 WATER OPERATING FUND,28 WATER
2018,1,2,02 PURCHASE OF SERVICES,201,CLEANING AND LAUNDERING             0201,20,28,19000,4596420202,4596420202,158711202,116489294,19000,60450,19000,4596420202,020 WATER OPERATING FUND,28 WATER
2018,1,2,02 PURCHASE OF SERVICES,201,CLEANING AND LAUNDERING             0201,20,28,2100,4596422302,4596422302,158713302,116491394,21100,60450,21100,4596422302,020 WATER OPERATING FUND,28 WATER
2018,1,2,02 PURCHASE OF SERVICES,201,CLEANING AND LAUNDERING             0201,20,28,1500,4596423802,4596423802,158714802,116492894,22600,60450,22600,4596423802,020 WATER OPERATING FUND,28 WATER
2018,1,2,02 PURCHASE OF SERVICES,201,CLEANING AND LAUNDERING             0201,20,28,2000,4596425802,4596425802,158716802,116494894,24600,60450,24600,4596425802,020 WATER OPERATING FUND,28 WATER
2018,1,2,02 PURCHASE OF SERVICES,201,CLEANING AND LAUNDERING             0201,20,28,2000,4596427802,4596427802,158718802,116496894,26600,60450,26600,4596427802,020 WATER OPERATING FUND,28 WATER
2018,1,2,02 PURCHASE OF SERVICES,201,CLEANING AND LAUNDERING             0201,20,28,2400,4596430202,4596430202,158721202,116499294,29000,60450,29000,4596430202,020 WATER OPERATING FUND,28 WATER
2018,1,2,02 PURCHASE OF SERVICES,201,CLEANING AND LAUNDERING             0201,20,28,9500,4596439702,4596439702,158730702,116508794,38500,60450,38500,4596439702,020 WATER OPERATING FUND,28 WATER
2018,1,2,02 PURCHASE OF SERVICES,201,CLEANING AND LAUNDERING             0201,20,28,9500,4596449202,4596449202,158740202,116518294,48000,60450,48000,4596449202,020 WATER OPERATING FUND,28 WATER
2018,1,2,02 PURCHASE OF SERVICES,201,CLEANING AND LAUNDERING             0201,20,28,3000,4596452202,4596452202,158743202,116521294,51000,60450,51000,4596452202,020 WATER OPERATING FUND,28 WATER
2018,1,2,02 PURCHASE OF SERVICES,201,CLEANING AND LAUNDERING             0201,20,28,1500,4596453702,4596453702,158744702,116522794,52500,60450,52500,4596453702,020 WATER OPERATING FUND,28 WATER
2018,1,2,02 PURCHASE OF SERVICES,201,CLEANING AND LAUNDERING             0201,20,28,2850,4596456552,4596456552,158747552,116525644,55350,60450,55350,4596456552,020 WATER OPERATING FUND,28 WATER
2018,1,2,02 PURCHASE OF SERVICES,201,CLEANING AND LAUNDERING             0201,20,28,3100,4596459652,4596459652,158750652,116528744,58450,60450,58450,4596459652,020 WATER OPERATING FUND,28 WATER
2018,1,2,02 PURCHASE OF SERVICES,201,CLEANING AND LAUNDERING             0201,20,28,2000,4596461652,4596461652,158752652,116530744,60450,60450,60450,4596461652,020 WATER OPERATING FUND,28 WATER
2018,1,2,02 PURCHASE OF SERVICES,202,JANITORIAL SERVICES                 0202,20,28,11400,4596473052,4596473052,158764052,116542144,71850,107550,11400,4596473052,020 WATER OPERATING FUND,28 WATER
2018,1,2,02 PURCHASE OF SERVICES,202,JANITORIAL SERVICES                 0202,20,28,10450,4596483502,4596483502,158774502,116552594,82300,107550,21850,4596483502,020 WATER OPERATING FUND,28 WATER
2018,1,2,02 PURCHASE OF SERVICES,202,JANITORIAL SERVICES                 0202,20,28,4000,4596487502,4596487502,158778502,116556594,86300,107550,25850,4596487502,020 WATER OPERATING FUND,28 WATER
2018,1,2,02 PURCHASE OF SERVICES,202,JANITORIAL SERVICES                 0202,20,28,3800,4596491302,4596491302,158782302,116560394,90100,107550,29650,4596491302,020 WATER OPERATING FUND,28 WATER
2018,1,2,02 PURCHASE OF SERVICES,202,JANITORIAL SERVICES                 0202,20,28,1000,4596492302,4596492302,158783302,116561394,91100,107550,30650,4596492302,020 WATER OPERATING FUND,28 WATER
2018,1,2,02 PURCHASE OF SERVICES,202,JANITORIAL SERVICES                 0202,20,28,5000,4596497302,4596497302,158788302,116566394,96100,107550,35650,4596497302,020 WATER OPERATING FUND,28 WATER
2018,1,2,02 PURCHASE OF SERVICES,202,JANITORIAL SERVICES                 0202,20,28,1900,4596499202,4596499202,158790202,116568294,98000,107550,37550,4596499202,020 WATER OPERATING FUND,28 WATER
2018,1,2,02 PURCHASE OF SERVICES,202,JANITORIAL SERVICES                 0202,20,28,70000,4596569202,4596569202,158860202,116638294,168000,107550,107550,4596569202,020 WATER OPERATING FUND,28 WATER
2018,1,2,02 PURCHASE OF SERVICES,205,REFUSE/GARBAGE/SILT/SLUDGE REMOVAL  0205,20,28,35000,4596604202,4596604202,158895202,116673294,203000,4307000,35000,4596604202,020 WATER OPERATING FUND,28 WATER
2018,1,2,02 PURCHASE OF SERVICES,205,REFUSE/GARBAGE/SILT/SLUDGE REMOVAL  0205,20,28,5000,4596609202,4596609202,158900202,116678294,208000,4307000,40000,4596609202,020 WATER OPERATING FUND,28 WATER
2018,1,2,02 PURCHASE OF SERVICES,205,REFUSE/GARBAGE/SILT/SLUDGE REMOVAL  0205,20,28,185000,4596794202,4596794202,159085202,116863294,393000,4307000,225000,4596794202,020 WATER OPERATING FUND,28 WATER
2018,1,2,02 PURCHASE OF SERVICES,205,REFUSE/GARBAGE/SILT/SLUDGE REMOVAL  0205,20,28,5000,4596799202,4596799202,159090202,116868294,398000,4307000,230000,4596799202,020 WATER OPERATING FUND,28 WATER
2018,1,2,02 PURCHASE OF SERVICES,205,REFUSE/GARBAGE/SILT/SLUDGE REMOVAL  0205,20,28,5000,4596804202,4596804202,159095202,116873294,403000,4307000,235000,4596804202,020 WATER OPERATING FUND,28 WATER
2018,1,2,02 PURCHASE OF SERVICES,205,REFUSE/GARBAGE/SILT/SLUDGE REMOVAL  0205,20,28,20000,4596824202,4596824202,159115202,116893294,423000,4307000,255000,4596824202,020 WATER OPERATING FUND,28 WATER
2018,1,2,02 PURCHASE OF SERVICES,205,REFUSE/GARBAGE/SILT/SLUDGE REMOVAL  0205,20,28,5000,4596829202,4596829202,159120202,116898294,428000,4307000,260000,4596829202,020 WATER OPERATING FUND,28 WATER
2018,1,2,02 PURCHASE OF SERVICES,205,REFUSE/GARBAGE/SILT/SLUDGE REMOVAL  0205,20,28,68000,4596897202,4596897202,159188202,116966294,496000,4307000,328000,4596897202,020 WATER OPERATING FUND,28 WATER
2018,1,2,02 PURCHASE OF SERVICES,205,REFUSE/GARBAGE/SILT/SLUDGE REMOVAL  0205,20,28,5000,4596902202,4596902202,159193202,116971294,501000,4307000,333000,4596902202,020 WATER OPERATING FUND,28 WATER
2018,1,2,02 PURCHASE OF SERVICES,205,REFUSE/GARBAGE/SILT/SLUDGE REMOVAL  0205,20,28,33250,4596935452,4596935452,159226452,117004544,534250,4307000,366250,4596935452,020 WATER OPERATING FUND,28 WATER
2018,1,2,02 PURCHASE OF SERVICES,205,REFUSE/GARBAGE/SILT/SLUDGE REMOVAL  0205,20,28,9500,4596944952,4596944952,159235952,117014044,543750,4307000,375750,4596944952,020 WATER OPERATING FUND,28 WATER
2018,1,2,02 PURCHASE OF SERVICES,205,REFUSE/GARBAGE/SILT/SLUDGE REMOVAL  0205,20,28,60000,4597004952,4597004952,159295952,117074044,603750,4307000,435750,4597004952,020 WATER OPERATING FUND,28 WATER
2018,1,2,02 PURCHASE OF SERVICES,205,REFUSE/GARBAGE/SILT/SLUDGE REMOVAL  0205,20,28,874250,4597879202,4597879202,160170202,117948294,1478000,4307000,1310000,4597879202,020 WATER OPERATING FUND,28 WATER
2018,1,2,02 PURCHASE OF SERVICES,205,REFUSE/GARBAGE/SILT/SLUDGE REMOVAL  0205,20,28,2997000,4600876202,4600876202,163167202,120945294,4475000,4307000,4307000,4600876202,020 WATER OPERATING FUND,28 WATER
2018,1,2,02 PURCHASE OF SERVICES,210,POSTAGE                             0210,20,28,275000,4601151202,4601151202,163442202,121220294,4750000,404450,275000,4601151202,020 WATER OPERATING FUND,28 WATER
2018,1,2,02 PURCHASE OF SERVICES,210,POSTAGE                             0210,20,28,1000,4601152202,4601152202,163443202,121221294,4751000,404450,276000,4601152202,020 WATER OPERATING FUND,28 WATER
2018,1,2,02 PURCHASE OF SERVICES,210,POSTAGE                             0210,20,28,120000,4601272202,4601272202,163563202,121341294,4871000,404450,396000,4601272202,020 WATER OPERATING FUND,28 WATER
2018,1,2,02 PURCHASE OF SERVICES,210,POSTAGE                             0210,20,28,7500,4601279702,4601279702,163570702,121348794,4878500,404450,403500,4601279702,020 WATER OPERATING FUND,28 WATER
2018,1,2,02 PURCHASE OF SERVICES,210,POSTAGE                             0210,20,28,950,4601280652,4601280652,163571652,121349744,4879450,404450,404450,4601280652,020 WATER OPERATING FUND,28 WATER
2018,1,2,02 PURCHASE OF SERVICES,211,TRANSPORTATION                      0211,20,28,33500,4601314152,4601314152,163605152,121383244,4912950,240600,33500,4601314152,020 WATER OPERATING FUND,28 WATER
2018,1,2,02 PURCHASE OF SERVICES,211,TRANSPORTATION                      0211,20,28,5000,4601319152,4601319152,163610152,121388244,4917950,240600,38500,4601319152,020 WATER OPERATING FUND,28 WATER
2018,1,2,02 PURCHASE OF SERVICES,211,TRANSPORTATION                      0211,20,28,10000,4601329152,4601329152,163620152,121398244,4927950,240600,48500,4601329152,020 WATER OPERATING FUND,28 WATER
2018,1,2,02 PURCHASE OF SERVICES,211,TRANSPORTATION                      0211,20,28,1000,4601330152,4601330152,163621152,121399244,4928950,240600,49500,4601330152,020 WATER OPERATING FUND,28 WATER
2018,1,2,02 PURCHASE OF SERVICES,211,TRANSPORTATION                      0211,20,28,6000,4601336152,4601336152,163627152,121405244,4934950,240600,55500,4601336152,020 WATER OPERATING FUND,28 WATER
2018,1,2,02 PURCHASE OF SERVICES,211,TRANSPORTATION                      0211,20,28,10000,4601346152,4601346152,163637152,121415244,4944950,240600,65500,4601346152,020 WATER OPERATING FUND,28 WATER
2018,1,2,02 PURCHASE OF SERVICES,211,TRANSPORTATION                      0211,20,28,2850,4601349002,4601349002,163640002,121418094,4947800,240600,68350,4601349002,020 WATER OPERATING FUND,28 WATER
2018,1,2,02 PURCHASE OF SERVICES,211,TRANSPORTATION                      0211,20,28,10000,4601359002,4601359002,163650002,121428094,4957800,240600,78350,4601359002,020 WATER OPERATING FUND,28 WATER
2018,1,2,02 PURCHASE OF SERVICES,211,TRANSPORTATION                      0211,20,28,5000,4601364002,4601364002,163655002,121433094,4962800,240600,83350,4601364002,020 WATER OPERATING FUND,28 WATER
2018,1,2,02 PURCHASE OF SERVICES,211,TRANSPORTATION                      0211,20,28,7500,4601371502,4601371502,163662502,121440594,4970300,240600,90850,4601371502,020 WATER OPERATING FUND,28 WATER
2018,1,2,02 PURCHASE OF SERVICES,211,TRANSPORTATION                      0211,20,28,1000,4601372502,4601372502,163663502,121441594,4971300,240600,91850,4601372502,020 WATER OPERATING FUND,28 WATER
2018,1,2,02 PURCHASE OF SERVICES,211,TRANSPORTATION                      0211,20,28,1500,4601374002,4601374002,163665002,121443094,4972800,240600,93350,4601374002,020 WATER OPERATING FUND,28 WATER
2018,1,2,02 PURCHASE OF SERVICES,211,TRANSPORTATION                      0211,20,28,5000,4601379002,4601379002,163670002,121448094,4977800,240600,98350,4601379002,020 WATER OPERATING FUND,28 WATER
2018,1,2,02 PURCHASE OF SERVICES,211,TRANSPORTATION                      0211,20,28,50000,4601429002,4601429002,163720002,121498094,5027800,240600,148350,4601429002,020 WATER OPERATING FUND,28 WATER
2018,1,2,02 PURCHASE OF SERVICES,211,TRANSPORTATION                      0211,20,28,2500,4601431502,4601431502,163722502,121500594,5030300,240600,150850,4601431502,020 WATER OPERATING FUND,28 WATER
2018,1,2,02 PURCHASE OF SERVICES,211,TRANSPORTATION                      0211,20,28,5000,4601436502,4601436502,163727502,121505594,5035300,240600,155850,4601436502,020 WATER OPERATING FUND,28 WATER
2018,1,2,02 PURCHASE OF SERVICES,211,TRANSPORTATION                      0211,20,28,3800,4601440302,4601440302,163731302,121509394,5039100,240600,159650,4601440302,020 WATER OPERATING FUND,28 WATER
2018,1,2,02 PURCHASE OF SERVICES,211,TRANSPORTATION                      0211,20,28,1000,4601441302,4601441302,163732302,121510394,5040100,240600,160650,4601441302,020 WATER OPERATING FUND,28 WATER
2018,1,2,02 PURCHASE OF SERVICES,211,TRANSPORTATION                      0211,20,28,950,4601442252,4601442252,163733252,121511344,5041050,240600,161600,4601442252,020 WATER OPERATING FUND,28 WATER
2018,1,2,02 PURCHASE OF SERVICES,211,TRANSPORTATION                      0211,20,28,500,4601442752,4601442752,163733752,121511844,5041550,240600,162100,4601442752,020 WATER OPERATING FUND,28 WATER
2018,1,2,02 PURCHASE OF SERVICES,211,TRANSPORTATION                      0211,20,28,2000,4601444752,4601444752,163735752,121513844,5043550,240600,164100,4601444752,020 WATER OPERATING FUND,28 WATER
2018,1,2,02 PURCHASE OF SERVICES,211,TRANSPORTATION                      0211,20,28,1500,4601446252,4601446252,163737252,121515344,5045050,240600,165600,4601446252,020 WATER OPERATING FUND,28 WATER
2018,1,2,02 PURCHASE OF SERVICES,211,TRANSPORTATION                      0211,20,28,5000,4601451252,4601451252,163742252,121520344,5050050,240600,170600,4601451252,020 WATER OPERATING FUND,28 WATER
2018,1,2,02 PURCHASE OF SERVICES,211,TRANSPORTATION                      0211,20,28,12000,4601463252,4601463252,163754252,121532344,5062050,240600,182600,4601463252,020 WATER OPERATING FUND,28 WATER
2018,1,2,02 PURCHASE OF SERVICES,211,TRANSPORTATION                      0211,20,28,5000,4601468252,4601468252,163759252,121537344,5067050,240600,187600,4601468252,020 WATER OPERATING FUND,28 WATER
2018,1,2,02 PURCHASE OF SERVICES,211,TRANSPORTATION                      0211,20,28,2500,4601470752,4601470752,163761752,121539844,5069550,240600,190100,4601470752,020 WATER OPERATING FUND,28 WATER
2018,1,2,02 PURCHASE OF SERVICES,211,TRANSPORTATION                      0211,20,28,2000,4601472752,4601472752,163763752,121541844,5071550,240600,192100,4601472752,020 WATER OPERATING FUND,28 WATER
2018,1,2,02 PURCHASE OF SERVICES,211,TRANSPORTATION                      0211,20,28,5000,4601477752,4601477752,163768752,121546844,5076550,240600,197100,4601477752,020 WATER OPERATING FUND,28 WATER
2018,1,2,02 PURCHASE OF SERVICES,211,TRANSPORTATION                      0211,20,28,2000,4601479752,4601479752,163770752,121548844,5078550,240600,199100,4601479752,020 WATER OPERATING FUND,28 WATER
2018,1,2,02 PURCHASE OF SERVICES,211,TRANSPORTATION                      0211,20,28,17500,4601497252,4601497252,163788252,121566344,5096050,240600,216600,4601497252,020 WATER OPERATING FUND,28 WATER
2018,1,2,02 PURCHASE OF SERVICES,211,TRANSPORTATION                      0211,20,28,2000,4601499252,4601499252,163790252,121568344,5098050,240600,218600,4601499252,020 WATER OPERATING FUND,28 WATER
2018,1,2,02 PURCHASE OF SERVICES,211,TRANSPORTATION                      0211,20,28,2000,4601501252,4601501252,163792252,121570344,5100050,240600,220600,4601501252,020 WATER OPERATING FUND,28 WATER
2018,1,2,02 PURCHASE OF SERVICES,211,TRANSPORTATION                      0211,20,28,5000,4601506252,4601506252,163797252,121575344,5105050,240600,225600,4601506252,020 WATER OPERATING FUND,28 WATER
2018,1,2,02 PURCHASE OF SERVICES,211,TRANSPORTATION                      0211,20,28,5000,4601511252,4601511252,163802252,121580344,5110050,240600,230600,4601511252,020 WATER OPERATING FUND,28 WATER
2018,1,2,02 PURCHASE OF SERVICES,211,TRANSPORTATION                      0211,20,28,10000,4601521252,4601521252,163812252,121590344,5120050,240600,240600,4601521252,020 WATER OPERATING FUND,28 WATER
2018,1,2,02 PURCHASE OF SERVICES,215,LICENSES PERMITS INSPECTION CHARGES 0215,20,28,20000,4601541252,4601541252,163832252,121610344,5140050,204500,20000,4601541252,020 WATER OPERATING FUND,28 WATER
2018,1,2,02 PURCHASE OF SERVICES,215,LICENSES PERMITS INSPECTION CHARGES 0215,20,28,4100,4601545352,4601545352,163836352,121614444,5144150,204500,24100,4601545352,020 WATER OPERATING FUND,28 WATER
2018,1,2,02 PURCHASE OF SERVICES,215,LICENSES PERMITS INSPECTION CHARGES 0215,20,28,3500,4601548852,4601548852,163839852,121617944,5147650,204500,27600,4601548852,020 WATER OPERATING FUND,28 WATER
2018,1,2,02 PURCHASE OF SERVICES,215,LICENSES PERMITS INSPECTION CHARGES 0215,20,28,14250,4601563102,4601563102,163854102,121632194,5161900,204500,41850,4601563102,020 WATER OPERATING FUND,28 WATER
2018,1,2,02 PURCHASE OF SERVICES,215,LICENSES PERMITS INSPECTION CHARGES 0215,20,28,35150,4601598252,4601598252,163889252,121667344,5197050,204500,77000,4601598252,020 WATER OPERATING FUND,28 WATER
2018,1,2,02 PURCHASE OF SERVICES,215,LICENSES PERMITS INSPECTION CHARGES 0215,20,28,5000,4601603252,4601603252,163894252,121672344,5202050,204500,82000,4601603252,020 WATER OPERATING FUND,28 WATER
2018,1,2,02 PURCHASE OF SERVICES,215,LICENSES PERMITS INSPECTION CHARGES 0215,20,28,75000,4601678252,4601678252,163969252,121747344,5277050,204500,157000,4601678252,020 WATER OPERATING FUND,28 WATER
2018,1,2,02 PURCHASE OF SERVICES,215,LICENSES PERMITS INSPECTION CHARGES 0215,20,28,1000,4601679252,4601679252,163970252,121748344,5278050,204500,158000,4601679252,020 WATER OPERATING FUND,28 WATER
2018,1,2,02 PURCHASE OF SERVICES,215,LICENSES PERMITS INSPECTION CHARGES 0215,20,28,5000,4601684252,4601684252,163975252,121753344,5283050,204500,163000,4601684252,020 WATER OPERATING FUND,28 WATER
2018,1,2,02 PURCHASE OF SERVICES,215,LICENSES PERMITS INSPECTION CHARGES 0215,20,28,5000,4601689252,4601689252,163980252,121758344,5288050,204500,168000,4601689252,020 WATER OPERATING FUND,28 WATER
2018,1,2,02 PURCHASE OF SERVICES,215,LICENSES PERMITS INSPECTION CHARGES 0215,20,28,1000,4601690252,4601690252,163981252,121759344,5289050,204500,169000,4601690252,020 WATER OPERATING FUND,28 WATER
2018,1,2,02 PURCHASE OF SERVICES,215,LICENSES PERMITS INSPECTION CHARGES 0215,20,28,1000,4601691252,4601691252,163982252,121760344,5290050,204500,170000,4601691252,020 WATER OPERATING FUND,28 WATER
2018,1,2,02 PURCHASE OF SERVICES,215,LICENSES PERMITS INSPECTION CHARGES 0215,20,28,500,4601691752,4601691752,163982752,121760844,5290550,204500,170500,4601691752,020 WATER OPERATING FUND,28 WATER
2018,1,2,02 PURCHASE OF SERVICES,215,LICENSES PERMITS INSPECTION CHARGES 0215,20,28,1000,4601692752,4601692752,163983752,121761844,5291550,204500,171500,4601692752,020 WATER OPERATING FUND,28 WATER
2018,1,2,02 PURCHASE OF SERVICES,215,LICENSES PERMITS INSPECTION CHARGES 0215,20,28,1000,4601693752,4601693752,163984752,121762844,5292550,204500,172500,4601693752,020 WATER OPERATING FUND,28 WATER
2018,1,2,02 PURCHASE OF SERVICES,215,LICENSES PERMITS INSPECTION CHARGES 0215,20,28,1500,4601695252,4601695252,163986252,121764344,5294050,204500,174000,4601695252,020 WATER OPERATING FUND,28 WATER
2018,1,2,02 PURCHASE OF SERVICES,215,LICENSES PERMITS INSPECTION CHARGES 0215,20,28,1000,4601696252,4601696252,163987252,121765344,5295050,204500,175000,4601696252,020 WATER OPERATING FUND,28 WATER
2018,1,2,02 PURCHASE OF SERVICES,215,LICENSES PERMITS INSPECTION CHARGES 0215,20,28,20000,4601716252,4601716252,164007252,121785344,5315050,204500,195000,4601716252,020 WATER OPERATING FUND,28 WATER
2018,1,2,02 PURCHASE OF SERVICES,215,LICENSES PERMITS INSPECTION CHARGES 0215,20,28,4750,4601721002,4601721002,164012002,121790094,5319800,204500,199750,4601721002,020 WATER OPERATING FUND,28 WATER
2018,1,2,02 PURCHASE OF SERVICES,215,LICENSES PERMITS INSPECTION CHARGES 0215,20,28,4750,4601725752,4601725752,164016752,121794844,5324550,204500,204500,4601725752,020 WATER OPERATING FUND,28 WATER
2018,1,2,02 PURCHASE OF SERVICES,216,COMMERCIAL OFF-SHELF COMP SOFTWARE  0216,20,28,30000,4601755752,4601755752,164046752,121824844,5354550,77500,30000,4601755752,020 WATER OPERATING FUND,28 WATER
2018,1,2,02 PURCHASE OF SERVICES,216,COMMERCIAL OFF-SHELF COMP SOFTWARE  0216,20,28,47500,4601803252,4601803252,164094252,121872344,5402050,77500,77500,4601803252,020 WATER OPERATING FUND,28 WATER
2018,1,2,02 PURCHASE OF SERVICES,220,ELECTRIC CURRENT-STRUCTURES/STREETS 0220,20,28,20865449,4622668701,4622668701,184959701,142737793,26267499,24313500,20865449,4622668701,020 WATER OPERATING FUND,28 WATER
2018,1,2,02 PURCHASE OF SERVICES,220,ELECTRIC CURRENT-STRUCTURES/STREETS 0220,20,28,1157213,4623825914,4623825914,186116914,143895006,27424712,24313500,22022662,4623825914,020 WATER OPERATING FUND,28 WATER
2018,1,2,02 PURCHASE OF SERVICES,220,ELECTRIC CURRENT-STRUCTURES/STREETS 0220,20,28,356066,4624181980,4624181980,186472980,144251072,27780778,24313500,22378728,4624181980,020 WATER OPERATING FUND,28 WATER
2018,1,2,02 PURCHASE OF SERVICES,220,ELECTRIC CURRENT-STRUCTURES/STREETS 0220,20,28,613101,4624795081,4624795081,187086081,144864173,28393879,24313500,22991829,4624795081,020 WATER OPERATING FUND,28 WATER
2018,1,2,02 PURCHASE OF SERVICES,220,ELECTRIC CURRENT-STRUCTURES/STREETS 0220,20,28,89016,4624884097,4624884097,187175097,144953189,28482895,24313500,23080845,4624884097,020 WATER OPERATING FUND,28 WATER
2018,1,2,02 PURCHASE OF SERVICES,220,ELECTRIC CURRENT-STRUCTURES/STREETS 0220,20,28,200287,4625084384,4625084384,187375384,145153476,28683182,24313500,23281132,4625084384,020 WATER OPERATING FUND,28 WATER
2018,1,2,02 PURCHASE OF SERVICES,220,ELECTRIC CURRENT-STRUCTURES/STREETS 0220,20,28,623115,4625707499,4625707499,187998499,145776591,29306297,24313500,23904247,4625707499,020 WATER OPERATING FUND,28 WATER
2018,1,2,02 PURCHASE OF SERVICES,220,ELECTRIC CURRENT-STRUCTURES/STREETS 0220,20,28,178033,4625885532,4625885532,188176532,145954624,29484330,24313500,24082280,4625885532,020 WATER OPERATING FUND,28 WATER
2018,1,2,02 PURCHASE OF SERVICES,220,ELECTRIC CURRENT-STRUCTURES/STREETS 0220,20,28,105707,4625991239,4625991239,188282239,146060331,29590037,24313500,24187987,4625991239,020 WATER OPERATING FUND,28 WATER
2018,1,2,02 PURCHASE OF SERVICES,220,ELECTRIC CURRENT-STRUCTURES/STREETS 0220,20,28,67652,4626058891,4626058891,188349891,146127983,29657689,24313500,24255639,4626058891,020 WATER OPERATING FUND,28 WATER
2018,1,2,02 PURCHASE OF SERVICES,220,ELECTRIC CURRENT-STRUCTURES/STREETS 0220,20,28,57861,4626116752,4626116752,188407752,146185844,29715550,24313500,24313500,4626116752,020 WATER OPERATING FUND,28 WATER
2018,1,2,02 PURCHASE OF SERVICES,221,GAS SERVICES                        0221,20,28,100000,4626216752,4626216752,188507752,146285844,29815550,5593650,100000,4626216752,020 WATER OPERATING FUND,28 WATER
2018,1,2,02 PURCHASE OF SERVICES,221,GAS SERVICES                        0221,20,28,2400000,4628616752,4628616752,190907752,148685844,32215550,5593650,2500000,4628616752,020 WATER OPERATING FUND,28 WATER
2018,1,2,02 PURCHASE OF SERVICES,221,GAS SERVICES                        0221,20,28,475000,4629091752,4629091752,191382752,149160844,32690550,5593650,2975000,4629091752,020 WATER OPERATING FUND,28 WATER
2018,1,2,02 PURCHASE OF SERVICES,221,GAS SERVICES                        0221,20,28,190000,4629281752,4629281752,191572752,149350844,32880550,5593650,3165000,4629281752,020 WATER OPERATING FUND,28 WATER
2018,1,2,02 PURCHASE OF SERVICES,221,GAS SERVICES                        0221,20,28,1140000,4630421752,4630421752,192712752,150490844,34020550,5593650,4305000,4630421752,020 WATER OPERATING FUND,28 WATER
2018,1,2,02 PURCHASE OF SERVICES,221,GAS SERVICES                        0221,20,28,870000,4631291752,4631291752,193582752,151360844,34890550,5593650,5175000,4631291752,020 WATER OPERATING FUND,28 WATER
2018,1,2,02 PURCHASE OF SERVICES,221,GAS SERVICES                        0221,20,28,63650,4631355402,4631355402,193646402,151424494,34954200,5593650,5238650,4631355402,020 WATER OPERATING FUND,28 WATER
2018,1,2,02 PURCHASE OF SERVICES,221,GAS SERVICES                        0221,20,28,130000,4631485402,4631485402,193776402,151554494,35084200,5593650,5368650,4631485402,020 WATER OPERATING FUND,28 WATER
2018,1,2,02 PURCHASE OF SERVICES,221,GAS SERVICES                        0221,20,28,225000,4631710402,4631710402,194001402,151779494,35309200,5593650,5593650,4631710402,020 WATER OPERATING FUND,28 WATER
2018,1,2,02 PURCHASE OF SERVICES,230,MEALS-NON-TRAVEL & OFFICL ENTERTAIN 0230,20,28,1500,4631711902,4631711902,194002902,151780994,35310700,8900,1500,4631711902,020 WATER OPERATING FUND,28 WATER
2018,1,2,02 PURCHASE OF SERVICES,230,MEALS-NON-TRAVEL & OFFICL ENTERTAIN 0230,20,28,1050,4631712952,4631712952,194003952,151782044,35311750,8900,2550,4631712952,020 WATER OPERATING FUND,28 WATER
2018,1,2,02 PURCHASE OF SERVICES,230,MEALS-NON-TRAVEL & OFFICL ENTERTAIN 0230,20,28,4000,4631716952,4631716952,194007952,151786044,35315750,8900,6550,4631716952,020 WATER OPERATING FUND,28 WATER
2018,1,2,02 PURCHASE OF SERVICES,230,MEALS-NON-TRAVEL & OFFICL ENTERTAIN 0230,20,28,950,4631717902,4631717902,194008902,151786994,35316700,8900,7500,4631717902,020 WATER OPERATING FUND,28 WATER
2018,1,2,02 PURCHASE OF SERVICES,230,MEALS-NON-TRAVEL & OFFICL ENTERTAIN 0230,20,28,600,4631718502,4631718502,194009502,151787594,35317300,8900,8100,4631718502,020 WATER OPERATING FUND,28 WATER
2018,1,2,02 PURCHASE OF SERVICES,230,MEALS-NON-TRAVEL & OFFICL ENTERTAIN 0230,20,28,400,4631718902,4631718902,194009902,151787994,35317700,8900,8500,4631718902,020 WATER OPERATING FUND,28 WATER
2018,1,2,02 PURCHASE OF SERVICES,230,MEALS-NON-TRAVEL & OFFICL ENTERTAIN 0230,20,28,400,4631719302,4631719302,194010302,151788394,35318100,8900,8900,4631719302,020 WATER OPERATING FUND,28 WATER
2018,1,2,02 PURCHASE OF SERVICES,240,ADVERTISING/PROMOTIONAL ACTIVITIES  0240,20,28,300000,4632019302,4632019302,194310302,152088394,35618100,306400,300000,4632019302,020 WATER OPERATING FUND,28 WATER
2018,1,2,02 PURCHASE OF SERVICES,240,ADVERTISING/PROMOTIONAL ACTIVITIES  0240,20,28,4900,4632024202,4632024202,194315202,152093294,35623000,306400,304900,4632024202,020 WATER OPERATING FUND,28 WATER
2018,1,2,02 PURCHASE OF SERVICES,240,ADVERTISING/PROMOTIONAL ACTIVITIES  0240,20,28,1500,4632025702,4632025702,194316702,152094794,35624500,306400,306400,4632025702,020 WATER OPERATING FUND,28 WATER
2018,1,2,02 PURCHASE OF SERVICES,250,PROFESSIONAL CONSULT/SPEC SERVICES  0250,20,28,500000,4632525702,4632525702,194816702,152594794,36124500,55630657,500000,4632525702,020 WATER OPERATING FUND,28 WATER
2018,1,2,02 PURCHASE OF SERVICES,250,PROFESSIONAL CONSULT/SPEC SERVICES  0250,20,28,1492000,4634017702,4634017702,196308702,154086794,37616500,55630657,1992000,4634017702,020 WATER OPERATING FUND,28 WATER
2018,1,2,02 PURCHASE OF SERVICES,250,PROFESSIONAL CONSULT/SPEC SERVICES  0250,20,28,925000,4634942702,4634942702,197233702,155011794,38541500,55630657,2917000,4634942702,020 WATER OPERATING FUND,28 WATER
2018,1,2,02 PURCHASE OF SERVICES,250,PROFESSIONAL CONSULT/SPEC SERVICES  0250,20,28,3613500,4638556202,4638556202,200847202,158625294,42155000,55630657,6530500,4638556202,020 WATER OPERATING FUND,28 WATER
2018,1,2,02 PURCHASE OF SERVICES,250,PROFESSIONAL CONSULT/SPEC SERVICES  0250,20,28,175750,4638731952,4638731952,201022952,158801044,42330750,55630657,6706250,4638731952,020 WATER OPERATING FUND,28 WATER
2018,1,2,02 PURCHASE OF SERVICES,250,PROFESSIONAL CONSULT/SPEC SERVICES  0250,20,28,128250,4638860202,4638860202,201151202,158929294,42459000,55630657,6834500,4638860202,020 WATER OPERATING FUND,28 WATER
2018,1,2,02 PURCHASE OF SERVICES,250,PROFESSIONAL CONSULT/SPEC SERVICES  0250,20,28,165300,4639025502,4639025502,201316502,159094594,42624300,55630657,6999800,4639025502,020 WATER OPERATING FUND,28 WATER
2018,1,2,02 PURCHASE OF SERVICES,250,PROFESSIONAL CONSULT/SPEC SERVICES  0250,20,28,25000,4639050502,4639050502,201341502,159119594,42649300,55630657,7024800,4639050502,020 WATER OPERATING FUND,28 WATER
2018,1,2,02 PURCHASE OF SERVICES,250,PROFESSIONAL CONSULT/SPEC SERVICES  0250,20,28,2695000,4641745502,4641745502,204036502,161814594,45344300,55630657,9719800,4641745502,020 WATER OPERATING FUND,28 WATER
2018,1,2,02 PURCHASE OF SERVICES,250,PROFESSIONAL CONSULT/SPEC SERVICES  0250,20,28,16000,4641761502,4641761502,204052502,161830594,45360300,55630657,9735800,4641761502,020 WATER OPERATING FUND,28 WATER
2018,1,2,02 PURCHASE OF SERVICES,250,PROFESSIONAL CONSULT/SPEC SERVICES  0250,20,28,16000,4641777502,4641777502,204068502,161846594,45376300,55630657,9751800,4641777502,020 WATER OPERATING FUND,28 WATER
2018,1,2,02 PURCHASE OF SERVICES,250,PROFESSIONAL CONSULT/SPEC SERVICES  0250,20,28,1163000,4642940502,4642940502,205231502,163009594,46539300,55630657,10914800,4642940502,020 WATER OPERATING FUND,28 WATER
2018,1,2,02 PURCHASE OF SERVICES,250,PROFESSIONAL CONSULT/SPEC SERVICES  0250,20,28,55000,4642995502,4642995502,205286502,163064594,46594300,55630657,10969800,4642995502,020 WATER OPERATING FUND,28 WATER
2018,1,2,02 PURCHASE OF SERVICES,250,PROFESSIONAL CONSULT/SPEC SERVICES  0250,20,28,101650,4643097152,4643097152,205388152,163166244,46695950,55630657,11071450,4643097152,020 WATER OPERATING FUND,28 WATER
2018,1,2,02 PURCHASE OF SERVICES,250,PROFESSIONAL CONSULT/SPEC SERVICES  0250,20,28,200000,4643297152,4643297152,205588152,163366244,46895950,55630657,11271450,4643297152,020 WATER OPERATING FUND,28 WATER
2018,1,2,02 PURCHASE OF SERVICES,250,PROFESSIONAL CONSULT/SPEC SERVICES  0250,20,28,194750,4643491902,4643491902,205782902,163560994,47090700,55630657,11466200,4643491902,020 WATER OPERATING FUND,28 WATER
2018,1,2,02 PURCHASE OF SERVICES,250,PROFESSIONAL CONSULT/SPEC SERVICES  0250,20,28,296000,4643787902,4643787902,206078902,163856994,47386700,55630657,11762200,4643787902,020 WATER OPERATING FUND,28 WATER
2018,1,2,02 PURCHASE OF SERVICES,250,PROFESSIONAL CONSULT/SPEC SERVICES  0250,20,28,1600000,4645387902,4645387902,207678902,165456994,48986700,55630657,13362200,4645387902,020 WATER OPERATING FUND,28 WATER
2018,1,2,02 PURCHASE OF SERVICES,250,PROFESSIONAL CONSULT/SPEC SERVICES  0250,20,28,2100000,4647487902,4647487902,209778902,167556994,51086700,55630657,15462200,4647487902,020 WATER OPERATING FUND,28 WATER
2018,1,2,02 PURCHASE OF SERVICES,250,PROFESSIONAL CONSULT/SPEC SERVICES  0250,20,28,57000,4647544902,4647544902,209835902,167613994,51143700,55630657,15519200,4647544902,020 WATER OPERATING FUND,28 WATER
2018,1,2,02 PURCHASE OF SERVICES,250,PROFESSIONAL CONSULT/SPEC SERVICES  0250,20,28,10196000,4657740902,4657740902,220031902,177809994,61339700,55630657,25715200,4657740902,020 WATER OPERATING FUND,28 WATER
2018,1,2,02 PURCHASE OF SERVICES,250,PROFESSIONAL CONSULT/SPEC SERVICES  0250,20,28,424457,4658165359,4658165359,220456359,178234451,61764157,55630657,26139657,4658165359,020 WATER OPERATING FUND,28 WATER
2018,1,2,02 PURCHASE OF SERVICES,250,PROFESSIONAL CONSULT/SPEC SERVICES  0250,20,28,1846000,4660011359,4660011359,222302359,180080451,63610157,55630657,27985657,4660011359,020 WATER OPERATING FUND,28 WATER
2018,1,2,02 PURCHASE OF SERVICES,250,PROFESSIONAL CONSULT/SPEC SERVICES  0250,20,28,5000,4660016359,4660016359,222307359,180085451,63615157,55630657,27990657,4660016359,020 WATER OPERATING FUND,28 WATER
2018,1,2,02 PURCHASE OF SERVICES,250,PROFESSIONAL CONSULT/SPEC SERVICES  0250,20,28,805000,4660821359,4660821359,223112359,180890451,64420157,55630657,28795657,4660821359,020 WATER OPERATING FUND,28 WATER
2018,1,2,02 PURCHASE OF SERVICES,250,PROFESSIONAL CONSULT/SPEC SERVICES  0250,20,28,478000,4661299359,4661299359,223590359,181368451,64898157,55630657,29273657,4661299359,020 WATER OPERATING FUND,28 WATER
2018,1,2,02 PURCHASE OF SERVICES,250,PROFESSIONAL CONSULT/SPEC SERVICES  0250,20,28,41000,4661340359,4661340359,223631359,181409451,64939157,55630657,29314657,4661340359,020 WATER OPERATING FUND,28 WATER
2018,1,2,02 PURCHASE OF SERVICES,250,PROFESSIONAL CONSULT/SPEC SERVICES  0250,20,28,21399000,4682739359,4682739359,245030359,202808451,86338157,55630657,50713657,4682739359,020 WATER OPERATING FUND,28 WATER
2018,1,2,02 PURCHASE OF SERVICES,250,PROFESSIONAL CONSULT/SPEC SERVICES  0250,20,28,1592000,4684331359,4684331359,246622359,204400451,87930157,55630657,52305657,4684331359,020 WATER OPERATING FUND,28 WATER
2018,1,2,02 PURCHASE OF SERVICES,250,PROFESSIONAL CONSULT/SPEC SERVICES  0250,20,28,3025000,4687356359,4687356359,249647359,207425451,90955157,55630657,55330657,4687356359,020 WATER OPERATING FUND,28 WATER
2018,1,2,02 PURCHASE OF SERVICES,250,PROFESSIONAL CONSULT/SPEC SERVICES  0250,20,28,300000,4687656359,4687656359,249947359,207725451,91255157,55630657,55630657,4687656359,020 WATER OPERATING FUND,28 WATER
2018,1,2,02 PURCHASE OF SERVICES,252,ACCOUNTING AND AUDITING SERVICES    0252,20,28,75000,4687731359,4687731359,250022359,207800451,91330157,75000,75000,4687731359,020 WATER OPERATING FUND,28 WATER
2018,1,2,02 PURCHASE OF SERVICES,253,LEGAL SERVICES                      0253,20,28,500000,4688231359,4688231359,250522359,208300451,91830157,1070000,500000,4688231359,020 WATER OPERATING FUND,28 WATER
2018,1,2,02 PURCHASE OF SERVICES,253,LEGAL SERVICES                      0253,20,28,570000,4688801359,4688801359,251092359,208870451,92400157,1070000,1070000,4688801359,020 WATER OPERATING FUND,28 WATER
2018,1,2,02 PURCHASE OF SERVICES,255,DUES                                0255,20,28,2000,4688803359,4688803359,251094359,208872451,92402157,825090,2000,4688803359,020 WATER OPERATING FUND,28 WATER
2018,1,2,02 PURCHASE OF SERVICES,255,DUES                                0255,20,28,3800,4688807159,4688807159,251098159,208876251,92405957,825090,5800,4688807159,020 WATER OPERATING FUND,28 WATER
2018,1,2,02 PURCHASE OF SERVICES,255,DUES                                0255,20,28,11000,4688818159,4688818159,251109159,208887251,92416957,825090,16800,4688818159,020 WATER OPERATING FUND,28 WATER
2018,1,2,02 PURCHASE OF SERVICES,255,DUES                                0255,20,28,2090,4688820249,4688820249,251111249,208889341,92419047,825090,18890,4688820249,020 WATER OPERATING FUND,28 WATER
2018,1,2,02 PURCHASE OF SERVICES,255,DUES                                0255,20,28,5000,4688825249,4688825249,251116249,208894341,92424047,825090,23890,4688825249,020 WATER OPERATING FUND,28 WATER
2018,1,2,02 PURCHASE OF SERVICES,255,DUES                                0255,20,28,600,4688825849,4688825849,251116849,208894941,92424647,825090,24490,4688825849,020 WATER OPERATING FUND,28 WATER
2018,1,2,02 PURCHASE OF SERVICES,255,DUES                                0255,20,28,2500,4688828349,4688828349,251119349,208897441,92427147,825090,26990,4688828349,020 WATER OPERATING FUND,28 WATER
2018,1,2,02 PURCHASE OF SERVICES,255,DUES                                0255,20,28,7000,4688835349,4688835349,251126349,208904441,92434147,825090,33990,4688835349,020 WATER OPERATING FUND,28 WATER
2018,1,2,02 PURCHASE OF SERVICES,255,DUES                                0255,20,28,130000,4688965349,4688965349,251256349,209034441,92564147,825090,163990,4688965349,020 WATER OPERATING FUND,28 WATER
2018,1,2,02 PURCHASE OF SERVICES,255,DUES                                0255,20,28,500,4688965849,4688965849,251256849,209034941,92564647,825090,164490,4688965849,020 WATER OPERATING FUND,28 WATER
2018,1,2,02 PURCHASE OF SERVICES,255,DUES                                0255,20,28,5100,4688970949,4688970949,251261949,209040041,92569747,825090,169590,4688970949,020 WATER OPERATING FUND,28 WATER
2018,1,2,02 PURCHASE OF SERVICES,255,DUES                                0255,20,28,950,4688971899,4688971899,251262899,209040991,92570697,825090,170540,4688971899,020 WATER OPERATING FUND,28 WATER
2018,1,2,02 PURCHASE OF SERVICES,255,DUES                                0255,20,28,7000,4688978899,4688978899,251269899,209047991,92577697,825090,177540,4688978899,020 WATER OPERATING FUND,28 WATER
2018,1,2,02 PURCHASE OF SERVICES,255,DUES                                0255,20,28,250,4688979149,4688979149,251270149,209048241,92577947,825090,177790,4688979149,020 WATER OPERATING FUND,28 WATER
2018,1,2,02 PURCHASE OF SERVICES,255,DUES                                0255,20,28,5500,4688984649,4688984649,251275649,209053741,92583447,825090,183290,4688984649,020 WATER OPERATING FUND,28 WATER
2018,1,2,02 PURCHASE OF SERVICES,255,DUES                                0255,20,28,120000,4689104649,4689104649,251395649,209173741,92703447,825090,303290,4689104649,020 WATER OPERATING FUND,28 WATER
2018,1,2,02 PURCHASE OF SERVICES,255,DUES                                0255,20,28,350,4689104999,4689104999,251395999,209174091,92703797,825090,303640,4689104999,020 WATER OPERATING FUND,28 WATER
2018,1,2,02 PURCHASE OF SERVICES,255,DUES                                0255,20,28,383950,4689488949,4689488949,251779949,209558041,93087747,825090,687590,4689488949,020 WATER OPERATING FUND,28 WATER
2018,1,2,02 PURCHASE OF SERVICES,255,DUES                                0255,20,28,47500,4689536449,4689536449,251827449,209605541,93135247,825090,735090,4689536449,020 WATER OPERATING FUND,28 WATER
2018,1,2,02 PURCHASE OF SERVICES,255,DUES                                0255,20,28,90000,4689626449,4689626449,251917449,209695541,93225247,825090,825090,4689626449,020 WATER OPERATING FUND,28 WATER
2018,1,2,02 PURCHASE OF SERVICES,256,SEMINAR AND TRAINING SESSIONS       0256,20,28,14250,4689640699,4689640699,251931699,209709791,93239497,885870,14250,4689640699,020 WATER OPERATING FUND,28 WATER
2018,1,2,02 PURCHASE OF SERVICES,256,SEMINAR AND TRAINING SESSIONS       0256,20,28,33250,4689673949,4689673949,251964949,209743041,93272747,885870,47500,4689673949,020 WATER OPERATING FUND,28 WATER
2018,1,2,02 PURCHASE OF SERVICES,256,SEMINAR AND TRAINING SESSIONS       0256,20,28,26000,4689699949,4689699949,251990949,209769041,93298747,885870,73500,4689699949,020 WATER OPERATING FUND,28 WATER
2018,1,2,02 PURCHASE OF SERVICES,256,SEMINAR AND TRAINING SESSIONS       0256,20,28,14000,4689713949,4689713949,252004949,209783041,93312747,885870,87500,4689713949,020 WATER OPERATING FUND,28 WATER
2018,1,2,02 PURCHASE OF SERVICES,256,SEMINAR AND TRAINING SESSIONS       0256,20,28,10000,4689723949,4689723949,252014949,209793041,93322747,885870,97500,4689723949,020 WATER OPERATING FUND,28 WATER
2018,1,2,02 PURCHASE OF SERVICES,256,SEMINAR AND TRAINING SESSIONS       0256,20,28,2000,4689725949,4689725949,252016949,209795041,93324747,885870,99500,4689725949,020 WATER OPERATING FUND,28 WATER
2018,1,2,02 PURCHASE OF SERVICES,256,SEMINAR AND TRAINING SESSIONS       0256,20,28,1000,4689726949,4689726949,252017949,209796041,93325747,885870,100500,4689726949,020 WATER OPERATING FUND,28 WATER
2018,1,2,02 PURCHASE OF SERVICES,256,SEMINAR AND TRAINING SESSIONS       0256,20,28,5000,4689731949,4689731949,252022949,209801041,93330747,885870,105500,4689731949,020 WATER OPERATING FUND,28 WATER
2018,1,2,02 PURCHASE OF SERVICES,256,SEMINAR AND TRAINING SESSIONS       0256,20,28,500,4689732449,4689732449,252023449,209801541,93331247,885870,106000,4689732449,020 WATER OPERATING FUND,28 WATER
2018,1,2,02 PURCHASE OF SERVICES,256,SEMINAR AND TRAINING SESSIONS       0256,20,28,950,4689733399,4689733399,252024399,209802491,93332197,885870,106950,4689733399,020 WATER OPERATING FUND,28 WATER
2018,1,2,02 PURCHASE OF SERVICES,256,SEMINAR AND TRAINING SESSIONS       0256,20,28,38000,4689771399,4689771399,252062399,209840491,93370197,885870,144950,4689771399,020 WATER OPERATING FUND,28 WATER
2018,1,2,02 PURCHASE OF SERVICES,256,SEMINAR AND TRAINING SESSIONS       0256,20,28,33250,4689804649,4689804649,252095649,209873741,93403447,885870,178200,4689804649,020 WATER OPERATING FUND,28 WATER
2018,1,2,02 PURCHASE OF SERVICES,256,SEMINAR AND TRAINING SESSIONS       0256,20,28,200000,4690004649,4690004649,252295649,210073741,93603447,885870,378200,4690004649,020 WATER OPERATING FUND,28 WATER
2018,1,2,02 PURCHASE OF SERVICES,256,SEMINAR AND TRAINING SESSIONS       0256,20,28,2500,4690007149,4690007149,252298149,210076241,93605947,885870,380700,4690007149,020 WATER OPERATING FUND,28 WATER
2018,1,2,02 PURCHASE OF SERVICES,256,SEMINAR AND TRAINING SESSIONS       0256,20,28,500,4690007649,4690007649,252298649,210076741,93606447,885870,381200,4690007649,020 WATER OPERATING FUND,28 WATER
2018,1,2,02 PURCHASE OF SERVICES,256,SEMINAR AND TRAINING SESSIONS       0256,20,28,4750,4690012399,4690012399,252303399,210081491,93611197,885870,385950,4690012399,020 WATER OPERATING FUND,28 WATER
2018,1,2,02 PURCHASE OF SERVICES,256,SEMINAR AND TRAINING SESSIONS       0256,20,28,14000,4690026399,4690026399,252317399,210095491,93625197,885870,399950,4690026399,020 WATER OPERATING FUND,28 WATER
2018,1,2,02 PURCHASE OF SERVICES,256,SEMINAR AND TRAINING SESSIONS       0256,20,28,35000,4690061399,4690061399,252352399,210130491,93660197,885870,434950,4690061399,020 WATER OPERATING FUND,28 WATER
2018,1,2,02 PURCHASE OF SERVICES,256,SEMINAR AND TRAINING SESSIONS       0256,20,28,3500,4690064899,4690064899,252355899,210133991,93663697,885870,438450,4690064899,020 WATER OPERATING FUND,28 WATER
2018,1,2,02 PURCHASE OF SERVICES,256,SEMINAR AND TRAINING SESSIONS       0256,20,28,25000,4690089899,4690089899,252380899,210158991,93688697,885870,463450,4690089899,020 WATER OPERATING FUND,28 WATER
2018,1,2,02 PURCHASE OF SERVICES,256,SEMINAR AND TRAINING SESSIONS       0256,20,28,9500,4690099399,4690099399,252390399,210168491,93698197,885870,472950,4690099399,020 WATER OPERATING FUND,28 WATER
2018,1,2,02 PURCHASE OF SERVICES,256,SEMINAR AND TRAINING SESSIONS       0256,20,28,60000,4690159399,4690159399,252450399,210228491,93758197,885870,532950,4690159399,020 WATER OPERATING FUND,28 WATER
2018,1,2,02 PURCHASE OF SERVICES,256,SEMINAR AND TRAINING SESSIONS       0256,20,28,4750,4690164149,4690164149,252455149,210233241,93762947,885870,537700,4690164149,020 WATER OPERATING FUND,28 WATER
2018,1,2,02 PURCHASE OF SERVICES,256,SEMINAR AND TRAINING SESSIONS       0256,20,28,90000,4690254149,4690254149,252545149,210323241,93852947,885870,627700,4690254149,020 WATER OPERATING FUND,28 WATER
2018,1,2,02 PURCHASE OF SERVICES,256,SEMINAR AND TRAINING SESSIONS       0256,20,28,2000,4690256149,4690256149,252547149,210325241,93854947,885870,629700,4690256149,020 WATER OPERATING FUND,28 WATER
2018,1,2,02 PURCHASE OF SERVICES,256,SEMINAR AND TRAINING SESSIONS       0256,20,28,75000,4690331149,4690331149,252622149,210400241,93929947,885870,704700,4690331149,020 WATER OPERATING FUND,28 WATER
2018,1,2,02 PURCHASE OF SERVICES,256,SEMINAR AND TRAINING SESSIONS       0256,20,28,1000,4690332149,4690332149,252623149,210401241,93930947,885870,705700,4690332149,020 WATER OPERATING FUND,28 WATER
2018,1,2,02 PURCHASE OF SERVICES,256,SEMINAR AND TRAINING SESSIONS       0256,20,28,10200,4690342349,4690342349,252633349,210411441,93941147,885870,715900,4690342349,020 WATER OPERATING FUND,28 WATER
2018,1,2,02 PURCHASE OF SERVICES,256,SEMINAR AND TRAINING SESSIONS       0256,20,28,2100,4690344449,4690344449,252635449,210413541,93943247,885870,718000,4690344449,020 WATER OPERATING FUND,28 WATER
2018,1,2,02 PURCHASE OF SERVICES,256,SEMINAR AND TRAINING SESSIONS       0256,20,28,3000,4690347449,4690347449,252638449,210416541,93946247,885870,721000,4690347449,020 WATER OPERATING FUND,28 WATER
2018,1,2,02 PURCHASE OF SERVICES,256,SEMINAR AND TRAINING SESSIONS       0256,20,28,5000,4690352449,4690352449,252643449,210421541,93951247,885870,726000,4690352449,020 WATER OPERATING FUND,28 WATER
2018,1,2,02 PURCHASE OF SERVICES,256,SEMINAR AND TRAINING SESSIONS       0256,20,28,10000,4690362449,4690362449,252653449,210431541,93961247,885870,736000,4690362449,020 WATER OPERATING FUND,28 WATER
2018,1,2,02 PURCHASE OF SERVICES,256,SEMINAR AND TRAINING SESSIONS       0256,20,28,5000,4690367449,4690367449,252658449,210436541,93966247,885870,741000,4690367449,020 WATER OPERATING FUND,28 WATER
2018,1,2,02 PURCHASE OF SERVICES,256,SEMINAR AND TRAINING SESSIONS       0256,20,28,20000,4690387449,4690387449,252678449,210456541,93986247,885870,761000,4690387449,020 WATER OPERATING FUND,28 WATER
2018,1,2,02 PURCHASE OF SERVICES,256,SEMINAR AND TRAINING SESSIONS       0256,20,28,26000,4690413449,4690413449,252704449,210482541,94012247,885870,787000,4690413449,020 WATER OPERATING FUND,28 WATER
2018,1,2,02 PURCHASE OF SERVICES,256,SEMINAR AND TRAINING SESSIONS       0256,20,28,2100,4690415549,4690415549,252706549,210484641,94014347,885870,789100,4690415549,020 WATER OPERATING FUND,28 WATER
2018,1,2,02 PURCHASE OF SERVICES,256,SEMINAR AND TRAINING SESSIONS       0256,20,28,2000,4690417549,4690417549,252708549,210486641,94016347,885870,791100,4690417549,020 WATER OPERATING FUND,28 WATER
2018,1,2,02 PURCHASE OF SERVICES,256,SEMINAR AND TRAINING SESSIONS       0256,20,28,7500,4690425049,4690425049,252716049,210494141,94023847,885870,798600,4690425049,020 WATER OPERATING FUND,28 WATER
2018,1,2,02 PURCHASE OF SERVICES,256,SEMINAR AND TRAINING SESSIONS       0256,20,28,8000,4690433049,4690433049,252724049,210502141,94031847,885870,806600,4690433049,020 WATER OPERATING FUND,28 WATER
2018,1,2,02 PURCHASE OF SERVICES,256,SEMINAR AND TRAINING SESSIONS       0256,20,28,25000,4690458049,4690458049,252749049,210527141,94056847,885870,831600,4690458049,020 WATER OPERATING FUND,28 WATER
2018,1,2,02 PURCHASE OF SERVICES,256,SEMINAR AND TRAINING SESSIONS       0256,20,28,31270,4690489319,4690489319,252780319,210558411,94088117,885870,862870,4690489319,020 WATER OPERATING FUND,28 WATER
2018,1,2,02 PURCHASE OF SERVICES,256,SEMINAR AND TRAINING SESSIONS       0256,20,28,23000,4690512319,4690512319,252803319,210581411,94111117,885870,885870,4690512319,020 WATER OPERATING FUND,28 WATER
2018,1,2,02 PURCHASE OF SERVICES,257,ARCHITECTURAL & ENGINEERING SRVCS   0257,20,28,45000,4690557319,4690557319,252848319,210626411,94156117,3025290,45000,4690557319,020 WATER OPERATING FUND,28 WATER
2018,1,2,02 PURCHASE OF SERVICES,257,ARCHITECTURAL & ENGINEERING SRVCS   0257,20,28,337000,4690894319,4690894319,253185319,210963411,94493117,3025290,382000,4690894319,020 WATER OPERATING FUND,28 WATER
2018,1,2,02 PURCHASE OF SERVICES,257,ARCHITECTURAL & ENGINEERING SRVCS   0257,20,28,350000,4691244319,4691244319,253535319,211313411,94843117,3025290,732000,4691244319,020 WATER OPERATING FUND,28 WATER
2018,1,2,02 PURCHASE OF SERVICES,257,ARCHITECTURAL & ENGINEERING SRVCS   0257,20,28,479290,4691723609,4691723609,254014609,211792701,95322407,3025290,1211290,4691723609,020 WATER OPERATING FUND,28 WATER
2018,1,2,02 PURCHASE OF SERVICES,257,ARCHITECTURAL & ENGINEERING SRVCS   0257,20,28,1350000,4693073609,4693073609,255364609,213142701,96672407,3025290,2561290,4693073609,020 WATER OPERATING FUND,28 WATER
2018,1,2,02 PURCHASE OF SERVICES,257,ARCHITECTURAL & ENGINEERING SRVCS   0257,20,28,64000,4693137609,4693137609,255428609,213206701,96736407,3025290,2625290,4693137609,020 WATER OPERATING FUND,28 WATER
2018,1,2,02 PURCHASE OF SERVICES,257,ARCHITECTURAL & ENGINEERING SRVCS   0257,20,28,400000,4693537609,4693537609,255828609,213606701,97136407,3025290,3025290,4693537609,020 WATER OPERATING FUND,28 WATER
2018,1,2,02 PURCHASE OF SERVICES,258,COURT REPORTERS                     0258,20,28,20000,4693557609,4693557609,255848609,213626701,97156407,20000,20000,4693557609,020 WATER OPERATING FUND,28 WATER
2018,1,2,02 PURCHASE OF SERVICES,259,ARBITRATION FEES                    0259,20,28,500000,4694057609,4694057609,256348609,214126701,97656407,500000,500000,4694057609,020 WATER OPERATING FUND,28 WATER
2018,1,2,02 PURCHASE OF SERVICES,260,REPAIR AND MAINTENANCE CHARGES      0260,20,28,44250,4694101859,4694101859,256392859,214170951,97700657,13686545,44250,4694101859,020 WATER OPERATING FUND,28 WATER
2018,1,2,02 PURCHASE OF SERVICES,260,REPAIR AND MAINTENANCE CHARGES      0260,20,28,6000,4694107859,4694107859,256398859,214176951,97706657,13686545,50250,4694107859,020 WATER OPERATING FUND,28 WATER
2018,1,2,02 PURCHASE OF SERVICES,260,REPAIR AND MAINTENANCE CHARGES      0260,20,28,475,4694108334,4694108334,256399334,214177426,97707132,13686545,50725,4694108334,020 WATER OPERATING FUND,28 WATER
2018,1,2,02 PURCHASE OF SERVICES,260,REPAIR AND MAINTENANCE CHARGES      0260,20,28,3325,4694111659,4694111659,256402659,214180751,97710457,13686545,54050,4694111659,020 WATER OPERATING FUND,28 WATER
2018,1,2,02 PURCHASE OF SERVICES,260,REPAIR AND MAINTENANCE CHARGES      0260,20,28,291000,4694402659,4694402659,256693659,214471751,98001457,13686545,345050,4694402659,020 WATER OPERATING FUND,28 WATER
2018,1,2,02 PURCHASE OF SERVICES,260,REPAIR AND MAINTENANCE CHARGES      0260,20,28,330000,4694732659,4694732659,257023659,214801751,98331457,13686545,675050,4694732659,020 WATER OPERATING FUND,28 WATER
2018,1,2,02 PURCHASE OF SERVICES,260,REPAIR AND MAINTENANCE CHARGES      0260,20,28,145500,4694878159,4694878159,257169159,214947251,98476957,13686545,820550,4694878159,020 WATER OPERATING FUND,28 WATER
2018,1,2,02 PURCHASE OF SERVICES,260,REPAIR AND MAINTENANCE CHARGES      0260,20,28,381200,4695259359,4695259359,257550359,215328451,98858157,13686545,1201750,4695259359,020 WATER OPERATING FUND,28 WATER
2018,1,2,02 PURCHASE OF SERVICES,260,REPAIR AND MAINTENANCE CHARGES      0260,20,28,35700,4695295059,4695295059,257586059,215364151,98893857,13686545,1237450,4695295059,020 WATER OPERATING FUND,28 WATER
2018,1,2,02 PURCHASE OF SERVICES,260,REPAIR AND MAINTENANCE CHARGES      0260,20,28,488000,4695783059,4695783059,258074059,215852151,99381857,13686545,1725450,4695783059,020 WATER OPERATING FUND,28 WATER
2018,1,2,02 PURCHASE OF SERVICES,260,REPAIR AND MAINTENANCE CHARGES      0260,20,28,250,4695783309,4695783309,258074309,215852401,99382107,13686545,1725700,4695783309,020 WATER OPERATING FUND,28 WATER
2018,1,2,02 PURCHASE OF SERVICES,260,REPAIR AND MAINTENANCE CHARGES      0260,20,28,684000,4696467309,4696467309,258758309,216536401,100066107,13686545,2409700,4696467309,020 WATER OPERATING FUND,28 WATER
2018,1,2,02 PURCHASE OF SERVICES,260,REPAIR AND MAINTENANCE CHARGES      0260,20,28,400000,4696867309,4696867309,259158309,216936401,100466107,13686545,2809700,4696867309,020 WATER OPERATING FUND,28 WATER
2018,1,2,02 PURCHASE OF SERVICES,260,REPAIR AND MAINTENANCE CHARGES      0260,20,28,133000,4697000309,4697000309,259291309,217069401,100599107,13686545,2942700,4697000309,020 WATER OPERATING FUND,28 WATER
2018,1,2,02 PURCHASE OF SERVICES,260,REPAIR AND MAINTENANCE CHARGES      0260,20,28,50000,4697050309,4697050309,259341309,217119401,100649107,13686545,2992700,4697050309,020 WATER OPERATING FUND,28 WATER
2018,1,2,02 PURCHASE OF SERVICES,260,REPAIR AND MAINTENANCE CHARGES      0260,20,28,302000,4697352309,4697352309,259643309,217421401,100951107,13686545,3294700,4697352309,020 WATER OPERATING FUND,28 WATER
2018,1,2,02 PURCHASE OF SERVICES,260,REPAIR AND MAINTENANCE CHARGES      0260,20,28,1900000,4699252309,4699252309,261543309,219321401,102851107,13686545,5194700,4699252309,020 WATER OPERATING FUND,28 WATER
2018,1,2,02 PURCHASE OF SERVICES,260,REPAIR AND MAINTENANCE CHARGES      0260,20,28,5000,4699257309,4699257309,261548309,219326401,102856107,13686545,5199700,4699257309,020 WATER OPERATING FUND,28 WATER
2018,1,2,02 PURCHASE OF SERVICES,260,REPAIR AND MAINTENANCE CHARGES      0260,20,28,41200,4699298509,4699298509,261589509,219367601,102897307,13686545,5240900,4699298509,020 WATER OPERATING FUND,28 WATER
2018,1,2,02 PURCHASE OF SERVICES,260,REPAIR AND MAINTENANCE CHARGES      0260,20,28,663900,4699962409,4699962409,262253409,220031501,103561207,13686545,5904800,4699962409,020 WATER OPERATING FUND,28 WATER
2018,1,2,02 PURCHASE OF SERVICES,260,REPAIR AND MAINTENANCE CHARGES      0260,20,28,2945,4699965354,4699965354,262256354,220034446,103564152,13686545,5907745,4699965354,020 WATER OPERATING FUND,28 WATER
2018,1,2,02 PURCHASE OF SERVICES,260,REPAIR AND MAINTENANCE CHARGES      0260,20,28,857000,4700822354,4700822354,263113354,220891446,104421152,13686545,6764745,4700822354,020 WATER OPERATING FUND,28 WATER
2018,1,2,02 PURCHASE OF SERVICES,260,REPAIR AND MAINTENANCE CHARGES      0260,20,28,756500,4701578854,4701578854,263869854,221647946,105177652,13686545,7521245,4701578854,020 WATER OPERATING FUND,28 WATER
2018,1,2,02 PURCHASE OF SERVICES,260,REPAIR AND MAINTENANCE CHARGES      0260,20,28,309900,4701888754,4701888754,264179754,221957846,105487552,13686545,7831145,4701888754,020 WATER OPERATING FUND,28 WATER
2018,1,2,02 PURCHASE OF SERVICES,260,REPAIR AND MAINTENANCE CHARGES      0260,20,28,2083000,4703971754,4703971754,266262754,224040846,107570552,13686545,9914145,4703971754,020 WATER OPERATING FUND,28 WATER
2018,1,2,02 PURCHASE OF SERVICES,260,REPAIR AND MAINTENANCE CHARGES      0260,20,28,2068400,4706040154,4706040154,268331154,226109246,109638952,13686545,11982545,4706040154,020 WATER OPERATING FUND,28 WATER
2018,1,2,02 PURCHASE OF SERVICES,260,REPAIR AND MAINTENANCE CHARGES      0260,20,28,12000,4706052154,4706052154,268343154,226121246,109650952,13686545,11994545,4706052154,020 WATER OPERATING FUND,28 WATER
2018,1,2,02 PURCHASE OF SERVICES,260,REPAIR AND MAINTENANCE CHARGES      0260,20,28,1000,4706053154,4706053154,268344154,226122246,109651952,13686545,11995545,4706053154,020 WATER OPERATING FUND,28 WATER
2018,1,2,02 PURCHASE OF SERVICES,260,REPAIR AND MAINTENANCE CHARGES      0260,20,28,1500000,4707553154,4707553154,269844154,227622246,111151952,13686545,13495545,4707553154,020 WATER OPERATING FUND,28 WATER
2018,1,2,02 PURCHASE OF SERVICES,260,REPAIR AND MAINTENANCE CHARGES      0260,20,28,1000,4707554154,4707554154,269845154,227623246,111152952,13686545,13496545,4707554154,020 WATER OPERATING FUND,28 WATER
2018,1,2,02 PURCHASE OF SERVICES,260,REPAIR AND MAINTENANCE CHARGES      0260,20,28,15000,4707569154,4707569154,269860154,227638246,111167952,13686545,13511545,4707569154,020 WATER OPERATING FUND,28 WATER
2018,1,2,02 PURCHASE OF SERVICES,260,REPAIR AND MAINTENANCE CHARGES      0260,20,28,175000,4707744154,4707744154,270035154,227813246,111342952,13686545,13686545,4707744154,020 WATER OPERATING FUND,28 WATER
2018,1,2,02 PURCHASE OF SERVICES,261,REPAVING REPAIRING & RESURF STREETS 0261,20,28,1648000,4709392154,4709392154,271683154,229461246,112990952,2563000,1648000,4709392154,020 WATER OPERATING FUND,28 WATER
2018,1,2,02 PURCHASE OF SERVICES,261,REPAVING REPAIRING & RESURF STREETS 0261,20,28,915000,4710307154,4710307154,272598154,230376246,113905952,2563000,2563000,4710307154,020 WATER OPERATING FUND,28 WATER
2018,1,2,02 PURCHASE OF SERVICES,264,ABATEMENT OF OTHER NUISANCES        0264,20,28,7000000,4717307154,4717307154,279598154,237376246,120905952,10500000,7000000,4717307154,020 WATER OPERATING FUND,28 WATER
2018,1,2,02 PURCHASE OF SERVICES,264,ABATEMENT OF OTHER NUISANCES        0264,20,28,3500000,4720807154,4720807154,283098154,240876246,124405952,10500000,10500000,4720807154,020 WATER OPERATING FUND,28 WATER
2018,1,2,02 PURCHASE OF SERVICES,266,MAINT/SUPPORT-COMPUTR HARDWARE/SOFT 0266,20,28,150000,4720957154,4720957154,283248154,241026246,124555952,740730,150000,4720957154,020 WATER OPERATING FUND,28 WATER
2018,1,2,02 PURCHASE OF SERVICES,266,MAINT/SUPPORT-COMPUTR HARDWARE/SOFT 0266,20,28,150000,4721107154,4721107154,283398154,241176246,124705952,740730,300000,4721107154,020 WATER OPERATING FUND,28 WATER
2018,1,2,02 PURCHASE OF SERVICES,266,MAINT/SUPPORT-COMPUTR HARDWARE/SOFT 0266,20,28,23750,4721130904,4721130904,283421904,241199996,124729702,740730,323750,4721130904,020 WATER OPERATING FUND,28 WATER
2018,1,2,02 PURCHASE OF SERVICES,266,MAINT/SUPPORT-COMPUTR HARDWARE/SOFT 0266,20,28,223000,4721353904,4721353904,283644904,241422996,124952702,740730,546750,4721353904,020 WATER OPERATING FUND,28 WATER
2018,1,2,02 PURCHASE OF SERVICES,266,MAINT/SUPPORT-COMPUTR HARDWARE/SOFT 0266,20,28,63000,4721416904,4721416904,283707904,241485996,125015702,740730,609750,4721416904,020 WATER OPERATING FUND,28 WATER
2018,1,2,02 PURCHASE OF SERVICES,266,MAINT/SUPPORT-COMPUTR HARDWARE/SOFT 0266,20,28,51000,4721467904,4721467904,283758904,241536996,125066702,740730,660750,4721467904,020 WATER OPERATING FUND,28 WATER
2018,1,2,02 PURCHASE OF SERVICES,266,MAINT/SUPPORT-COMPUTR HARDWARE/SOFT 0266,20,28,78600,4721546504,4721546504,283837504,241615596,125145302,740730,739350,4721546504,020 WATER OPERATING FUND,28 WATER
2018,1,2,02 PURCHASE OF SERVICES,266,MAINT/SUPPORT-COMPUTR HARDWARE/SOFT 0266,20,28,1380,4721547884,4721547884,283838884,241616976,125146682,740730,740730,4721547884,020 WATER OPERATING FUND,28 WATER
2018,1,2,02 PURCHASE OF SERVICES,280,INSURANCE AND OFFICIAL BONDS        0280,20,28,120000,4721667884,4721667884,283958884,241736976,125266682,162000,120000,4721667884,020 WATER OPERATING FUND,28 WATER
2018,1,2,02 PURCHASE OF SERVICES,280,INSURANCE AND OFFICIAL BONDS        0280,20,28,42000,4721709884,4721709884,284000884,241778976,125308682,162000,162000,4721709884,020 WATER OPERATING FUND,28 WATER
2018,1,2,02 PURCHASE OF SERVICES,281,LEASE PAYMENTS-PHILA MUNICIPAL AUTH 0281,20,28,6032258,4727742142,4727742142,290033142,247811234,131340940,30732258,6032258,4727742142,020 WATER OPERATING FUND,28 WATER
2018,1,2,02 PURCHASE OF SERVICES,281,LEASE PAYMENTS-PHILA MUNICIPAL AUTH 0281,20,28,22500000,4750242142,4750242142,312533142,270311234,153840940,30732258,28532258,4750242142,020 WATER OPERATING FUND,28 WATER
2018,1,2,02 PURCHASE OF SERVICES,281,LEASE PAYMENTS-PHILA MUNICIPAL AUTH 0281,20,28,2200000,4752442142,4752442142,314733142,272511234,156040940,30732258,30732258,4752442142,020 WATER OPERATING FUND,28 WATER
2018,1,2,02 PURCHASE OF SERVICES,282,RENT/LEASE-PURCHASE COMPUTER EQUIP  0282,20,28,1995,4752444137,4752444137,314735137,272513229,156042935,5995,1995,4752444137,020 WATER OPERATING FUND,28 WATER
2018,1,2,02 PURCHASE OF SERVICES,282,RENT/LEASE-PURCHASE COMPUTER EQUIP  0282,20,28,4000,4752448137,4752448137,314739137,272517229,156046935,5995,5995,4752448137,020 WATER OPERATING FUND,28 WATER
2018,1,2,02 PURCHASE OF SERVICES,285,RENTS                               0285,20,28,3200,4752451337,4752451337,314742337,272520429,156050135,1408000,3200,4752451337,020 WATER OPERATING FUND,28 WATER
2018,1,2,02 PURCHASE OF SERVICES,285,RENTS                               0285,20,28,20000,4752471337,4752471337,314762337,272540429,156070135,1408000,23200,4752471337,020 WATER OPERATING FUND,28 WATER
2018,1,2,02 PURCHASE OF SERVICES,285,RENTS                               0285,20,28,3000,4752474337,4752474337,314765337,272543429,156073135,1408000,26200,4752474337,020 WATER OPERATING FUND,28 WATER
2018,1,2,02 PURCHASE OF SERVICES,285,RENTS                               0285,20,28,60000,4752534337,4752534337,314825337,272603429,156133135,1408000,86200,4752534337,020 WATER OPERATING FUND,28 WATER
2018,1,2,02 PURCHASE OF SERVICES,285,RENTS                               0285,20,28,15000,4752549337,4752549337,314840337,272618429,156148135,1408000,101200,4752549337,020 WATER OPERATING FUND,28 WATER
2018,1,2,02 PURCHASE OF SERVICES,285,RENTS                               0285,20,28,38000,4752587337,4752587337,314878337,272656429,156186135,1408000,139200,4752587337,020 WATER OPERATING FUND,28 WATER
2018,1,2,02 PURCHASE OF SERVICES,285,RENTS                               0285,20,28,20000,4752607337,4752607337,314898337,272676429,156206135,1408000,159200,4752607337,020 WATER OPERATING FUND,28 WATER
2018,1,2,02 PURCHASE OF SERVICES,285,RENTS                               0285,20,28,5500,4752612837,4752612837,314903837,272681929,156211635,1408000,164700,4752612837,020 WATER OPERATING FUND,28 WATER
2018,1,2,02 PURCHASE OF SERVICES,285,RENTS                               0285,20,28,29800,4752642637,4752642637,314933637,272711729,156241435,1408000,194500,4752642637,020 WATER OPERATING FUND,28 WATER
2018,1,2,02 PURCHASE OF SERVICES,285,RENTS                               0285,20,28,3000,4752645637,4752645637,314936637,272714729,156244435,1408000,197500,4752645637,020 WATER OPERATING FUND,28 WATER
2018,1,2,02 PURCHASE OF SERVICES,285,RENTS                               0285,20,28,8000,4752653637,4752653637,314944637,272722729,156252435,1408000,205500,4752653637,020 WATER OPERATING FUND,28 WATER
2018,1,2,02 PURCHASE OF SERVICES,285,RENTS                               0285,20,28,83000,4752736637,4752736637,315027637,272805729,156335435,1408000,288500,4752736637,020 WATER OPERATING FUND,28 WATER
2018,1,2,02 PURCHASE OF SERVICES,285,RENTS                               0285,20,28,1000,4752737637,4752737637,315028637,272806729,156336435,1408000,289500,4752737637,020 WATER OPERATING FUND,28 WATER
2018,1,2,02 PURCHASE OF SERVICES,285,RENTS                               0285,20,28,5700,4752743337,4752743337,315034337,272812429,156342135,1408000,295200,4752743337,020 WATER OPERATING FUND,28 WATER
2018,1,2,02 PURCHASE OF SERVICES,285,RENTS                               0285,20,28,1000,4752744337,4752744337,315035337,272813429,156343135,1408000,296200,4752744337,020 WATER OPERATING FUND,28 WATER
2018,1,2,02 PURCHASE OF SERVICES,285,RENTS                               0285,20,28,45000,4752789337,4752789337,315080337,272858429,156388135,1408000,341200,4752789337,020 WATER OPERATING FUND,28 WATER
2018,1,2,02 PURCHASE OF SERVICES,285,RENTS                               0285,20,28,725000,4753514337,4753514337,315805337,273583429,157113135,1408000,1066200,4753514337,020 WATER OPERATING FUND,28 WATER
2018,1,2,02 PURCHASE OF SERVICES,285,RENTS                               0285,20,28,28500,4753542837,4753542837,315833837,273611929,157141635,1408000,1094700,4753542837,020 WATER OPERATING FUND,28 WATER
2018,1,2,02 PURCHASE OF SERVICES,285,RENTS                               0285,20,28,2850,4753545687,4753545687,315836687,273614779,157144485,1408000,1097550,4753545687,020 WATER OPERATING FUND,28 WATER
2018,1,2,02 PURCHASE OF SERVICES,285,RENTS                               0285,20,28,24800,4753570487,4753570487,315861487,273639579,157169285,1408000,1122350,4753570487,020 WATER OPERATING FUND,28 WATER
2018,1,2,02 PURCHASE OF SERVICES,285,RENTS                               0285,20,28,38000,4753608487,4753608487,315899487,273677579,157207285,1408000,1160350,4753608487,020 WATER OPERATING FUND,28 WATER
2018,1,2,02 PURCHASE OF SERVICES,285,RENTS                               0285,20,28,13500,4753621987,4753621987,315912987,273691079,157220785,1408000,1173850,4753621987,020 WATER OPERATING FUND,28 WATER
2018,1,2,02 PURCHASE OF SERVICES,285,RENTS                               0285,20,28,2000,4753623987,4753623987,315914987,273693079,157222785,1408000,1175850,4753623987,020 WATER OPERATING FUND,28 WATER
2018,1,2,02 PURCHASE OF SERVICES,285,RENTS                               0285,20,28,10000,4753633987,4753633987,315924987,273703079,157232785,1408000,1185850,4753633987,020 WATER OPERATING FUND,28 WATER
2018,1,2,02 PURCHASE OF SERVICES,285,RENTS                               0285,20,28,15000,4753648987,4753648987,315939987,273718079,157247785,1408000,1200850,4753648987,020 WATER OPERATING FUND,28 WATER
2018,1,2,02 PURCHASE OF SERVICES,285,RENTS                               0285,20,28,6650,4753655637,4753655637,315946637,273724729,157254435,1408000,1207500,4753655637,020 WATER OPERATING FUND,28 WATER
2018,1,2,02 PURCHASE OF SERVICES,285,RENTS                               0285,20,28,10000,4753665637,4753665637,315956637,273734729,157264435,1408000,1217500,4753665637,020 WATER OPERATING FUND,28 WATER
2018,1,2,02 PURCHASE OF SERVICES,285,RENTS                               0285,20,28,4000,4753669637,4753669637,315960637,273738729,157268435,1408000,1221500,4753669637,020 WATER OPERATING FUND,28 WATER
2018,1,2,02 PURCHASE OF SERVICES,285,RENTS                               0285,20,28,25000,4753694637,4753694637,315985637,273763729,157293435,1408000,1246500,4753694637,020 WATER OPERATING FUND,28 WATER
2018,1,2,02 PURCHASE OF SERVICES,285,RENTS                               0285,20,28,161500,4753856137,4753856137,316147137,273925229,157454935,1408000,1408000,4753856137,020 WATER OPERATING FUND,28 WATER
2018,1,2,02 PURCHASE OF SERVICES,299,OTHER EXPENSES (NOT OTHRWSE CLSSFD) 0299,20,28,15000,4753871137,4753871137,316162137,273940229,157469935,16586,15000,4753871137,020 WATER OPERATING FUND,28 WATER
2018,1,2,02 PURCHASE OF SERVICES,299,OTHER EXPENSES (NOT OTHRWSE CLSSFD) 0299,20,28,1586,4753872723,4753872723,316163723,273941815,157471521,16586,16586,4753872723,020 WATER OPERATING FUND,28 WATER
2018,1,3,03 MATERIALS AND SUPPLIES,301,AGRICULTURAL AND BOTANICAL          0301,20,28,2850,4753875573,4753875573,316166573,273944665,2850,84206,2850,4753875573,020 WATER OPERATING FUND,28 WATER
2018,1,3,03 MATERIALS AND SUPPLIES,301,AGRICULTURAL AND BOTANICAL          0301,20,28,32300,4753907873,4753907873,316198873,273976965,35150,84206,35150,4753907873,020 WATER OPERATING FUND,28 WATER
2018,1,3,03 MATERIALS AND SUPPLIES,301,AGRICULTURAL AND BOTANICAL          0301,20,28,1000,4753908873,4753908873,316199873,273977965,36150,84206,36150,4753908873,020 WATER OPERATING FUND,28 WATER
2018,1,3,03 MATERIALS AND SUPPLIES,301,AGRICULTURAL AND BOTANICAL          0301,20,28,1000,4753909873,4753909873,316200873,273978965,37150,84206,37150,4753909873,020 WATER OPERATING FUND,28 WATER
2018,1,3,03 MATERIALS AND SUPPLIES,301,AGRICULTURAL AND BOTANICAL          0301,20,28,950,4753910823,4753910823,316201823,273979915,38100,84206,38100,4753910823,020 WATER OPERATING FUND,28 WATER
2018,1,3,03 MATERIALS AND SUPPLIES,301,AGRICULTURAL AND BOTANICAL          0301,20,28,5356,4753916179,4753916179,316207179,273985271,43456,84206,43456,4753916179,020 WATER OPERATING FUND,28 WATER
2018,1,3,03 MATERIALS AND SUPPLIES,301,AGRICULTURAL AND BOTANICAL          0301,20,28,6000,4753922179,4753922179,316213179,273991271,49456,84206,49456,4753922179,020 WATER OPERATING FUND,28 WATER
2018,1,3,03 MATERIALS AND SUPPLIES,301,AGRICULTURAL AND BOTANICAL          0301,20,28,30000,4753952179,4753952179,316243179,274021271,79456,84206,79456,4753952179,020 WATER OPERATING FUND,28 WATER
2018,1,3,03 MATERIALS AND SUPPLIES,301,AGRICULTURAL AND BOTANICAL          0301,20,28,4750,4753956929,4753956929,316247929,274026021,84206,84206,84206,4753956929,020 WATER OPERATING FUND,28 WATER
2018,1,3,03 MATERIALS AND SUPPLIES,304,BOOKS AND OTHER PUBLICATIONS        0304,20,28,5000,4753961929,4753961929,316252929,274031021,89206,107857,5000,4753961929,020 WATER OPERATING FUND,28 WATER
2018,1,3,03 MATERIALS AND SUPPLIES,304,BOOKS AND OTHER PUBLICATIONS        0304,20,28,1000,4753962929,4753962929,316253929,274032021,90206,107857,6000,4753962929,020 WATER OPERATING FUND,28 WATER
2018,1,3,03 MATERIALS AND SUPPLIES,304,BOOKS AND OTHER PUBLICATIONS        0304,20,28,5000,4753967929,4753967929,316258929,274037021,95206,107857,11000,4753967929,020 WATER OPERATING FUND,28 WATER
2018,1,3,03 MATERIALS AND SUPPLIES,304,BOOKS AND OTHER PUBLICATIONS        0304,20,28,1000,4753968929,4753968929,316259929,274038021,96206,107857,12000,4753968929,020 WATER OPERATING FUND,28 WATER
2018,1,3,03 MATERIALS AND SUPPLIES,304,BOOKS AND OTHER PUBLICATIONS        0304,20,28,1030,4753969959,4753969959,316260959,274039051,97236,107857,13030,4753969959,020 WATER OPERATING FUND,28 WATER
2018,1,3,03 MATERIALS AND SUPPLIES,304,BOOKS AND OTHER PUBLICATIONS        0304,20,28,1000,4753970959,4753970959,316261959,274040051,98236,107857,14030,4753970959,020 WATER OPERATING FUND,28 WATER
2018,1,3,03 MATERIALS AND SUPPLIES,304,BOOKS AND OTHER PUBLICATIONS        0304,20,28,1000,4753971959,4753971959,316262959,274041051,99236,107857,15030,4753971959,020 WATER OPERATING FUND,28 WATER
2018,1,3,03 MATERIALS AND SUPPLIES,304,BOOKS AND OTHER PUBLICATIONS        0304,20,28,515,4753972474,4753972474,316263474,274041566,99751,107857,15545,4753972474,020 WATER OPERATING FUND,28 WATER
2018,1,3,03 MATERIALS AND SUPPLIES,304,BOOKS AND OTHER PUBLICATIONS        0304,20,28,3296,4753975770,4753975770,316266770,274044862,103047,107857,18841,4753975770,020 WATER OPERATING FUND,28 WATER
2018,1,3,03 MATERIALS AND SUPPLIES,304,BOOKS AND OTHER PUBLICATIONS        0304,20,28,25000,4754000770,4754000770,316291770,274069862,128047,107857,43841,4754000770,020 WATER OPERATING FUND,28 WATER
2018,1,3,03 MATERIALS AND SUPPLIES,304,BOOKS AND OTHER PUBLICATIONS        0304,20,28,15300,4754016070,4754016070,316307070,274085162,143347,107857,59141,4754016070,020 WATER OPERATING FUND,28 WATER
2018,1,3,03 MATERIALS AND SUPPLIES,304,BOOKS AND OTHER PUBLICATIONS        0304,20,28,1000,4754017070,4754017070,316308070,274086162,144347,107857,60141,4754017070,020 WATER OPERATING FUND,28 WATER
2018,1,3,03 MATERIALS AND SUPPLIES,304,BOOKS AND OTHER PUBLICATIONS        0304,20,28,1900,4754018970,4754018970,316309970,274088062,146247,107857,62041,4754018970,020 WATER OPERATING FUND,28 WATER
2018,1,3,03 MATERIALS AND SUPPLIES,304,BOOKS AND OTHER PUBLICATIONS        0304,20,28,1000,4754019970,4754019970,316310970,274089062,147247,107857,63041,4754019970,020 WATER OPERATING FUND,28 WATER
2018,1,3,03 MATERIALS AND SUPPLIES,304,BOOKS AND OTHER PUBLICATIONS        0304,20,28,1000,4754020970,4754020970,316311970,274090062,148247,107857,64041,4754020970,020 WATER OPERATING FUND,28 WATER
2018,1,3,03 MATERIALS AND SUPPLIES,304,BOOKS AND OTHER PUBLICATIONS        0304,20,28,1030,4754022000,4754022000,316313000,274091092,149277,107857,65071,4754022000,020 WATER OPERATING FUND,28 WATER
2018,1,3,03 MATERIALS AND SUPPLIES,304,BOOKS AND OTHER PUBLICATIONS        0304,20,28,1045,4754023045,4754023045,316314045,274092137,150322,107857,66116,4754023045,020 WATER OPERATING FUND,28 WATER
2018,1,3,03 MATERIALS AND SUPPLIES,304,BOOKS AND OTHER PUBLICATIONS        0304,20,28,3800,4754026845,4754026845,316317845,274095937,154122,107857,69916,4754026845,020 WATER OPERATING FUND,28 WATER
2018,1,3,03 MATERIALS AND SUPPLIES,304,BOOKS AND OTHER PUBLICATIONS        0304,20,28,979,4754027824,4754027824,316318824,274096916,155101,107857,70895,4754027824,020 WATER OPERATING FUND,28 WATER
2018,1,3,03 MATERIALS AND SUPPLIES,304,BOOKS AND OTHER PUBLICATIONS        0304,20,28,9500,4754037324,4754037324,316328324,274106416,164601,107857,80395,4754037324,020 WATER OPERATING FUND,28 WATER
2018,1,3,03 MATERIALS AND SUPPLIES,304,BOOKS AND OTHER PUBLICATIONS        0304,20,28,2329,4754039653,4754039653,316330653,274108745,166930,107857,82724,4754039653,020 WATER OPERATING FUND,28 WATER
2018,1,3,03 MATERIALS AND SUPPLIES,304,BOOKS AND OTHER PUBLICATIONS        0304,20,28,950,4754040603,4754040603,316331603,274109695,167880,107857,83674,4754040603,020 WATER OPERATING FUND,28 WATER
2018,1,3,03 MATERIALS AND SUPPLIES,304,BOOKS AND OTHER PUBLICATIONS        0304,20,28,15000,4754055603,4754055603,316346603,274124695,182880,107857,98674,4754055603,020 WATER OPERATING FUND,28 WATER
2018,1,3,03 MATERIALS AND SUPPLIES,304,BOOKS AND OTHER PUBLICATIONS        0304,20,28,1648,4754057251,4754057251,316348251,274126343,184528,107857,100322,4754057251,020 WATER OPERATING FUND,28 WATER
2018,1,3,03 MATERIALS AND SUPPLIES,304,BOOKS AND OTHER PUBLICATIONS        0304,20,28,4120,4754061371,4754061371,316352371,274130463,188648,107857,104442,4754061371,020 WATER OPERATING FUND,28 WATER
2018,1,3,03 MATERIALS AND SUPPLIES,304,BOOKS AND OTHER PUBLICATIONS        0304,20,28,1000,4754062371,4754062371,316353371,274131463,189648,107857,105442,4754062371,020 WATER OPERATING FUND,28 WATER
2018,1,3,03 MATERIALS AND SUPPLIES,304,BOOKS AND OTHER PUBLICATIONS        0304,20,28,1900,4754064271,4754064271,316355271,274133363,191548,107857,107342,4754064271,020 WATER OPERATING FUND,28 WATER
2018,1,3,03 MATERIALS AND SUPPLIES,304,BOOKS AND OTHER PUBLICATIONS        0304,20,28,515,4754064786,4754064786,316355786,274133878,192063,107857,107857,4754064786,020 WATER OPERATING FUND,28 WATER
2018,1,3,03 MATERIALS AND SUPPLIES,305,BUILDING AND CONSTRUCTION           0305,20,28,40500,4754105286,4754105286,316396286,274174378,232563,2382112,40500,4754105286,020 WATER OPERATING FUND,28 WATER
2018,1,3,03 MATERIALS AND SUPPLIES,305,BUILDING AND CONSTRUCTION           0305,20,28,13000,4754118286,4754118286,316409286,274187378,245563,2382112,53500,4754118286,020 WATER OPERATING FUND,28 WATER
2018,1,3,03 MATERIALS AND SUPPLIES,305,BUILDING AND CONSTRUCTION           0305,20,28,6000,4754124286,4754124286,316415286,274193378,251563,2382112,59500,4754124286,020 WATER OPERATING FUND,28 WATER
2018,1,3,03 MATERIALS AND SUPPLIES,305,BUILDING AND CONSTRUCTION           0305,20,28,1500,4754125786,4754125786,316416786,274194878,253063,2382112,61000,4754125786,020 WATER OPERATING FUND,28 WATER
2018,1,3,03 MATERIALS AND SUPPLIES,305,BUILDING AND CONSTRUCTION           0305,20,28,66500,4754192286,4754192286,316483286,274261378,319563,2382112,127500,4754192286,020 WATER OPERATING FUND,28 WATER
2018,1,3,03 MATERIALS AND SUPPLIES,305,BUILDING AND CONSTRUCTION           0305,20,28,20000,4754212286,4754212286,316503286,274281378,339563,2382112,147500,4754212286,020 WATER OPERATING FUND,28 WATER
2018,1,3,03 MATERIALS AND SUPPLIES,305,BUILDING AND CONSTRUCTION           0305,20,28,6000,4754218286,4754218286,316509286,274287378,345563,2382112,153500,4754218286,020 WATER OPERATING FUND,28 WATER
2018,1,3,03 MATERIALS AND SUPPLIES,305,BUILDING AND CONSTRUCTION           0305,20,28,1030000,4755248286,4755248286,317539286,275317378,1375563,2382112,1183500,4755248286,020 WATER OPERATING FUND,28 WATER
2018,1,3,03 MATERIALS AND SUPPLIES,305,BUILDING AND CONSTRUCTION           0305,20,28,515,4755248801,4755248801,317539801,275317893,1376078,2382112,1184015,4755248801,020 WATER OPERATING FUND,28 WATER
2018,1,3,03 MATERIALS AND SUPPLIES,305,BUILDING AND CONSTRUCTION           0305,20,28,128250,4755377051,4755377051,317668051,275446143,1504328,2382112,1312265,4755377051,020 WATER OPERATING FUND,28 WATER
2018,1,3,03 MATERIALS AND SUPPLIES,305,BUILDING AND CONSTRUCTION           0305,20,28,61000,4755438051,4755438051,317729051,275507143,1565328,2382112,1373265,4755438051,020 WATER OPERATING FUND,28 WATER
2018,1,3,03 MATERIALS AND SUPPLIES,305,BUILDING AND CONSTRUCTION           0305,20,28,104000,4755542051,4755542051,317833051,275611143,1669328,2382112,1477265,4755542051,020 WATER OPERATING FUND,28 WATER
2018,1,3,03 MATERIALS AND SUPPLIES,305,BUILDING AND CONSTRUCTION           0305,20,28,979,4755543030,4755543030,317834030,275612122,1670307,2382112,1478244,4755543030,020 WATER OPERATING FUND,28 WATER
2018,1,3,03 MATERIALS AND SUPPLIES,305,BUILDING AND CONSTRUCTION           0305,20,28,181450,4755724480,4755724480,318015480,275793572,1851757,2382112,1659694,4755724480,020 WATER OPERATING FUND,28 WATER
2018,1,3,03 MATERIALS AND SUPPLIES,305,BUILDING AND CONSTRUCTION           0305,20,28,339900,4756064380,4756064380,318355380,276133472,2191657,2382112,1999594,4756064380,020 WATER OPERATING FUND,28 WATER
2018,1,3,03 MATERIALS AND SUPPLIES,305,BUILDING AND CONSTRUCTION           0305,20,28,5000,4756069380,4756069380,318360380,276138472,2196657,2382112,2004594,4756069380,020 WATER OPERATING FUND,28 WATER
2018,1,3,03 MATERIALS AND SUPPLIES,305,BUILDING AND CONSTRUCTION           0305,20,28,369518,4756438898,4756438898,318729898,276507990,2566175,2382112,2374112,4756438898,020 WATER OPERATING FUND,28 WATER
2018,1,3,03 MATERIALS AND SUPPLIES,305,BUILDING AND CONSTRUCTION           0305,20,28,8000,4756446898,4756446898,318737898,276515990,2574175,2382112,2382112,4756446898,020 WATER OPERATING FUND,28 WATER
2018,1,3,03 MATERIALS AND SUPPLIES,307,CHEMICALS AND GASES                 0307,20,28,5000,4756451898,4756451898,318742898,276520990,2579175,21937905,5000,4756451898,020 WATER OPERATING FUND,28 WATER
2018,1,3,03 MATERIALS AND SUPPLIES,307,CHEMICALS AND GASES                 0307,20,28,9144000,4765595898,4765595898,327886898,285664990,11723175,21937905,9149000,4765595898,020 WATER OPERATING FUND,28 WATER
2018,1,3,03 MATERIALS AND SUPPLIES,307,CHEMICALS AND GASES                 0307,20,28,5011580,4770607478,4770607478,332898478,290676570,16734755,21937905,14160580,4770607478,020 WATER OPERATING FUND,28 WATER
2018,1,3,03 MATERIALS AND SUPPLIES,307,CHEMICALS AND GASES                 0307,20,28,4322609,4774930087,4774930087,337221087,294999179,21057364,21937905,18483189,4774930087,020 WATER OPERATING FUND,28 WATER
2018,1,3,03 MATERIALS AND SUPPLIES,307,CHEMICALS AND GASES                 0307,20,28,50000,4774980087,4774980087,337271087,295049179,21107364,21937905,18533189,4774980087,020 WATER OPERATING FUND,28 WATER
2018,1,3,03 MATERIALS AND SUPPLIES,307,CHEMICALS AND GASES                 0307,20,28,60000,4775040087,4775040087,337331087,295109179,21167364,21937905,18593189,4775040087,020 WATER OPERATING FUND,28 WATER
2018,1,3,03 MATERIALS AND SUPPLIES,307,CHEMICALS AND GASES                 0307,20,28,2850,4775042937,4775042937,337333937,295112029,21170214,21937905,18596039,4775042937,020 WATER OPERATING FUND,28 WATER
2018,1,3,03 MATERIALS AND SUPPLIES,307,CHEMICALS AND GASES                 0307,20,28,41200,4775084137,4775084137,337375137,295153229,21211414,21937905,18637239,4775084137,020 WATER OPERATING FUND,28 WATER
2018,1,3,03 MATERIALS AND SUPPLIES,307,CHEMICALS AND GASES                 0307,20,28,1957,4775086094,4775086094,337377094,295155186,21213371,21937905,18639196,4775086094,020 WATER OPERATING FUND,28 WATER
2018,1,3,03 MATERIALS AND SUPPLIES,307,CHEMICALS AND GASES                 0307,20,28,461000,4775547094,4775547094,337838094,295616186,21674371,21937905,19100196,4775547094,020 WATER OPERATING FUND,28 WATER
2018,1,3,03 MATERIALS AND SUPPLIES,307,CHEMICALS AND GASES                 0307,20,28,5000,4775552094,4775552094,337843094,295621186,21679371,21937905,19105196,4775552094,020 WATER OPERATING FUND,28 WATER
2018,1,3,03 MATERIALS AND SUPPLIES,307,CHEMICALS AND GASES                 0307,20,28,441750,4775993844,4775993844,338284844,296062936,22121121,21937905,19546946,4775993844,020 WATER OPERATING FUND,28 WATER
2018,1,3,03 MATERIALS AND SUPPLIES,307,CHEMICALS AND GASES                 0307,20,28,2000,4775995844,4775995844,338286844,296064936,22123121,21937905,19548946,4775995844,020 WATER OPERATING FUND,28 WATER
2018,1,3,03 MATERIALS AND SUPPLIES,307,CHEMICALS AND GASES                 0307,20,28,1511000,4777506844,4777506844,339797844,297575936,23634121,21937905,21059946,4777506844,020 WATER OPERATING FUND,28 WATER
2018,1,3,03 MATERIALS AND SUPPLIES,307,CHEMICALS AND GASES                 0307,20,28,867350,4778374194,4778374194,340665194,298443286,24501471,21937905,21927296,4778374194,020 WATER OPERATING FUND,28 WATER
2018,1,3,03 MATERIALS AND SUPPLIES,307,CHEMICALS AND GASES                 0307,20,28,10609,4778384803,4778384803,340675803,298453895,24512080,21937905,21937905,4778384803,020 WATER OPERATING FUND,28 WATER
2018,1,3,03 MATERIALS AND SUPPLIES,308,DRY GOODS/NOTIONS/WEARING APPAREL   0308,20,28,60000,4778444803,4778444803,340735803,298513895,24572080,448984,60000,4778444803,020 WATER OPERATING FUND,28 WATER
2018,1,3,03 MATERIALS AND SUPPLIES,308,DRY GOODS/NOTIONS/WEARING APPAREL   0308,20,28,2500,4778447303,4778447303,340738303,298516395,24574580,448984,62500,4778447303,020 WATER OPERATING FUND,28 WATER
2018,1,3,03 MATERIALS AND SUPPLIES,308,DRY GOODS/NOTIONS/WEARING APPAREL   0308,20,28,489,4778447792,4778447792,340738792,298516884,24575069,448984,62989,4778447792,020 WATER OPERATING FUND,28 WATER
2018,1,3,03 MATERIALS AND SUPPLIES,308,DRY GOODS/NOTIONS/WEARING APPAREL   0308,20,28,5000,4778452792,4778452792,340743792,298521884,24580069,448984,67989,4778452792,020 WATER OPERATING FUND,28 WATER
2018,1,3,03 MATERIALS AND SUPPLIES,308,DRY GOODS/NOTIONS/WEARING APPAREL   0308,20,28,5150,4778457942,4778457942,340748942,298527034,24585219,448984,73139,4778457942,020 WATER OPERATING FUND,28 WATER
2018,1,3,03 MATERIALS AND SUPPLIES,308,DRY GOODS/NOTIONS/WEARING APPAREL   0308,20,28,11900,4778469842,4778469842,340760842,298538934,24597119,448984,85039,4778469842,020 WATER OPERATING FUND,28 WATER
2018,1,3,03 MATERIALS AND SUPPLIES,308,DRY GOODS/NOTIONS/WEARING APPAREL   0308,20,28,17195,4778487037,4778487037,340778037,298556129,24614314,448984,102234,4778487037,020 WATER OPERATING FUND,28 WATER
2018,1,3,03 MATERIALS AND SUPPLIES,308,DRY GOODS/NOTIONS/WEARING APPAREL   0308,20,28,309000,4778796037,4778796037,341087037,298865129,24923314,448984,411234,4778796037,020 WATER OPERATING FUND,28 WATER
2018,1,3,03 MATERIALS AND SUPPLIES,308,DRY GOODS/NOTIONS/WEARING APPAREL   0308,20,28,500,4778796537,4778796537,341087537,298865629,24923814,448984,411734,4778796537,020 WATER OPERATING FUND,28 WATER
2018,1,3,03 MATERIALS AND SUPPLIES,308,DRY GOODS/NOTIONS/WEARING APPAREL   0308,20,28,8550,4778805087,4778805087,341096087,298874179,24932364,448984,420284,4778805087,020 WATER OPERATING FUND,28 WATER
2018,1,3,03 MATERIALS AND SUPPLIES,308,DRY GOODS/NOTIONS/WEARING APPAREL   0308,20,28,8000,4778813087,4778813087,341104087,298882179,24940364,448984,428284,4778813087,020 WATER OPERATING FUND,28 WATER
2018,1,3,03 MATERIALS AND SUPPLIES,308,DRY GOODS/NOTIONS/WEARING APPAREL   0308,20,28,1000,4778814087,4778814087,341105087,298883179,24941364,448984,429284,4778814087,020 WATER OPERATING FUND,28 WATER
2018,1,3,03 MATERIALS AND SUPPLIES,308,DRY GOODS/NOTIONS/WEARING APPAREL   0308,20,28,1700,4778815787,4778815787,341106787,298884879,24943064,448984,430984,4778815787,020 WATER OPERATING FUND,28 WATER
2018,1,3,03 MATERIALS AND SUPPLIES,308,DRY GOODS/NOTIONS/WEARING APPAREL   0308,20,28,3000,4778818787,4778818787,341109787,298887879,24946064,448984,433984,4778818787,020 WATER OPERATING FUND,28 WATER
2018,1,3,03 MATERIALS AND SUPPLIES,308,DRY GOODS/NOTIONS/WEARING APPAREL   0308,20,28,15000,4778833787,4778833787,341124787,298902879,24961064,448984,448984,4778833787,020 WATER OPERATING FUND,28 WATER
2018,1,3,03 MATERIALS AND SUPPLIES,309,CORDAGE AND FIBERS                  0309,20,28,3090,4778836877,4778836877,341127877,298905969,24964154,6440,3090,4778836877,020 WATER OPERATING FUND,28 WATER
2018,1,3,03 MATERIALS AND SUPPLIES,309,CORDAGE AND FIBERS                  0309,20,28,1900,4778838777,4778838777,341129777,298907869,24966054,6440,4990,4778838777,020 WATER OPERATING FUND,28 WATER
2018,1,3,03 MATERIALS AND SUPPLIES,309,CORDAGE AND FIBERS                  0309,20,28,950,4778839727,4778839727,341130727,298908819,24967004,6440,5940,4778839727,020 WATER OPERATING FUND,28 WATER
2018,1,3,03 MATERIALS AND SUPPLIES,309,CORDAGE AND FIBERS                  0309,20,28,500,4778840227,4778840227,341131227,298909319,24967504,6440,6440,4778840227,020 WATER OPERATING FUND,28 WATER
2018,1,3,03 MATERIALS AND SUPPLIES,310,ELECTRICAL AND COMMUNICATION        0310,20,28,360500,4779200727,4779200727,341491727,299269819,25328004,2257235,360500,4779200727,020 WATER OPERATING FUND,28 WATER
2018,1,3,03 MATERIALS AND SUPPLIES,310,ELECTRICAL AND COMMUNICATION        0310,20,28,515,4779201242,4779201242,341492242,299270334,25328519,2257235,361015,4779201242,020 WATER OPERATING FUND,28 WATER
2018,1,3,03 MATERIALS AND SUPPLIES,310,ELECTRICAL AND COMMUNICATION        0310,20,28,5400,4779206642,4779206642,341497642,299275734,25333919,2257235,366415,4779206642,020 WATER OPERATING FUND,28 WATER
2018,1,3,03 MATERIALS AND SUPPLIES,310,ELECTRICAL AND COMMUNICATION        0310,20,28,50000,4779256642,4779256642,341547642,299325734,25383919,2257235,416415,4779256642,020 WATER OPERATING FUND,28 WATER
2018,1,3,03 MATERIALS AND SUPPLIES,310,ELECTRICAL AND COMMUNICATION        0310,20,28,107000,4779363642,4779363642,341654642,299432734,25490919,2257235,523415,4779363642,020 WATER OPERATING FUND,28 WATER
2018,1,3,03 MATERIALS AND SUPPLIES,310,ELECTRICAL AND COMMUNICATION        0310,20,28,60000,4779423642,4779423642,341714642,299492734,25550919,2257235,583415,4779423642,020 WATER OPERATING FUND,28 WATER
2018,1,3,03 MATERIALS AND SUPPLIES,310,ELECTRICAL AND COMMUNICATION        0310,20,28,9500,4779433142,4779433142,341724142,299502234,25560419,2257235,592915,4779433142,020 WATER OPERATING FUND,28 WATER
2018,1,3,03 MATERIALS AND SUPPLIES,310,ELECTRICAL AND COMMUNICATION        0310,20,28,18500,4779451642,4779451642,341742642,299520734,25578919,2257235,611415,4779451642,020 WATER OPERATING FUND,28 WATER
2018,1,3,03 MATERIALS AND SUPPLIES,310,ELECTRICAL AND COMMUNICATION        0310,20,28,148000,4779599642,4779599642,341890642,299668734,25726919,2257235,759415,4779599642,020 WATER OPERATING FUND,28 WATER
2018,1,3,03 MATERIALS AND SUPPLIES,310,ELECTRICAL AND COMMUNICATION        0310,20,28,109000,4779708642,4779708642,341999642,299777734,25835919,2257235,868415,4779708642,020 WATER OPERATING FUND,28 WATER
2018,1,3,03 MATERIALS AND SUPPLIES,310,ELECTRICAL AND COMMUNICATION        0310,20,28,2060,4779710702,4779710702,342001702,299779794,25837979,2257235,870475,4779710702,020 WATER OPERATING FUND,28 WATER
2018,1,3,03 MATERIALS AND SUPPLIES,310,ELECTRICAL AND COMMUNICATION        0310,20,28,76780,4779787482,4779787482,342078482,299856574,25914759,2257235,947255,4779787482,020 WATER OPERATING FUND,28 WATER
2018,1,3,03 MATERIALS AND SUPPLIES,310,ELECTRICAL AND COMMUNICATION        0310,20,28,181000,4779968482,4779968482,342259482,300037574,26095759,2257235,1128255,4779968482,020 WATER OPERATING FUND,28 WATER
2018,1,3,03 MATERIALS AND SUPPLIES,310,ELECTRICAL AND COMMUNICATION        0310,20,28,55000,4780023482,4780023482,342314482,300092574,26150759,2257235,1183255,4780023482,020 WATER OPERATING FUND,28 WATER
2018,1,3,03 MATERIALS AND SUPPLIES,310,ELECTRICAL AND COMMUNICATION        0310,20,28,56000,4780079482,4780079482,342370482,300148574,26206759,2257235,1239255,4780079482,020 WATER OPERATING FUND,28 WATER
2018,1,3,03 MATERIALS AND SUPPLIES,310,ELECTRICAL AND COMMUNICATION        0310,20,28,6901,4780086383,4780086383,342377383,300155475,26213660,2257235,1246156,4780086383,020 WATER OPERATING FUND,28 WATER
2018,1,3,03 MATERIALS AND SUPPLIES,310,ELECTRICAL AND COMMUNICATION        0310,20,28,1000,4780087383,4780087383,342378383,300156475,26214660,2257235,1247156,4780087383,020 WATER OPERATING FUND,28 WATER
2018,1,3,03 MATERIALS AND SUPPLIES,310,ELECTRICAL AND COMMUNICATION        0310,20,28,135150,4780222533,4780222533,342513533,300291625,26349810,2257235,1382306,4780222533,020 WATER OPERATING FUND,28 WATER
2018,1,3,03 MATERIALS AND SUPPLIES,310,ELECTRICAL AND COMMUNICATION        0310,20,28,979,4780223512,4780223512,342514512,300292604,26350789,2257235,1383285,4780223512,020 WATER OPERATING FUND,28 WATER
2018,1,3,03 MATERIALS AND SUPPLIES,310,ELECTRICAL AND COMMUNICATION        0310,20,28,645000,4780868512,4780868512,343159512,300937604,26995789,2257235,2028285,4780868512,020 WATER OPERATING FUND,28 WATER
2018,1,3,03 MATERIALS AND SUPPLIES,310,ELECTRICAL AND COMMUNICATION        0310,20,28,228000,4781096512,4781096512,343387512,301165604,27223789,2257235,2256285,4781096512,020 WATER OPERATING FUND,28 WATER
2018,1,3,03 MATERIALS AND SUPPLIES,310,ELECTRICAL AND COMMUNICATION        0310,20,28,950,4781097462,4781097462,343388462,301166554,27224739,2257235,2257235,4781097462,020 WATER OPERATING FUND,28 WATER
2018,1,3,03 MATERIALS AND SUPPLIES,311,GENERAL EQUIPMENT AND MACHINERY     0311,20,28,1030000,4782127462,4782127462,344418462,302196554,28254739,4878564,1030000,4782127462,020 WATER OPERATING FUND,28 WATER
2018,1,3,03 MATERIALS AND SUPPLIES,311,GENERAL EQUIPMENT AND MACHINERY     0311,20,28,522000,4782649462,4782649462,344940462,302718554,28776739,4878564,1552000,4782649462,020 WATER OPERATING FUND,28 WATER
2018,1,3,03 MATERIALS AND SUPPLIES,311,GENERAL EQUIPMENT AND MACHINERY     0311,20,28,2850,4782652312,4782652312,344943312,302721404,28779589,4878564,1554850,4782652312,020 WATER OPERATING FUND,28 WATER
2018,1,3,03 MATERIALS AND SUPPLIES,311,GENERAL EQUIPMENT AND MACHINERY     0311,20,28,5000,4782657312,4782657312,344948312,302726404,28784589,4878564,1559850,4782657312,020 WATER OPERATING FUND,28 WATER
2018,1,3,03 MATERIALS AND SUPPLIES,311,GENERAL EQUIPMENT AND MACHINERY     0311,20,28,109500,4782766812,4782766812,345057812,302835904,28894089,4878564,1669350,4782766812,020 WATER OPERATING FUND,28 WATER
2018,1,3,03 MATERIALS AND SUPPLIES,311,GENERAL EQUIPMENT AND MACHINERY     0311,20,28,5000,4782771812,4782771812,345062812,302840904,28899089,4878564,1674350,4782771812,020 WATER OPERATING FUND,28 WATER
2018,1,3,03 MATERIALS AND SUPPLIES,311,GENERAL EQUIPMENT AND MACHINERY     0311,20,28,14250,4782786062,4782786062,345077062,302855154,28913339,4878564,1688600,4782786062,020 WATER OPERATING FUND,28 WATER
2018,1,3,03 MATERIALS AND SUPPLIES,311,GENERAL EQUIPMENT AND MACHINERY     0311,20,28,81000,4782867062,4782867062,345158062,302936154,28994339,4878564,1769600,4782867062,020 WATER OPERATING FUND,28 WATER
2018,1,3,03 MATERIALS AND SUPPLIES,311,GENERAL EQUIPMENT AND MACHINERY     0311,20,28,750,4782867812,4782867812,345158812,302936904,28995089,4878564,1770350,4782867812,020 WATER OPERATING FUND,28 WATER
2018,1,3,03 MATERIALS AND SUPPLIES,311,GENERAL EQUIPMENT AND MACHINERY     0311,20,28,3000,4782870812,4782870812,345161812,302939904,28998089,4878564,1773350,4782870812,020 WATER OPERATING FUND,28 WATER
2018,1,3,03 MATERIALS AND SUPPLIES,311,GENERAL EQUIPMENT AND MACHINERY     0311,20,28,176500,4783047312,4783047312,345338312,303116404,29174589,4878564,1949850,4783047312,020 WATER OPERATING FUND,28 WATER
2018,1,3,03 MATERIALS AND SUPPLIES,311,GENERAL EQUIPMENT AND MACHINERY     0311,20,28,400,4783047712,4783047712,345338712,303116804,29174989,4878564,1950250,4783047712,020 WATER OPERATING FUND,28 WATER
2018,1,3,03 MATERIALS AND SUPPLIES,311,GENERAL EQUIPMENT AND MACHINERY     0311,20,28,358000,4783405712,4783405712,345696712,303474804,29532989,4878564,2308250,4783405712,020 WATER OPERATING FUND,28 WATER
2018,1,3,03 MATERIALS AND SUPPLIES,311,GENERAL EQUIPMENT AND MACHINERY     0311,20,28,22660,4783428372,4783428372,345719372,303497464,29555649,4878564,2330910,4783428372,020 WATER OPERATING FUND,28 WATER
2018,1,3,03 MATERIALS AND SUPPLIES,311,GENERAL EQUIPMENT AND MACHINERY     0311,20,28,300000,4783728372,4783728372,346019372,303797464,29855649,4878564,2630910,4783728372,020 WATER OPERATING FUND,28 WATER
2018,1,3,03 MATERIALS AND SUPPLIES,311,GENERAL EQUIPMENT AND MACHINERY     0311,20,28,294000,4784022372,4784022372,346313372,304091464,30149649,4878564,2924910,4784022372,020 WATER OPERATING FUND,28 WATER
2018,1,3,03 MATERIALS AND SUPPLIES,311,GENERAL EQUIPMENT AND MACHINERY     0311,20,28,4000,4784026372,4784026372,346317372,304095464,30153649,4878564,2928910,4784026372,020 WATER OPERATING FUND,28 WATER
2018,1,3,03 MATERIALS AND SUPPLIES,311,GENERAL EQUIPMENT AND MACHINERY     0311,20,28,115154,4784141526,4784141526,346432526,304210618,30268803,4878564,3044064,4784141526,020 WATER OPERATING FUND,28 WATER
2018,1,3,03 MATERIALS AND SUPPLIES,311,GENERAL EQUIPMENT AND MACHINERY     0311,20,28,3500,4784145026,4784145026,346436026,304214118,30272303,4878564,3047564,4784145026,020 WATER OPERATING FUND,28 WATER
2018,1,3,03 MATERIALS AND SUPPLIES,311,GENERAL EQUIPMENT AND MACHINERY     0311,20,28,1167200,4785312226,4785312226,347603226,305381318,31439503,4878564,4214764,4785312226,020 WATER OPERATING FUND,28 WATER
2018,1,3,03 MATERIALS AND SUPPLIES,311,GENERAL EQUIPMENT AND MACHINERY     0311,20,28,594500,4785906726,4785906726,348197726,305975818,32034003,4878564,4809264,4785906726,020 WATER OPERATING FUND,28 WATER
2018,1,3,03 MATERIALS AND SUPPLIES,311,GENERAL EQUIPMENT AND MACHINERY     0311,20,28,65800,4785972526,4785972526,348263526,306041618,32099803,4878564,4875064,4785972526,020 WATER OPERATING FUND,28 WATER
2018,1,3,03 MATERIALS AND SUPPLIES,311,GENERAL EQUIPMENT AND MACHINERY     0311,20,28,3500,4785976026,4785976026,348267026,306045118,32103303,4878564,4878564,4785976026,020 WATER OPERATING FUND,28 WATER
2018,1,3,03 MATERIALS AND SUPPLIES,312,FIRE FIGHTING AND SAFETY            0312,20,28,500,4785976526,4785976526,348267526,306045618,32103803,1808501,500,4785976526,020 WATER OPERATING FUND,28 WATER
2018,1,3,03 MATERIALS AND SUPPLIES,312,FIRE FIGHTING AND SAFETY            0312,20,28,515,4785977041,4785977041,348268041,306046133,32104318,1808501,1015,4785977041,020 WATER OPERATING FUND,28 WATER
2018,1,3,03 MATERIALS AND SUPPLIES,312,FIRE FIGHTING AND SAFETY            0312,20,28,4000,4785981041,4785981041,348272041,306050133,32108318,1808501,5015,4785981041,020 WATER OPERATING FUND,28 WATER
2018,1,3,03 MATERIALS AND SUPPLIES,312,FIRE FIGHTING AND SAFETY            0312,20,28,19000,4786000041,4786000041,348291041,306069133,32127318,1808501,24015,4786000041,020 WATER OPERATING FUND,28 WATER
2018,1,3,03 MATERIALS AND SUPPLIES,312,FIRE FIGHTING AND SAFETY            0312,20,28,7000,4786007041,4786007041,348298041,306076133,32134318,1808501,31015,4786007041,020 WATER OPERATING FUND,28 WATER
2018,1,3,03 MATERIALS AND SUPPLIES,312,FIRE FIGHTING AND SAFETY            0312,20,28,15000,4786022041,4786022041,348313041,306091133,32149318,1808501,46015,4786022041,020 WATER OPERATING FUND,28 WATER
2018,1,3,03 MATERIALS AND SUPPLIES,312,FIRE FIGHTING AND SAFETY            0312,20,28,33000,4786055041,4786055041,348346041,306124133,32182318,1808501,79015,4786055041,020 WATER OPERATING FUND,28 WATER
2018,1,3,03 MATERIALS AND SUPPLIES,312,FIRE FIGHTING AND SAFETY            0312,20,28,30000,4786085041,4786085041,348376041,306154133,32212318,1808501,109015,4786085041,020 WATER OPERATING FUND,28 WATER
2018,1,3,03 MATERIALS AND SUPPLIES,312,FIRE FIGHTING AND SAFETY            0312,20,28,30000,4786115041,4786115041,348406041,306184133,32242318,1808501,139015,4786115041,020 WATER OPERATING FUND,28 WATER
2018,1,3,03 MATERIALS AND SUPPLIES,312,FIRE FIGHTING AND SAFETY            0312,20,28,14000,4786129041,4786129041,348420041,306198133,32256318,1808501,153015,4786129041,020 WATER OPERATING FUND,28 WATER
2018,1,3,03 MATERIALS AND SUPPLIES,312,FIRE FIGHTING AND SAFETY            0312,20,28,5459,4786134500,4786134500,348425500,306203592,32261777,1808501,158474,4786134500,020 WATER OPERATING FUND,28 WATER
2018,1,3,03 MATERIALS AND SUPPLIES,312,FIRE FIGHTING AND SAFETY            0312,20,28,31827,4786166327,4786166327,348457327,306235419,32293604,1808501,190301,4786166327,020 WATER OPERATING FUND,28 WATER
2018,1,3,03 MATERIALS AND SUPPLIES,312,FIRE FIGHTING AND SAFETY            0312,20,28,950,4786167277,4786167277,348458277,306236369,32294554,1808501,191251,4786167277,020 WATER OPERATING FUND,28 WATER
2018,1,3,03 MATERIALS AND SUPPLIES,312,FIRE FIGHTING AND SAFETY            0312,20,28,25000,4786192277,4786192277,348483277,306261369,32319554,1808501,216251,4786192277,020 WATER OPERATING FUND,28 WATER
2018,1,3,03 MATERIALS AND SUPPLIES,312,FIRE FIGHTING AND SAFETY            0312,20,28,9500,4786201777,4786201777,348492777,306270869,32329054,1808501,225751,4786201777,020 WATER OPERATING FUND,28 WATER
2018,1,3,03 MATERIALS AND SUPPLIES,312,FIRE FIGHTING AND SAFETY            0312,20,28,14750,4786216527,4786216527,348507527,306285619,32343804,1808501,240501,4786216527,020 WATER OPERATING FUND,28 WATER
2018,1,3,03 MATERIALS AND SUPPLIES,312,FIRE FIGHTING AND SAFETY            0312,20,28,10000,4786226527,4786226527,348517527,306295619,32353804,1808501,250501,4786226527,020 WATER OPERATING FUND,28 WATER
2018,1,3,03 MATERIALS AND SUPPLIES,312,FIRE FIGHTING AND SAFETY            0312,20,28,1545000,4787771527,4787771527,350062527,307840619,33898804,1808501,1795501,4787771527,020 WATER OPERATING FUND,28 WATER
2018,1,3,03 MATERIALS AND SUPPLIES,312,FIRE FIGHTING AND SAFETY            0312,20,28,13000,4787784527,4787784527,350075527,307853619,33911804,1808501,1808501,4787784527,020 WATER OPERATING FUND,28 WATER
2018,1,3,03 MATERIALS AND SUPPLIES,314,FUEL -- HEATING AND LIGHTING        0314,20,28,40000,4787824527,4787824527,350115527,307893619,33951804,333577,40000,4787824527,020 WATER OPERATING FUND,28 WATER
2018,1,3,03 MATERIALS AND SUPPLIES,314,FUEL -- HEATING AND LIGHTING        0314,20,28,10000,4787834527,4787834527,350125527,307903619,33961804,333577,50000,4787834527,020 WATER OPERATING FUND,28 WATER
2018,1,3,03 MATERIALS AND SUPPLIES,314,FUEL -- HEATING AND LIGHTING        0314,20,28,2000,4787836527,4787836527,350127527,307905619,33963804,333577,52000,4787836527,020 WATER OPERATING FUND,28 WATER
2018,1,3,03 MATERIALS AND SUPPLIES,314,FUEL -- HEATING AND LIGHTING        0314,20,28,40750,4787877277,4787877277,350168277,307946369,34004554,333577,92750,4787877277,020 WATER OPERATING FUND,28 WATER
2018,1,3,03 MATERIALS AND SUPPLIES,314,FUEL -- HEATING AND LIGHTING        0314,20,28,10000,4787887277,4787887277,350178277,307956369,34014554,333577,102750,4787887277,020 WATER OPERATING FUND,28 WATER
2018,1,3,03 MATERIALS AND SUPPLIES,314,FUEL -- HEATING AND LIGHTING        0314,20,28,107000,4787994277,4787994277,350285277,308063369,34121554,333577,209750,4787994277,020 WATER OPERATING FUND,28 WATER
2018,1,3,03 MATERIALS AND SUPPLIES,314,FUEL -- HEATING AND LIGHTING        0314,20,28,10000,4788004277,4788004277,350295277,308073369,34131554,333577,219750,4788004277,020 WATER OPERATING FUND,28 WATER
2018,1,3,03 MATERIALS AND SUPPLIES,314,FUEL -- HEATING AND LIGHTING        0314,20,28,50000,4788054277,4788054277,350345277,308123369,34181554,333577,269750,4788054277,020 WATER OPERATING FUND,28 WATER
2018,1,3,03 MATERIALS AND SUPPLIES,314,FUEL -- HEATING AND LIGHTING        0314,20,28,31827,4788086104,4788086104,350377104,308155196,34213381,333577,301577,4788086104,020 WATER OPERATING FUND,28 WATER
2018,1,3,03 MATERIALS AND SUPPLIES,314,FUEL -- HEATING AND LIGHTING        0314,20,28,32000,4788118104,4788118104,350409104,308187196,34245381,333577,333577,4788118104,020 WATER OPERATING FUND,28 WATER
2018,1,3,03 MATERIALS AND SUPPLIES,316,GENERAL HARDWARE AND MINOR TOOLS    0316,20,28,4000,4788122104,4788122104,350413104,308191196,34249381,759435,4000,4788122104,020 WATER OPERATING FUND,28 WATER
2018,1,3,03 MATERIALS AND SUPPLIES,316,GENERAL HARDWARE AND MINOR TOOLS    0316,20,28,22500,4788144604,4788144604,350435604,308213696,34271881,759435,26500,4788144604,020 WATER OPERATING FUND,28 WATER
2018,1,3,03 MATERIALS AND SUPPLIES,316,GENERAL HARDWARE AND MINOR TOOLS    0316,20,28,75000,4788219604,4788219604,350510604,308288696,34346881,759435,101500,4788219604,020 WATER OPERATING FUND,28 WATER
2018,1,3,03 MATERIALS AND SUPPLIES,316,GENERAL HARDWARE AND MINOR TOOLS    0316,20,28,350,4788219954,4788219954,350510954,308289046,34347231,759435,101850,4788219954,020 WATER OPERATING FUND,28 WATER
2018,1,3,03 MATERIALS AND SUPPLIES,316,GENERAL HARDWARE AND MINOR TOOLS    0316,20,28,22000,4788241954,4788241954,350532954,308311046,34369231,759435,123850,4788241954,020 WATER OPERATING FUND,28 WATER
2018,1,3,03 MATERIALS AND SUPPLIES,316,GENERAL HARDWARE AND MINOR TOOLS    0316,20,28,10000,4788251954,4788251954,350542954,308321046,34379231,759435,133850,4788251954,020 WATER OPERATING FUND,28 WATER
2018,1,3,03 MATERIALS AND SUPPLIES,316,GENERAL HARDWARE AND MINOR TOOLS    0316,20,28,22800,4788274754,4788274754,350565754,308343846,34402031,759435,156650,4788274754,020 WATER OPERATING FUND,28 WATER
2018,1,3,03 MATERIALS AND SUPPLIES,316,GENERAL HARDWARE AND MINOR TOOLS    0316,20,28,950,4788275704,4788275704,350566704,308344796,34402981,759435,157600,4788275704,020 WATER OPERATING FUND,28 WATER
2018,1,3,03 MATERIALS AND SUPPLIES,316,GENERAL HARDWARE AND MINOR TOOLS    0316,20,28,2000,4788277704,4788277704,350568704,308346796,34404981,759435,159600,4788277704,020 WATER OPERATING FUND,28 WATER
2018,1,3,03 MATERIALS AND SUPPLIES,316,GENERAL HARDWARE AND MINOR TOOLS    0316,20,28,48000,4788325704,4788325704,350616704,308394796,34452981,759435,207600,4788325704,020 WATER OPERATING FUND,28 WATER
2018,1,3,03 MATERIALS AND SUPPLIES,316,GENERAL HARDWARE AND MINOR TOOLS    0316,20,28,18000,4788343704,4788343704,350634704,308412796,34470981,759435,225600,4788343704,020 WATER OPERATING FUND,28 WATER
2018,1,3,03 MATERIALS AND SUPPLIES,316,GENERAL HARDWARE AND MINOR TOOLS    0316,20,28,24000,4788367704,4788367704,350658704,308436796,34494981,759435,249600,4788367704,020 WATER OPERATING FUND,28 WATER
2018,1,3,03 MATERIALS AND SUPPLIES,316,GENERAL HARDWARE AND MINOR TOOLS    0316,20,28,1000,4788368704,4788368704,350659704,308437796,34495981,759435,250600,4788368704,020 WATER OPERATING FUND,28 WATER
2018,1,3,03 MATERIALS AND SUPPLIES,316,GENERAL HARDWARE AND MINOR TOOLS    0316,20,28,4120,4788372824,4788372824,350663824,308441916,34500101,759435,254720,4788372824,020 WATER OPERATING FUND,28 WATER
2018,1,3,03 MATERIALS AND SUPPLIES,316,GENERAL HARDWARE AND MINOR TOOLS    0316,20,28,113000,4788485824,4788485824,350776824,308554916,34613101,759435,367720,4788485824,020 WATER OPERATING FUND,28 WATER
2018,1,3,03 MATERIALS AND SUPPLIES,316,GENERAL HARDWARE AND MINOR TOOLS    0316,20,28,29870,4788515694,4788515694,350806694,308584786,34642971,759435,397590,4788515694,020 WATER OPERATING FUND,28 WATER
2018,1,3,03 MATERIALS AND SUPPLIES,316,GENERAL HARDWARE AND MINOR TOOLS    0316,20,28,1900,4788517594,4788517594,350808594,308586686,34644871,759435,399490,4788517594,020 WATER OPERATING FUND,28 WATER
2018,1,3,03 MATERIALS AND SUPPLIES,316,GENERAL HARDWARE AND MINOR TOOLS    0316,20,28,26500,4788544094,4788544094,350835094,308613186,34671371,759435,425990,4788544094,020 WATER OPERATING FUND,28 WATER
2018,1,3,03 MATERIALS AND SUPPLIES,316,GENERAL HARDWARE AND MINOR TOOLS    0316,20,28,31930,4788576024,4788576024,350867024,308645116,34703301,759435,457920,4788576024,020 WATER OPERATING FUND,28 WATER
2018,1,3,03 MATERIALS AND SUPPLIES,316,GENERAL HARDWARE AND MINOR TOOLS    0316,20,28,20600,4788596624,4788596624,350887624,308665716,34723901,759435,478520,4788596624,020 WATER OPERATING FUND,28 WATER
2018,1,3,03 MATERIALS AND SUPPLIES,316,GENERAL HARDWARE AND MINOR TOOLS    0316,20,28,25650,4788622274,4788622274,350913274,308691366,34749551,759435,504170,4788622274,020 WATER OPERATING FUND,28 WATER
2018,1,3,03 MATERIALS AND SUPPLIES,316,GENERAL HARDWARE AND MINOR TOOLS    0316,20,28,33000,4788655274,4788655274,350946274,308724366,34782551,759435,537170,4788655274,020 WATER OPERATING FUND,28 WATER
2018,1,3,03 MATERIALS AND SUPPLIES,316,GENERAL HARDWARE AND MINOR TOOLS    0316,20,28,65500,4788720774,4788720774,351011774,308789866,34848051,759435,602670,4788720774,020 WATER OPERATING FUND,28 WATER
2018,1,3,03 MATERIALS AND SUPPLIES,316,GENERAL HARDWARE AND MINOR TOOLS    0316,20,28,53250,4788774024,4788774024,351065024,308843116,34901301,759435,655920,4788774024,020 WATER OPERATING FUND,28 WATER
2018,1,3,03 MATERIALS AND SUPPLIES,316,GENERAL HARDWARE AND MINOR TOOLS    0316,20,28,103000,4788877024,4788877024,351168024,308946116,35004301,759435,758920,4788877024,020 WATER OPERATING FUND,28 WATER
2018,1,3,03 MATERIALS AND SUPPLIES,316,GENERAL HARDWARE AND MINOR TOOLS    0316,20,28,515,4788877539,4788877539,351168539,308946631,35004816,759435,759435,4788877539,020 WATER OPERATING FUND,28 WATER
2018,1,3,03 MATERIALS AND SUPPLIES,317,HOSPITAL AND LABORATORY             0317,20,28,4500,4788882039,4788882039,351173039,308951131,35009316,660900,4500,4788882039,020 WATER OPERATING FUND,28 WATER
2018,1,3,03 MATERIALS AND SUPPLIES,317,HOSPITAL AND LABORATORY             0317,20,28,20000,4788902039,4788902039,351193039,308971131,35029316,660900,24500,4788902039,020 WATER OPERATING FUND,28 WATER
2018,1,3,03 MATERIALS AND SUPPLIES,317,HOSPITAL AND LABORATORY             0317,20,28,5150,4788907189,4788907189,351198189,308976281,35034466,660900,29650,4788907189,020 WATER OPERATING FUND,28 WATER
2018,1,3,03 MATERIALS AND SUPPLIES,317,HOSPITAL AND LABORATORY             0317,20,28,3000,4788910189,4788910189,351201189,308979281,35037466,660900,32650,4788910189,020 WATER OPERATING FUND,28 WATER
2018,1,3,03 MATERIALS AND SUPPLIES,317,HOSPITAL AND LABORATORY             0317,20,28,600000,4789510189,4789510189,351801189,309579281,35637466,660900,632650,4789510189,020 WATER OPERATING FUND,28 WATER
2018,1,3,03 MATERIALS AND SUPPLIES,317,HOSPITAL AND LABORATORY             0317,20,28,5000,4789515189,4789515189,351806189,309584281,35642466,660900,637650,4789515189,020 WATER OPERATING FUND,28 WATER
2018,1,3,03 MATERIALS AND SUPPLIES,317,HOSPITAL AND LABORATORY             0317,20,28,5000,4789520189,4789520189,351811189,309589281,35647466,660900,642650,4789520189,020 WATER OPERATING FUND,28 WATER
2018,1,3,03 MATERIALS AND SUPPLIES,317,HOSPITAL AND LABORATORY             0317,20,28,8550,4789528739,4789528739,351819739,309597831,35656016,660900,651200,4789528739,020 WATER OPERATING FUND,28 WATER
2018,1,3,03 MATERIALS AND SUPPLIES,317,HOSPITAL AND LABORATORY             0317,20,28,4750,4789533489,4789533489,351824489,309602581,35660766,660900,655950,4789533489,020 WATER OPERATING FUND,28 WATER
2018,1,3,03 MATERIALS AND SUPPLIES,317,HOSPITAL AND LABORATORY             0317,20,28,950,4789534439,4789534439,351825439,309603531,35661716,660900,656900,4789534439,020 WATER OPERATING FUND,28 WATER
2018,1,3,03 MATERIALS AND SUPPLIES,317,HOSPITAL AND LABORATORY             0317,20,28,4000,4789538439,4789538439,351829439,309607531,35665716,660900,660900,4789538439,020 WATER OPERATING FUND,28 WATER
2018,1,3,03 MATERIALS AND SUPPLIES,318,"JANITORIAL, LAUNDRY AND HOUSEHOLD   0318",20,28,180250,4789718689,4789718689,352009689,309787781,35845966,294453,180250,4789718689,020 WATER OPERATING FUND,28 WATER
2018,1,3,03 MATERIALS AND SUPPLIES,318,"JANITORIAL, LAUNDRY AND HOUSEHOLD   0318",20,28,1000,4789719689,4789719689,352010689,309788781,35846966,294453,181250,4789719689,020 WATER OPERATING FUND,28 WATER
2018,1,3,03 MATERIALS AND SUPPLIES,318,"JANITORIAL, LAUNDRY AND HOUSEHOLD   0318",20,28,9500,4789729189,4789729189,352020189,309798281,35856466,294453,190750,4789729189,020 WATER OPERATING FUND,28 WATER
2018,1,3,03 MATERIALS AND SUPPLIES,318,"JANITORIAL, LAUNDRY AND HOUSEHOLD   0318",20,28,1500,4789730689,4789730689,352021689,309799781,35857966,294453,192250,4789730689,020 WATER OPERATING FUND,28 WATER
2018,1,3,03 MATERIALS AND SUPPLIES,318,"JANITORIAL, LAUNDRY AND HOUSEHOLD   0318",20,28,6300,4789736989,4789736989,352027989,309806081,35864266,294453,198550,4789736989,020 WATER OPERATING FUND,28 WATER
2018,1,3,03 MATERIALS AND SUPPLIES,318,"JANITORIAL, LAUNDRY AND HOUSEHOLD   0318",20,28,979,4789737968,4789737968,352028968,309807060,35865245,294453,199529,4789737968,020 WATER OPERATING FUND,28 WATER
2018,1,3,03 MATERIALS AND SUPPLIES,318,"JANITORIAL, LAUNDRY AND HOUSEHOLD   0318",20,28,2850,4789740818,4789740818,352031818,309809910,35868095,294453,202379,4789740818,020 WATER OPERATING FUND,28 WATER
2018,1,3,03 MATERIALS AND SUPPLIES,318,"JANITORIAL, LAUNDRY AND HOUSEHOLD   0318",20,28,15000,4789755818,4789755818,352046818,309824910,35883095,294453,217379,4789755818,020 WATER OPERATING FUND,28 WATER
2018,1,3,03 MATERIALS AND SUPPLIES,318,"JANITORIAL, LAUNDRY AND HOUSEHOLD   0318",20,28,6000,4789761818,4789761818,352052818,309830910,35889095,294453,223379,4789761818,020 WATER OPERATING FUND,28 WATER
2018,1,3,03 MATERIALS AND SUPPLIES,318,"JANITORIAL, LAUNDRY AND HOUSEHOLD   0318",20,28,8000,4789769818,4789769818,352060818,309838910,35897095,294453,231379,4789769818,020 WATER OPERATING FUND,28 WATER
2018,1,3,03 MATERIALS AND SUPPLIES,318,"JANITORIAL, LAUNDRY AND HOUSEHOLD   0318",20,28,8550,4789778368,4789778368,352069368,309847460,35905645,294453,239929,4789778368,020 WATER OPERATING FUND,28 WATER
2018,1,3,03 MATERIALS AND SUPPLIES,318,"JANITORIAL, LAUNDRY AND HOUSEHOLD   0318",20,28,488,4789778856,4789778856,352069856,309847948,35906133,294453,240417,4789778856,020 WATER OPERATING FUND,28 WATER
2018,1,3,03 MATERIALS AND SUPPLIES,318,"JANITORIAL, LAUNDRY AND HOUSEHOLD   0318",20,28,10211,4789789067,4789789067,352080067,309858159,35916344,294453,250628,4789789067,020 WATER OPERATING FUND,28 WATER
2018,1,3,03 MATERIALS AND SUPPLIES,318,"JANITORIAL, LAUNDRY AND HOUSEHOLD   0318",20,28,500,4789789567,4789789567,352080567,309858659,35916844,294453,251128,4789789567,020 WATER OPERATING FUND,28 WATER
2018,1,3,03 MATERIALS AND SUPPLIES,318,"JANITORIAL, LAUNDRY AND HOUSEHOLD   0318",20,28,10300,4789799867,4789799867,352090867,309868959,35927144,294453,261428,4789799867,020 WATER OPERATING FUND,28 WATER
2018,1,3,03 MATERIALS AND SUPPLIES,318,"JANITORIAL, LAUNDRY AND HOUSEHOLD   0318",20,28,15450,4789815317,4789815317,352106317,309884409,35942594,294453,276878,4789815317,020 WATER OPERATING FUND,28 WATER
2018,1,3,03 MATERIALS AND SUPPLIES,318,"JANITORIAL, LAUNDRY AND HOUSEHOLD   0318",20,28,14250,4789829567,4789829567,352120567,309898659,35956844,294453,291128,4789829567,020 WATER OPERATING FUND,28 WATER
2018,1,3,03 MATERIALS AND SUPPLIES,318,"JANITORIAL, LAUNDRY AND HOUSEHOLD   0318",20,28,3325,4789832892,4789832892,352123892,309901984,35960169,294453,294453,4789832892,020 WATER OPERATING FUND,28 WATER
2018,1,3,03 MATERIALS AND SUPPLIES,319,NAUTICAL AND AERONAUTICAL           0319,20,28,30000,4789862892,4789862892,352153892,309931984,35990169,45000,30000,4789862892,020 WATER OPERATING FUND,28 WATER
2018,1,3,03 MATERIALS AND SUPPLIES,319,NAUTICAL AND AERONAUTICAL           0319,20,28,15000,4789877892,4789877892,352168892,309946984,36005169,45000,45000,4789877892,020 WATER OPERATING FUND,28 WATER
2018,1,3,03 MATERIALS AND SUPPLIES,320,OFFICE MATERIALS AND SUPPLIES       0320,20,28,9500,4789887392,4789887392,352178392,309956484,36014669,397862,9500,4789887392,020 WATER OPERATING FUND,28 WATER
2018,1,3,03 MATERIALS AND SUPPLIES,320,OFFICE MATERIALS AND SUPPLIES       0320,20,28,8550,4789895942,4789895942,352186942,309965034,36023219,397862,18050,4789895942,020 WATER OPERATING FUND,28 WATER
2018,1,3,03 MATERIALS AND SUPPLIES,320,OFFICE MATERIALS AND SUPPLIES       0320,20,28,5150,4789901092,4789901092,352192092,309970184,36028369,397862,23200,4789901092,020 WATER OPERATING FUND,28 WATER
2018,1,3,03 MATERIALS AND SUPPLIES,320,OFFICE MATERIALS AND SUPPLIES       0320,20,28,3800,4789904892,4789904892,352195892,309973984,36032169,397862,27000,4789904892,020 WATER OPERATING FUND,28 WATER
2018,1,3,03 MATERIALS AND SUPPLIES,320,OFFICE MATERIALS AND SUPPLIES       0320,20,28,25750,4789930642,4789930642,352221642,309999734,36057919,397862,52750,4789930642,020 WATER OPERATING FUND,28 WATER
2018,1,3,03 MATERIALS AND SUPPLIES,320,OFFICE MATERIALS AND SUPPLIES       0320,20,28,6446,4789937088,4789937088,352228088,310006180,36064365,397862,59196,4789937088,020 WATER OPERATING FUND,28 WATER
2018,1,3,03 MATERIALS AND SUPPLIES,320,OFFICE MATERIALS AND SUPPLIES       0320,20,28,2500,4789939588,4789939588,352230588,310008680,36066865,397862,61696,4789939588,020 WATER OPERATING FUND,28 WATER
2018,1,3,03 MATERIALS AND SUPPLIES,320,OFFICE MATERIALS AND SUPPLIES       0320,20,28,2163,4789941751,4789941751,352232751,310010843,36069028,397862,63859,4789941751,020 WATER OPERATING FUND,28 WATER
2018,1,3,03 MATERIALS AND SUPPLIES,320,OFFICE MATERIALS AND SUPPLIES       0320,20,28,3750,4789945501,4789945501,352236501,310014593,36072778,397862,67609,4789945501,020 WATER OPERATING FUND,28 WATER
2018,1,3,03 MATERIALS AND SUPPLIES,320,OFFICE MATERIALS AND SUPPLIES       0320,20,28,10000,4789955501,4789955501,352246501,310024593,36082778,397862,77609,4789955501,020 WATER OPERATING FUND,28 WATER
2018,1,3,03 MATERIALS AND SUPPLIES,320,OFFICE MATERIALS AND SUPPLIES       0320,20,28,2000,4789957501,4789957501,352248501,310026593,36084778,397862,79609,4789957501,020 WATER OPERATING FUND,28 WATER
2018,1,3,03 MATERIALS AND SUPPLIES,320,OFFICE MATERIALS AND SUPPLIES       0320,20,28,979,4789958480,4789958480,352249480,310027572,36085757,397862,80588,4789958480,020 WATER OPERATING FUND,28 WATER
2018,1,3,03 MATERIALS AND SUPPLIES,320,OFFICE MATERIALS AND SUPPLIES       0320,20,28,2945,4789961425,4789961425,352252425,310030517,36088702,397862,83533,4789961425,020 WATER OPERATING FUND,28 WATER
2018,1,3,03 MATERIALS AND SUPPLIES,320,OFFICE MATERIALS AND SUPPLIES       0320,20,28,1545,4789962970,4789962970,352253970,310032062,36090247,397862,85078,4789962970,020 WATER OPERATING FUND,28 WATER
2018,1,3,03 MATERIALS AND SUPPLIES,320,OFFICE MATERIALS AND SUPPLIES       0320,20,28,118050,4790081020,4790081020,352372020,310150112,36208297,397862,203128,4790081020,020 WATER OPERATING FUND,28 WATER
2018,1,3,03 MATERIALS AND SUPPLIES,320,OFFICE MATERIALS AND SUPPLIES       0320,20,28,3000,4790084020,4790084020,352375020,310153112,36211297,397862,206128,4790084020,020 WATER OPERATING FUND,28 WATER
2018,1,3,03 MATERIALS AND SUPPLIES,320,OFFICE MATERIALS AND SUPPLIES       0320,20,28,500,4790084520,4790084520,352375520,310153612,36211797,397862,206628,4790084520,020 WATER OPERATING FUND,28 WATER
2018,1,3,03 MATERIALS AND SUPPLIES,320,OFFICE MATERIALS AND SUPPLIES       0320,20,28,2000,4790086520,4790086520,352377520,310155612,36213797,397862,208628,4790086520,020 WATER OPERATING FUND,28 WATER
2018,1,3,03 MATERIALS AND SUPPLIES,320,OFFICE MATERIALS AND SUPPLIES       0320,20,28,7000,4790093520,4790093520,352384520,310162612,36220797,397862,215628,4790093520,020 WATER OPERATING FUND,28 WATER
2018,1,3,03 MATERIALS AND SUPPLIES,320,OFFICE MATERIALS AND SUPPLIES       0320,20,28,1000,4790094520,4790094520,352385520,310163612,36221797,397862,216628,4790094520,020 WATER OPERATING FUND,28 WATER
2018,1,3,03 MATERIALS AND SUPPLIES,320,OFFICE MATERIALS AND SUPPLIES       0320,20,28,2500,4790097020,4790097020,352388020,310166112,36224297,397862,219128,4790097020,020 WATER OPERATING FUND,28 WATER
2018,1,3,03 MATERIALS AND SUPPLIES,320,OFFICE MATERIALS AND SUPPLIES       0320,20,28,2500,4790099520,4790099520,352390520,310168612,36226797,397862,221628,4790099520,020 WATER OPERATING FUND,28 WATER
2018,1,3,03 MATERIALS AND SUPPLIES,320,OFFICE MATERIALS AND SUPPLIES       0320,20,28,8000,4790107520,4790107520,352398520,310176612,36234797,397862,229628,4790107520,020 WATER OPERATING FUND,28 WATER
2018,1,3,03 MATERIALS AND SUPPLIES,320,OFFICE MATERIALS AND SUPPLIES       0320,20,28,950,4790108470,4790108470,352399470,310177562,36235747,397862,230578,4790108470,020 WATER OPERATING FUND,28 WATER
2018,1,3,03 MATERIALS AND SUPPLIES,320,OFFICE MATERIALS AND SUPPLIES       0320,20,28,10000,4790118470,4790118470,352409470,310187562,36245747,397862,240578,4790118470,020 WATER OPERATING FUND,28 WATER
2018,1,3,03 MATERIALS AND SUPPLIES,320,OFFICE MATERIALS AND SUPPLIES       0320,20,28,7800,4790126270,4790126270,352417270,310195362,36253547,397862,248378,4790126270,020 WATER OPERATING FUND,28 WATER
2018,1,3,03 MATERIALS AND SUPPLIES,320,OFFICE MATERIALS AND SUPPLIES       0320,20,28,36050,4790162320,4790162320,352453320,310231412,36289597,397862,284428,4790162320,020 WATER OPERATING FUND,28 WATER
2018,1,3,03 MATERIALS AND SUPPLIES,320,OFFICE MATERIALS AND SUPPLIES       0320,20,28,12500,4790174820,4790174820,352465820,310243912,36302097,397862,296928,4790174820,020 WATER OPERATING FUND,28 WATER
2018,1,3,03 MATERIALS AND SUPPLIES,320,OFFICE MATERIALS AND SUPPLIES       0320,20,28,4000,4790178820,4790178820,352469820,310247912,36306097,397862,300928,4790178820,020 WATER OPERATING FUND,28 WATER
2018,1,3,03 MATERIALS AND SUPPLIES,320,OFFICE MATERIALS AND SUPPLIES       0320,20,28,7000,4790185820,4790185820,352476820,310254912,36313097,397862,307928,4790185820,020 WATER OPERATING FUND,28 WATER
2018,1,3,03 MATERIALS AND SUPPLIES,320,OFFICE MATERIALS AND SUPPLIES       0320,20,28,11400,4790197220,4790197220,352488220,310266312,36324497,397862,319328,4790197220,020 WATER OPERATING FUND,28 WATER
2018,1,3,03 MATERIALS AND SUPPLIES,320,OFFICE MATERIALS AND SUPPLIES       0320,20,28,124,4790197344,4790197344,352488344,310266436,36324621,397862,319452,4790197344,020 WATER OPERATING FUND,28 WATER
2018,1,3,03 MATERIALS AND SUPPLIES,320,OFFICE MATERIALS AND SUPPLIES       0320,20,28,12000,4790209344,4790209344,352500344,310278436,36336621,397862,331452,4790209344,020 WATER OPERATING FUND,28 WATER
2018,1,3,03 MATERIALS AND SUPPLIES,320,OFFICE MATERIALS AND SUPPLIES       0320,20,28,6180,4790215524,4790215524,352506524,310284616,36342801,397862,337632,4790215524,020 WATER OPERATING FUND,28 WATER
2018,1,3,03 MATERIALS AND SUPPLIES,320,OFFICE MATERIALS AND SUPPLIES       0320,20,28,56880,4790272404,4790272404,352563404,310341496,36399681,397862,394512,4790272404,020 WATER OPERATING FUND,28 WATER
2018,1,3,03 MATERIALS AND SUPPLIES,320,OFFICE MATERIALS AND SUPPLIES       0320,20,28,500,4790272904,4790272904,352563904,310341996,36400181,397862,395012,4790272904,020 WATER OPERATING FUND,28 WATER
2018,1,3,03 MATERIALS AND SUPPLIES,320,OFFICE MATERIALS AND SUPPLIES       0320,20,28,2850,4790275754,4790275754,352566754,310344846,36403031,397862,397862,4790275754,020 WATER OPERATING FUND,28 WATER
2018,1,3,03 MATERIALS AND SUPPLIES,321,PARKING METER AND WATER METER       0321,20,28,1900,4790277654,4790277654,352568654,310346746,36404931,441930,1900,4790277654,020 WATER OPERATING FUND,28 WATER
2018,1,3,03 MATERIALS AND SUPPLIES,321,PARKING METER AND WATER METER       0321,20,28,27000,4790304654,4790304654,352595654,310373746,36431931,441930,28900,4790304654,020 WATER OPERATING FUND,28 WATER
2018,1,3,03 MATERIALS AND SUPPLIES,321,PARKING METER AND WATER METER       0321,20,28,413030,4790717684,4790717684,353008684,310786776,36844961,441930,441930,4790717684,020 WATER OPERATING FUND,28 WATER
2018,1,3,03 MATERIALS AND SUPPLIES,322,SMALL POWER TOOLS AND HAND TOOLS    0322,20,28,41000,4790758684,4790758684,353049684,310827776,36885961,574452,41000,4790758684,020 WATER OPERATING FUND,28 WATER
2018,1,3,03 MATERIALS AND SUPPLIES,322,SMALL POWER TOOLS AND HAND TOOLS    0322,20,28,40000,4790798684,4790798684,353089684,310867776,36925961,574452,81000,4790798684,020 WATER OPERATING FUND,28 WATER
2018,1,3,03 MATERIALS AND SUPPLIES,322,SMALL POWER TOOLS AND HAND TOOLS    0322,20,28,19500,4790818184,4790818184,353109184,310887276,36945461,574452,100500,4790818184,020 WATER OPERATING FUND,28 WATER
2018,1,3,03 MATERIALS AND SUPPLIES,322,SMALL POWER TOOLS AND HAND TOOLS    0322,20,28,1015,4790819199,4790819199,353110199,310888291,36946476,574452,101515,4790819199,020 WATER OPERATING FUND,28 WATER
2018,1,3,03 MATERIALS AND SUPPLIES,322,SMALL POWER TOOLS AND HAND TOOLS    0322,20,28,2850,4790822049,4790822049,353113049,310891141,36949326,574452,104365,4790822049,020 WATER OPERATING FUND,28 WATER
2018,1,3,03 MATERIALS AND SUPPLIES,322,SMALL POWER TOOLS AND HAND TOOLS    0322,20,28,154500,4790976549,4790976549,353267549,311045641,37103826,574452,258865,4790976549,020 WATER OPERATING FUND,28 WATER
2018,1,3,03 MATERIALS AND SUPPLIES,322,SMALL POWER TOOLS AND HAND TOOLS    0322,20,28,35000,4791011549,4791011549,353302549,311080641,37138826,574452,293865,4791011549,020 WATER OPERATING FUND,28 WATER
2018,1,3,03 MATERIALS AND SUPPLIES,322,SMALL POWER TOOLS AND HAND TOOLS    0322,20,28,27650,4791039199,4791039199,353330199,311108291,37166476,574452,321515,4791039199,020 WATER OPERATING FUND,28 WATER
2018,1,3,03 MATERIALS AND SUPPLIES,322,SMALL POWER TOOLS AND HAND TOOLS    0322,20,28,11400,4791050599,4791050599,353341599,311119691,37177876,574452,332915,4791050599,020 WATER OPERATING FUND,28 WATER
2018,1,3,03 MATERIALS AND SUPPLIES,322,SMALL POWER TOOLS AND HAND TOOLS    0322,20,28,67877,4791118476,4791118476,353409476,311187568,37245753,574452,400792,4791118476,020 WATER OPERATING FUND,28 WATER
2018,1,3,03 MATERIALS AND SUPPLIES,322,SMALL POWER TOOLS AND HAND TOOLS    0322,20,28,25870,4791144346,4791144346,353435346,311213438,37271623,574452,426662,4791144346,020 WATER OPERATING FUND,28 WATER
2018,1,3,03 MATERIALS AND SUPPLIES,322,SMALL POWER TOOLS AND HAND TOOLS    0322,20,28,4000,4791148346,4791148346,353439346,311217438,37275623,574452,430662,4791148346,020 WATER OPERATING FUND,28 WATER
2018,1,3,03 MATERIALS AND SUPPLIES,322,SMALL POWER TOOLS AND HAND TOOLS    0322,20,28,475,4791148821,4791148821,353439821,311217913,37276098,574452,431137,4791148821,020 WATER OPERATING FUND,28 WATER
2018,1,3,03 MATERIALS AND SUPPLIES,322,SMALL POWER TOOLS AND HAND TOOLS    0322,20,28,37800,4791186621,4791186621,353477621,311255713,37313898,574452,468937,4791186621,020 WATER OPERATING FUND,28 WATER
2018,1,3,03 MATERIALS AND SUPPLIES,322,SMALL POWER TOOLS AND HAND TOOLS    0322,20,28,30000,4791216621,4791216621,353507621,311285713,37343898,574452,498937,4791216621,020 WATER OPERATING FUND,28 WATER
2018,1,3,03 MATERIALS AND SUPPLIES,322,SMALL POWER TOOLS AND HAND TOOLS    0322,20,28,30000,4791246621,4791246621,353537621,311315713,37373898,574452,528937,4791246621,020 WATER OPERATING FUND,28 WATER
2018,1,3,03 MATERIALS AND SUPPLIES,322,SMALL POWER TOOLS AND HAND TOOLS    0322,20,28,25000,4791271621,4791271621,353562621,311340713,37398898,574452,553937,4791271621,020 WATER OPERATING FUND,28 WATER
2018,1,3,03 MATERIALS AND SUPPLIES,322,SMALL POWER TOOLS AND HAND TOOLS    0322,20,28,1000,4791272621,4791272621,353563621,311341713,37399898,574452,554937,4791272621,020 WATER OPERATING FUND,28 WATER
2018,1,3,03 MATERIALS AND SUPPLIES,322,SMALL POWER TOOLS AND HAND TOOLS    0322,20,28,515,4791273136,4791273136,353564136,311342228,37400413,574452,555452,4791273136,020 WATER OPERATING FUND,28 WATER
2018,1,3,03 MATERIALS AND SUPPLIES,322,SMALL POWER TOOLS AND HAND TOOLS    0322,20,28,15000,4791288136,4791288136,353579136,311357228,37415413,574452,570452,4791288136,020 WATER OPERATING FUND,28 WATER
2018,1,3,03 MATERIALS AND SUPPLIES,322,SMALL POWER TOOLS AND HAND TOOLS    0322,20,28,4000,4791292136,4791292136,353583136,311361228,37419413,574452,574452,4791292136,020 WATER OPERATING FUND,28 WATER
2018,1,3,03 MATERIALS AND SUPPLIES,323,PLUMBING/AIR CONDITIONING/SPACE HTG 0323,20,28,93000,4791385136,4791385136,353676136,311454228,37512413,4025690,93000,4791385136,020 WATER OPERATING FUND,28 WATER
2018,1,3,03 MATERIALS AND SUPPLIES,323,PLUMBING/AIR CONDITIONING/SPACE HTG 0323,20,28,50000,4791435136,4791435136,353726136,311504228,37562413,4025690,143000,4791435136,020 WATER OPERATING FUND,28 WATER
2018,1,3,03 MATERIALS AND SUPPLIES,323,PLUMBING/AIR CONDITIONING/SPACE HTG 0323,20,28,12000,4791447136,4791447136,353738136,311516228,37574413,4025690,155000,4791447136,020 WATER OPERATING FUND,28 WATER
2018,1,3,03 MATERIALS AND SUPPLIES,323,PLUMBING/AIR CONDITIONING/SPACE HTG 0323,20,28,2850,4791449986,4791449986,353740986,311519078,37577263,4025690,157850,4791449986,020 WATER OPERATING FUND,28 WATER
2018,1,3,03 MATERIALS AND SUPPLIES,323,PLUMBING/AIR CONDITIONING/SPACE HTG 0323,20,28,200000,4791649986,4791649986,353940986,311719078,37777263,4025690,357850,4791649986,020 WATER OPERATING FUND,28 WATER
2018,1,3,03 MATERIALS AND SUPPLIES,323,PLUMBING/AIR CONDITIONING/SPACE HTG 0323,20,28,169000,4791818986,4791818986,354109986,311888078,37946263,4025690,526850,4791818986,020 WATER OPERATING FUND,28 WATER
2018,1,3,03 MATERIALS AND SUPPLIES,323,PLUMBING/AIR CONDITIONING/SPACE HTG 0323,20,28,169000,4791987986,4791987986,354278986,312057078,38115263,4025690,695850,4791987986,020 WATER OPERATING FUND,28 WATER
2018,1,3,03 MATERIALS AND SUPPLIES,323,PLUMBING/AIR CONDITIONING/SPACE HTG 0323,20,28,90000,4792077986,4792077986,354368986,312147078,38205263,4025690,785850,4792077986,020 WATER OPERATING FUND,28 WATER
2018,1,3,03 MATERIALS AND SUPPLIES,323,PLUMBING/AIR CONDITIONING/SPACE HTG 0323,20,28,5000,4792082986,4792082986,354373986,312152078,38210263,4025690,790850,4792082986,020 WATER OPERATING FUND,28 WATER
2018,1,3,03 MATERIALS AND SUPPLIES,323,PLUMBING/AIR CONDITIONING/SPACE HTG 0323,20,28,80000,4792162986,4792162986,354453986,312232078,38290263,4025690,870850,4792162986,020 WATER OPERATING FUND,28 WATER
2018,1,3,03 MATERIALS AND SUPPLIES,323,PLUMBING/AIR CONDITIONING/SPACE HTG 0323,20,28,8240,4792171226,4792171226,354462226,312240318,38298503,4025690,879090,4792171226,020 WATER OPERATING FUND,28 WATER
2018,1,3,03 MATERIALS AND SUPPLIES,323,PLUMBING/AIR CONDITIONING/SPACE HTG 0323,20,28,140600,4792311826,4792311826,354602826,312380918,38439103,4025690,1019690,4792311826,020 WATER OPERATING FUND,28 WATER
2018,1,3,03 MATERIALS AND SUPPLIES,323,PLUMBING/AIR CONDITIONING/SPACE HTG 0323,20,28,203000,4792514826,4792514826,354805826,312583918,38642103,4025690,1222690,4792514826,020 WATER OPERATING FUND,28 WATER
2018,1,3,03 MATERIALS AND SUPPLIES,323,PLUMBING/AIR CONDITIONING/SPACE HTG 0323,20,28,228000,4792742826,4792742826,355033826,312811918,38870103,4025690,1450690,4792742826,020 WATER OPERATING FUND,28 WATER
2018,1,3,03 MATERIALS AND SUPPLIES,323,PLUMBING/AIR CONDITIONING/SPACE HTG 0323,20,28,2575000,4795317826,4795317826,357608826,315386918,41445103,4025690,4025690,4795317826,020 WATER OPERATING FUND,28 WATER
2018,1,3,03 MATERIALS AND SUPPLIES,324,"PRECISION, PHOTOGRAPHIC AND ARTISTS 0324",20,28,950,4795318776,4795318776,357609776,315387868,41446053,2250255,950,4795318776,020 WATER OPERATING FUND,28 WATER
2018,1,3,03 MATERIALS AND SUPPLIES,324,"PRECISION, PHOTOGRAPHIC AND ARTISTS 0324",20,28,25000,4795343776,4795343776,357634776,315412868,41471053,2250255,25950,4795343776,020 WATER OPERATING FUND,28 WATER
2018,1,3,03 MATERIALS AND SUPPLIES,324,"PRECISION, PHOTOGRAPHIC AND ARTISTS 0324",20,28,94350,4795438126,4795438126,357729126,315507218,41565403,2250255,120300,4795438126,020 WATER OPERATING FUND,28 WATER
2018,1,3,03 MATERIALS AND SUPPLIES,324,"PRECISION, PHOTOGRAPHIC AND ARTISTS 0324",20,28,1500,4795439626,4795439626,357730626,315508718,41566903,2250255,121800,4795439626,020 WATER OPERATING FUND,28 WATER
2018,1,3,03 MATERIALS AND SUPPLIES,324,"PRECISION, PHOTOGRAPHIC AND ARTISTS 0324",20,28,208000,4795647626,4795647626,357938626,315716718,41774903,2250255,329800,4795647626,020 WATER OPERATING FUND,28 WATER
2018,1,3,03 MATERIALS AND SUPPLIES,324,"PRECISION, PHOTOGRAPHIC AND ARTISTS 0324",20,28,22000,4795669626,4795669626,357960626,315738718,41796903,2250255,351800,4795669626,020 WATER OPERATING FUND,28 WATER
2018,1,3,03 MATERIALS AND SUPPLIES,324,"PRECISION, PHOTOGRAPHIC AND ARTISTS 0324",20,28,200000,4795869626,4795869626,358160626,315938718,41996903,2250255,551800,4795869626,020 WATER OPERATING FUND,28 WATER
2018,1,3,03 MATERIALS AND SUPPLIES,324,"PRECISION, PHOTOGRAPHIC AND ARTISTS 0324",20,28,50000,4795919626,4795919626,358210626,315988718,42046903,2250255,601800,4795919626,020 WATER OPERATING FUND,28 WATER
2018,1,3,03 MATERIALS AND SUPPLIES,324,"PRECISION, PHOTOGRAPHIC AND ARTISTS 0324",20,28,203000,4796122626,4796122626,358413626,316191718,42249903,2250255,804800,4796122626,020 WATER OPERATING FUND,28 WATER
2018,1,3,03 MATERIALS AND SUPPLIES,324,"PRECISION, PHOTOGRAPHIC AND ARTISTS 0324",20,28,2055,4796124681,4796124681,358415681,316193773,42251958,2250255,806855,4796124681,020 WATER OPERATING FUND,28 WATER
2018,1,3,03 MATERIALS AND SUPPLIES,324,"PRECISION, PHOTOGRAPHIC AND ARTISTS 0324",20,28,5000,4796129681,4796129681,358420681,316198773,42256958,2250255,811855,4796129681,020 WATER OPERATING FUND,28 WATER
2018,1,3,03 MATERIALS AND SUPPLIES,324,"PRECISION, PHOTOGRAPHIC AND ARTISTS 0324",20,28,31000,4796160681,4796160681,358451681,316229773,42287958,2250255,842855,4796160681,020 WATER OPERATING FUND,28 WATER
2018,1,3,03 MATERIALS AND SUPPLIES,324,"PRECISION, PHOTOGRAPHIC AND ARTISTS 0324",20,28,563000,4796723681,4796723681,359014681,316792773,42850958,2250255,1405855,4796723681,020 WATER OPERATING FUND,28 WATER
2018,1,3,03 MATERIALS AND SUPPLIES,324,"PRECISION, PHOTOGRAPHIC AND ARTISTS 0324",20,28,4000,4796727681,4796727681,359018681,316796773,42854958,2250255,1409855,4796727681,020 WATER OPERATING FUND,28 WATER
2018,1,3,03 MATERIALS AND SUPPLIES,324,"PRECISION, PHOTOGRAPHIC AND ARTISTS 0324",20,28,13300,4796740981,4796740981,359031981,316810073,42868258,2250255,1423155,4796740981,020 WATER OPERATING FUND,28 WATER
2018,1,3,03 MATERIALS AND SUPPLIES,324,"PRECISION, PHOTOGRAPHIC AND ARTISTS 0324",20,28,4275,4796745256,4796745256,359036256,316814348,42872533,2250255,1427430,4796745256,020 WATER OPERATING FUND,28 WATER
2018,1,3,03 MATERIALS AND SUPPLIES,324,"PRECISION, PHOTOGRAPHIC AND ARTISTS 0324",20,28,1000,4796746256,4796746256,359037256,316815348,42873533,2250255,1428430,4796746256,020 WATER OPERATING FUND,28 WATER
2018,1,3,03 MATERIALS AND SUPPLIES,324,"PRECISION, PHOTOGRAPHIC AND ARTISTS 0324",20,28,3425,4796749681,4796749681,359040681,316818773,42876958,2250255,1431855,4796749681,020 WATER OPERATING FUND,28 WATER
2018,1,3,03 MATERIALS AND SUPPLIES,324,"PRECISION, PHOTOGRAPHIC AND ARTISTS 0324",20,28,15300,4796764981,4796764981,359055981,316834073,42892258,2250255,1447155,4796764981,020 WATER OPERATING FUND,28 WATER
2018,1,3,03 MATERIALS AND SUPPLIES,324,"PRECISION, PHOTOGRAPHIC AND ARTISTS 0324",20,28,5700,4796770681,4796770681,359061681,316839773,42897958,2250255,1452855,4796770681,020 WATER OPERATING FUND,28 WATER
2018,1,3,03 MATERIALS AND SUPPLIES,324,"PRECISION, PHOTOGRAPHIC AND ARTISTS 0324",20,28,300000,4797070681,4797070681,359361681,317139773,43197958,2250255,1752855,4797070681,020 WATER OPERATING FUND,28 WATER
2018,1,3,03 MATERIALS AND SUPPLIES,324,"PRECISION, PHOTOGRAPHIC AND ARTISTS 0324",20,28,15450,4797086131,4797086131,359377131,317155223,43213408,2250255,1768305,4797086131,020 WATER OPERATING FUND,28 WATER
2018,1,3,03 MATERIALS AND SUPPLIES,324,"PRECISION, PHOTOGRAPHIC AND ARTISTS 0324",20,28,70000,4797156131,4797156131,359447131,317225223,43283408,2250255,1838305,4797156131,020 WATER OPERATING FUND,28 WATER
2018,1,3,03 MATERIALS AND SUPPLIES,324,"PRECISION, PHOTOGRAPHIC AND ARTISTS 0324",20,28,134900,4797291031,4797291031,359582031,317360123,43418308,2250255,1973205,4797291031,020 WATER OPERATING FUND,28 WATER
2018,1,3,03 MATERIALS AND SUPPLIES,324,"PRECISION, PHOTOGRAPHIC AND ARTISTS 0324",20,28,113050,4797404081,4797404081,359695081,317473173,43531358,2250255,2086255,4797404081,020 WATER OPERATING FUND,28 WATER
2018,1,3,03 MATERIALS AND SUPPLIES,324,"PRECISION, PHOTOGRAPHIC AND ARTISTS 0324",20,28,71250,4797475331,4797475331,359766331,317544423,43602608,2250255,2157505,4797475331,020 WATER OPERATING FUND,28 WATER
2018,1,3,03 MATERIALS AND SUPPLIES,324,"PRECISION, PHOTOGRAPHIC AND ARTISTS 0324",20,28,77250,4797552581,4797552581,359843581,317621673,43679858,2250255,2234755,4797552581,020 WATER OPERATING FUND,28 WATER
2018,1,3,03 MATERIALS AND SUPPLIES,324,"PRECISION, PHOTOGRAPHIC AND ARTISTS 0324",20,28,12500,4797565081,4797565081,359856081,317634173,43692358,2250255,2247255,4797565081,020 WATER OPERATING FUND,28 WATER
2018,1,3,03 MATERIALS AND SUPPLIES,324,"PRECISION, PHOTOGRAPHIC AND ARTISTS 0324",20,28,3000,4797568081,4797568081,359859081,317637173,43695358,2250255,2250255,4797568081,020 WATER OPERATING FUND,28 WATER
2018,1,3,03 MATERIALS AND SUPPLIES,325,PRINTING                            0325,20,28,979,4797569060,4797569060,359860060,317638152,43696337,757443,979,4797569060,020 WATER OPERATING FUND,28 WATER
2018,1,3,03 MATERIALS AND SUPPLIES,325,PRINTING                            0325,20,28,1500,4797570560,4797570560,359861560,317639652,43697837,757443,2479,4797570560,020 WATER OPERATING FUND,28 WATER
2018,1,3,03 MATERIALS AND SUPPLIES,325,PRINTING                            0325,20,28,2178,4797572738,4797572738,359863738,317641830,43700015,757443,4657,4797572738,020 WATER OPERATING FUND,28 WATER
2018,1,3,03 MATERIALS AND SUPPLIES,325,PRINTING                            0325,20,28,25000,4797597738,4797597738,359888738,317666830,43725015,757443,29657,4797597738,020 WATER OPERATING FUND,28 WATER
2018,1,3,03 MATERIALS AND SUPPLIES,325,PRINTING                            0325,20,28,55000,4797652738,4797652738,359943738,317721830,43780015,757443,84657,4797652738,020 WATER OPERATING FUND,28 WATER
2018,1,3,03 MATERIALS AND SUPPLIES,325,PRINTING                            0325,20,28,9300,4797662038,4797662038,359953038,317731130,43789315,757443,93957,4797662038,020 WATER OPERATING FUND,28 WATER
2018,1,3,03 MATERIALS AND SUPPLIES,325,PRINTING                            0325,20,28,3193,4797665231,4797665231,359956231,317734323,43792508,757443,97150,4797665231,020 WATER OPERATING FUND,28 WATER
2018,1,3,03 MATERIALS AND SUPPLIES,325,PRINTING                            0325,20,28,2060,4797667291,4797667291,359958291,317736383,43794568,757443,99210,4797667291,020 WATER OPERATING FUND,28 WATER
2018,1,3,03 MATERIALS AND SUPPLIES,325,PRINTING                            0325,20,28,5000,4797672291,4797672291,359963291,317741383,43799568,757443,104210,4797672291,020 WATER OPERATING FUND,28 WATER
2018,1,3,03 MATERIALS AND SUPPLIES,325,PRINTING                            0325,20,28,3090,4797675381,4797675381,359966381,317744473,43802658,757443,107300,4797675381,020 WATER OPERATING FUND,28 WATER
2018,1,3,03 MATERIALS AND SUPPLIES,325,PRINTING                            0325,20,28,100000,4797775381,4797775381,360066381,317844473,43902658,757443,207300,4797775381,020 WATER OPERATING FUND,28 WATER
2018,1,3,03 MATERIALS AND SUPPLIES,325,PRINTING                            0325,20,28,2000,4797777381,4797777381,360068381,317846473,43904658,757443,209300,4797777381,020 WATER OPERATING FUND,28 WATER
2018,1,3,03 MATERIALS AND SUPPLIES,325,PRINTING                            0325,20,28,8550,4797785931,4797785931,360076931,317855023,43913208,757443,217850,4797785931,020 WATER OPERATING FUND,28 WATER
2018,1,3,03 MATERIALS AND SUPPLIES,325,PRINTING                            0325,20,28,7600,4797793531,4797793531,360084531,317862623,43920808,757443,225450,4797793531,020 WATER OPERATING FUND,28 WATER
2018,1,3,03 MATERIALS AND SUPPLIES,325,PRINTING                            0325,20,28,2500,4797796031,4797796031,360087031,317865123,43923308,757443,227950,4797796031,020 WATER OPERATING FUND,28 WATER
2018,1,3,03 MATERIALS AND SUPPLIES,325,PRINTING                            0325,20,28,14678,4797810709,4797810709,360101709,317879801,43937986,757443,242628,4797810709,020 WATER OPERATING FUND,28 WATER
2018,1,3,03 MATERIALS AND SUPPLIES,325,PRINTING                            0325,20,28,1015,4797811724,4797811724,360102724,317880816,43939001,757443,243643,4797811724,020 WATER OPERATING FUND,28 WATER
2018,1,3,03 MATERIALS AND SUPPLIES,325,PRINTING                            0325,20,28,1000,4797812724,4797812724,360103724,317881816,43940001,757443,244643,4797812724,020 WATER OPERATING FUND,28 WATER
2018,1,3,03 MATERIALS AND SUPPLIES,325,PRINTING                            0325,20,28,450000,4798262724,4798262724,360553724,318331816,44390001,757443,694643,4798262724,020 WATER OPERATING FUND,28 WATER
2018,1,3,03 MATERIALS AND SUPPLIES,325,PRINTING                            0325,20,28,15000,4798277724,4798277724,360568724,318346816,44405001,757443,709643,4798277724,020 WATER OPERATING FUND,28 WATER
2018,1,3,03 MATERIALS AND SUPPLIES,325,PRINTING                            0325,20,28,9500,4798287224,4798287224,360578224,318356316,44414501,757443,719143,4798287224,020 WATER OPERATING FUND,28 WATER
2018,1,3,03 MATERIALS AND SUPPLIES,325,PRINTING                            0325,20,28,1200,4798288424,4798288424,360579424,318357516,44415701,757443,720343,4798288424,020 WATER OPERATING FUND,28 WATER
2018,1,3,03 MATERIALS AND SUPPLIES,325,PRINTING                            0325,20,28,100,4798288524,4798288524,360579524,318357616,44415801,757443,720443,4798288524,020 WATER OPERATING FUND,28 WATER
2018,1,3,03 MATERIALS AND SUPPLIES,325,PRINTING                            0325,20,28,4000,4798292524,4798292524,360583524,318361616,44419801,757443,724443,4798292524,020 WATER OPERATING FUND,28 WATER
2018,1,3,03 MATERIALS AND SUPPLIES,325,PRINTING                            0325,20,28,3000,4798295524,4798295524,360586524,318364616,44422801,757443,727443,4798295524,020 WATER OPERATING FUND,28 WATER
2018,1,3,03 MATERIALS AND SUPPLIES,325,PRINTING                            0325,20,28,2000,4798297524,4798297524,360588524,318366616,44424801,757443,729443,4798297524,020 WATER OPERATING FUND,28 WATER
2018,1,3,03 MATERIALS AND SUPPLIES,325,PRINTING                            0325,20,28,5000,4798302524,4798302524,360593524,318371616,44429801,757443,734443,4798302524,020 WATER OPERATING FUND,28 WATER
2018,1,3,03 MATERIALS AND SUPPLIES,325,PRINTING                            0325,20,28,20000,4798322524,4798322524,360613524,318391616,44449801,757443,754443,4798322524,020 WATER OPERATING FUND,28 WATER
2018,1,3,03 MATERIALS AND SUPPLIES,325,PRINTING                            0325,20,28,3000,4798325524,4798325524,360616524,318394616,44452801,757443,757443,4798325524,020 WATER OPERATING FUND,28 WATER
2018,1,3,03 MATERIALS AND SUPPLIES,326,RECREATIONAL AND EDUCATIONAL        0326,20,28,1500,4798327024,4798327024,360618024,318396116,44454301,17530,1500,4798327024,020 WATER OPERATING FUND,28 WATER
2018,1,3,03 MATERIALS AND SUPPLIES,326,RECREATIONAL AND EDUCATIONAL        0326,20,28,1030,4798328054,4798328054,360619054,318397146,44455331,17530,2530,4798328054,020 WATER OPERATING FUND,28 WATER
2018,1,3,03 MATERIALS AND SUPPLIES,326,RECREATIONAL AND EDUCATIONAL        0326,20,28,15000,4798343054,4798343054,360634054,318412146,44470331,17530,17530,4798343054,020 WATER OPERATING FUND,28 WATER
2018,1,3,03 MATERIALS AND SUPPLIES,328,MOTOR VEHICLE PARTS AND ACCESSORIES 0328,20,28,5000,4798348054,4798348054,360639054,318417146,44475331,83877,5000,4798348054,020 WATER OPERATING FUND,28 WATER
2018,1,3,03 MATERIALS AND SUPPLIES,328,MOTOR VEHICLE PARTS AND ACCESSORIES 0328,20,28,31827,4798379881,4798379881,360670881,318448973,44507158,83877,36827,4798379881,020 WATER OPERATING FUND,28 WATER
2018,1,3,03 MATERIALS AND SUPPLIES,328,MOTOR VEHICLE PARTS AND ACCESSORIES 0328,20,28,1000,4798380881,4798380881,360671881,318449973,44508158,83877,37827,4798380881,020 WATER OPERATING FUND,28 WATER
2018,1,3,03 MATERIALS AND SUPPLIES,328,MOTOR VEHICLE PARTS AND ACCESSORIES 0328,20,28,14250,4798395131,4798395131,360686131,318464223,44522408,83877,52077,4798395131,020 WATER OPERATING FUND,28 WATER
2018,1,3,03 MATERIALS AND SUPPLIES,328,MOTOR VEHICLE PARTS AND ACCESSORIES 0328,20,28,1000,4798396131,4798396131,360687131,318465223,44523408,83877,53077,4798396131,020 WATER OPERATING FUND,28 WATER
2018,1,3,03 MATERIALS AND SUPPLIES,328,MOTOR VEHICLE PARTS AND ACCESSORIES 0328,20,28,17500,4798413631,4798413631,360704631,318482723,44540908,83877,70577,4798413631,020 WATER OPERATING FUND,28 WATER
2018,1,3,03 MATERIALS AND SUPPLIES,328,MOTOR VEHICLE PARTS AND ACCESSORIES 0328,20,28,3000,4798416631,4798416631,360707631,318485723,44543908,83877,73577,4798416631,020 WATER OPERATING FUND,28 WATER
2018,1,3,03 MATERIALS AND SUPPLIES,328,MOTOR VEHICLE PARTS AND ACCESSORIES 0328,20,28,10300,4798426931,4798426931,360717931,318496023,44554208,83877,83877,4798426931,020 WATER OPERATING FUND,28 WATER
2018,1,3,03 MATERIALS AND SUPPLIES,335,LUBRICANTS                          0335,20,28,1030,4798427961,4798427961,360718961,318497053,44555238,94630,1030,4798427961,020 WATER OPERATING FUND,28 WATER
2018,1,3,03 MATERIALS AND SUPPLIES,335,LUBRICANTS                          0335,20,28,15000,4798442961,4798442961,360733961,318512053,44570238,94630,16030,4798442961,020 WATER OPERATING FUND,28 WATER
2018,1,3,03 MATERIALS AND SUPPLIES,335,LUBRICANTS                          0335,20,28,28500,4798471461,4798471461,360762461,318540553,44598738,94630,44530,4798471461,020 WATER OPERATING FUND,28 WATER
2018,1,3,03 MATERIALS AND SUPPLIES,335,LUBRICANTS                          0335,20,28,17100,4798488561,4798488561,360779561,318557653,44615838,94630,61630,4798488561,020 WATER OPERATING FUND,28 WATER
2018,1,3,03 MATERIALS AND SUPPLIES,335,LUBRICANTS                          0335,20,28,3500,4798492061,4798492061,360783061,318561153,44619338,94630,65130,4798492061,020 WATER OPERATING FUND,28 WATER
2018,1,3,03 MATERIALS AND SUPPLIES,335,LUBRICANTS                          0335,20,28,10000,4798502061,4798502061,360793061,318571153,44629338,94630,75130,4798502061,020 WATER OPERATING FUND,28 WATER
2018,1,3,03 MATERIALS AND SUPPLIES,335,LUBRICANTS                          0335,20,28,5000,4798507061,4798507061,360798061,318576153,44634338,94630,80130,4798507061,020 WATER OPERATING FUND,28 WATER
2018,1,3,03 MATERIALS AND SUPPLIES,335,LUBRICANTS                          0335,20,28,4000,4798511061,4798511061,360802061,318580153,44638338,94630,84130,4798511061,020 WATER OPERATING FUND,28 WATER
2018,1,3,03 MATERIALS AND SUPPLIES,335,LUBRICANTS                          0335,20,28,1000,4798512061,4798512061,360803061,318581153,44639338,94630,85130,4798512061,020 WATER OPERATING FUND,28 WATER
2018,1,3,03 MATERIALS AND SUPPLIES,335,LUBRICANTS                          0335,20,28,9500,4798521561,4798521561,360812561,318590653,44648838,94630,94630,4798521561,020 WATER OPERATING FUND,28 WATER
2018,1,3,03 MATERIALS AND SUPPLIES,340,#2 DIESEL FUEL                      0340,20,28,332500,4798854061,4798854061,361145061,318923153,44981338,352500,332500,4798854061,020 WATER OPERATING FUND,28 WATER
2018,1,3,03 MATERIALS AND SUPPLIES,340,#2 DIESEL FUEL                      0340,20,28,20000,4798874061,4798874061,361165061,318943153,45001338,352500,352500,4798874061,020 WATER OPERATING FUND,28 WATER
2018,1,3,03 MATERIALS AND SUPPLIES,342,LIQUID PROPANE GAS (LPG)            0342,20,28,3000,4798877061,4798877061,361168061,318946153,45004338,50377,3000,4798877061,020 WATER OPERATING FUND,28 WATER
2018,1,3,03 MATERIALS AND SUPPLIES,342,LIQUID PROPANE GAS (LPG)            0342,20,28,4000,4798881061,4798881061,361172061,318950153,45008338,50377,7000,4798881061,020 WATER OPERATING FUND,28 WATER
2018,1,3,03 MATERIALS AND SUPPLIES,342,LIQUID PROPANE GAS (LPG)            0342,20,28,4750,4798885811,4798885811,361176811,318954903,45013088,50377,11750,4798885811,020 WATER OPERATING FUND,28 WATER
2018,1,3,03 MATERIALS AND SUPPLIES,342,LIQUID PROPANE GAS (LPG)            0342,20,28,3800,4798889611,4798889611,361180611,318958703,45016888,50377,15550,4798889611,020 WATER OPERATING FUND,28 WATER
2018,1,3,03 MATERIALS AND SUPPLIES,342,LIQUID PROPANE GAS (LPG)            0342,20,28,1000,4798890611,4798890611,361181611,318959703,45017888,50377,16550,4798890611,020 WATER OPERATING FUND,28 WATER
2018,1,3,03 MATERIALS AND SUPPLIES,342,LIQUID PROPANE GAS (LPG)            0342,20,28,2000,4798892611,4798892611,361183611,318961703,45019888,50377,18550,4798892611,020 WATER OPERATING FUND,28 WATER
2018,1,3,03 MATERIALS AND SUPPLIES,342,LIQUID PROPANE GAS (LPG)            0342,20,28,6077,4798898688,4798898688,361189688,318967780,45025965,50377,24627,4798898688,020 WATER OPERATING FUND,28 WATER
2018,1,3,03 MATERIALS AND SUPPLIES,342,LIQUID PROPANE GAS (LPG)            0342,20,28,25750,4798924438,4798924438,361215438,318993530,45051715,50377,50377,4798924438,020 WATER OPERATING FUND,28 WATER
2018,1,3,03 MATERIALS AND SUPPLIES,345,GASOLINE                            0345,20,28,332500,4799256938,4799256938,361547938,319326030,45384215,332500,332500,4799256938,020 WATER OPERATING FUND,28 WATER
2018,1,3,03 MATERIALS AND SUPPLIES,399,OTHER MATERIALS AND SUPPLIES (NOC)  0399,20,28,400,4799257338,4799257338,361548338,319326430,45384615,400,400,4799257338,020 WATER OPERATING FUND,28 WATER
2018,1,4,04 EQUIPMENT,401,AGRICULTURAL AND BOTANICAL          0401,20,28,2000,4799259338,4799259338,361550338,319328430,2000,43850,2000,4799259338,020 WATER OPERATING FUND,28 WATER
2018,1,4,04 EQUIPMENT,401,AGRICULTURAL AND BOTANICAL          0401,20,28,3000,4799262338,4799262338,361553338,319331430,5000,43850,5000,4799262338,020 WATER OPERATING FUND,28 WATER
2018,1,4,04 EQUIPMENT,401,AGRICULTURAL AND BOTANICAL          0401,20,28,10000,4799272338,4799272338,361563338,319341430,15000,43850,15000,4799272338,020 WATER OPERATING FUND,28 WATER
2018,1,4,04 EQUIPMENT,401,AGRICULTURAL AND BOTANICAL          0401,20,28,850,4799273188,4799273188,361564188,319342280,15850,43850,15850,4799273188,020 WATER OPERATING FUND,28 WATER
2018,1,4,04 EQUIPMENT,401,AGRICULTURAL AND BOTANICAL          0401,20,28,15000,4799288188,4799288188,361579188,319357280,30850,43850,30850,4799288188,020 WATER OPERATING FUND,28 WATER
2018,1,4,04 EQUIPMENT,401,AGRICULTURAL AND BOTANICAL          0401,20,28,1000,4799289188,4799289188,361580188,319358280,31850,43850,31850,4799289188,020 WATER OPERATING FUND,28 WATER
2018,1,4,04 EQUIPMENT,401,AGRICULTURAL AND BOTANICAL          0401,20,28,8000,4799297188,4799297188,361588188,319366280,39850,43850,39850,4799297188,020 WATER OPERATING FUND,28 WATER
2018,1,4,04 EQUIPMENT,401,AGRICULTURAL AND BOTANICAL          0401,20,28,4000,4799301188,4799301188,361592188,319370280,43850,43850,43850,4799301188,020 WATER OPERATING FUND,28 WATER
2018,1,4,04 EQUIPMENT,403,"BAKESHOP, DINING ROOM AND KITCHEN   0403",20,28,3000,4799304188,4799304188,361595188,319373280,46850,6400,3000,4799304188,020 WATER OPERATING FUND,28 WATER
2018,1,4,04 EQUIPMENT,403,"BAKESHOP, DINING ROOM AND KITCHEN   0403",20,28,1700,4799305888,4799305888,361596888,319374980,48550,6400,4700,4799305888,020 WATER OPERATING FUND,28 WATER
2018,1,4,04 EQUIPMENT,403,"BAKESHOP, DINING ROOM AND KITCHEN   0403",20,28,1700,4799307588,4799307588,361598588,319376680,50250,6400,6400,4799307588,020 WATER OPERATING FUND,28 WATER
2018,1,4,04 EQUIPMENT,405,"CONSTRUCTION, DREDGING, CONVEYING   0405",20,28,850,4799308438,4799308438,361599438,319377530,51100,3550,850,4799308438,020 WATER OPERATING FUND,28 WATER
2018,1,4,04 EQUIPMENT,405,"CONSTRUCTION, DREDGING, CONVEYING   0405",20,28,1000,4799309438,4799309438,361600438,319378530,52100,3550,1850,4799309438,020 WATER OPERATING FUND,28 WATER
2018,1,4,04 EQUIPMENT,405,"CONSTRUCTION, DREDGING, CONVEYING   0405",20,28,1700,4799311138,4799311138,361602138,319380230,53800,3550,3550,4799311138,020 WATER OPERATING FUND,28 WATER
2018,1,4,04 EQUIPMENT,410,ELECTRICAL LIGHTING COMMUNICATION   0410,20,28,3000,4799314138,4799314138,361605138,319383230,56800,488274,3000,4799314138,020 WATER OPERATING FUND,28 WATER
2018,1,4,04 EQUIPMENT,410,ELECTRICAL LIGHTING COMMUNICATION   0410,20,28,5000,4799319138,4799319138,361610138,319388230,61800,488274,8000,4799319138,020 WATER OPERATING FUND,28 WATER
2018,1,4,04 EQUIPMENT,410,ELECTRICAL LIGHTING COMMUNICATION   0410,20,28,2000,4799321138,4799321138,361612138,319390230,63800,488274,10000,4799321138,020 WATER OPERATING FUND,28 WATER
2018,1,4,04 EQUIPMENT,410,ELECTRICAL LIGHTING COMMUNICATION   0410,20,28,35000,4799356138,4799356138,361647138,319425230,98800,488274,45000,4799356138,020 WATER OPERATING FUND,28 WATER
2018,1,4,04 EQUIPMENT,410,ELECTRICAL LIGHTING COMMUNICATION   0410,20,28,200000,4799556138,4799556138,361847138,319625230,298800,488274,245000,4799556138,020 WATER OPERATING FUND,28 WATER
2018,1,4,04 EQUIPMENT,410,ELECTRICAL LIGHTING COMMUNICATION   0410,20,28,89000,4799645138,4799645138,361936138,319714230,387800,488274,334000,4799645138,020 WATER OPERATING FUND,28 WATER
2018,1,4,04 EQUIPMENT,410,ELECTRICAL LIGHTING COMMUNICATION   0410,20,28,10000,4799655138,4799655138,361946138,319724230,397800,488274,344000,4799655138,020 WATER OPERATING FUND,28 WATER
2018,1,4,04 EQUIPMENT,410,ELECTRICAL LIGHTING COMMUNICATION   0410,20,28,15000,4799670138,4799670138,361961138,319739230,412800,488274,359000,4799670138,020 WATER OPERATING FUND,28 WATER
2018,1,4,04 EQUIPMENT,410,ELECTRICAL LIGHTING COMMUNICATION   0410,20,28,85000,4799755138,4799755138,362046138,319824230,497800,488274,444000,4799755138,020 WATER OPERATING FUND,28 WATER
2018,1,4,04 EQUIPMENT,410,ELECTRICAL LIGHTING COMMUNICATION   0410,20,28,20000,4799775138,4799775138,362066138,319844230,517800,488274,464000,4799775138,020 WATER OPERATING FUND,28 WATER
2018,1,4,04 EQUIPMENT,410,ELECTRICAL LIGHTING COMMUNICATION   0410,20,28,21250,4799796388,4799796388,362087388,319865480,539050,488274,485250,4799796388,020 WATER OPERATING FUND,28 WATER
2018,1,4,04 EQUIPMENT,410,ELECTRICAL LIGHTING COMMUNICATION   0410,20,28,2329,4799798717,4799798717,362089717,319867809,541379,488274,487579,4799798717,020 WATER OPERATING FUND,28 WATER
2018,1,4,04 EQUIPMENT,410,ELECTRICAL LIGHTING COMMUNICATION   0410,20,28,195,4799798912,4799798912,362089912,319868004,541574,488274,487774,4799798912,020 WATER OPERATING FUND,28 WATER
2018,1,4,04 EQUIPMENT,410,ELECTRICAL LIGHTING COMMUNICATION   0410,20,28,500,4799799412,4799799412,362090412,319868504,542074,488274,488274,4799799412,020 WATER OPERATING FUND,28 WATER
2018,1,4,04 EQUIPMENT,411,GENERAL EQUIPMENT AND MACHINERY     0411,20,28,2511,4799801923,4799801923,362092923,319871015,544585,839361,2511,4799801923,020 WATER OPERATING FUND,28 WATER
2018,1,4,04 EQUIPMENT,411,GENERAL EQUIPMENT AND MACHINERY     0411,20,28,40000,4799841923,4799841923,362132923,319911015,584585,839361,42511,4799841923,020 WATER OPERATING FUND,28 WATER
2018,1,4,04 EQUIPMENT,411,GENERAL EQUIPMENT AND MACHINERY     0411,20,28,90100,4799932023,4799932023,362223023,320001115,674685,839361,132611,4799932023,020 WATER OPERATING FUND,28 WATER
2018,1,4,04 EQUIPMENT,411,GENERAL EQUIPMENT AND MACHINERY     0411,20,28,210000,4800142023,4800142023,362433023,320211115,884685,839361,342611,4800142023,020 WATER OPERATING FUND,28 WATER
2018,1,4,04 EQUIPMENT,411,GENERAL EQUIPMENT AND MACHINERY     0411,20,28,10300,4800152323,4800152323,362443323,320221415,894985,839361,352911,4800152323,020 WATER OPERATING FUND,28 WATER
2018,1,4,04 EQUIPMENT,411,GENERAL EQUIPMENT AND MACHINERY     0411,20,28,13000,4800165323,4800165323,362456323,320234415,907985,839361,365911,4800165323,020 WATER OPERATING FUND,28 WATER
2018,1,4,04 EQUIPMENT,411,GENERAL EQUIPMENT AND MACHINERY     0411,20,28,4250,4800169573,4800169573,362460573,320238665,912235,839361,370161,4800169573,020 WATER OPERATING FUND,28 WATER
2018,1,4,04 EQUIPMENT,411,GENERAL EQUIPMENT AND MACHINERY     0411,20,28,5150,4800174723,4800174723,362465723,320243815,917385,839361,375311,4800174723,020 WATER OPERATING FUND,28 WATER
2018,1,4,04 EQUIPMENT,411,GENERAL EQUIPMENT AND MACHINERY     0411,20,28,60000,4800234723,4800234723,362525723,320303815,977385,839361,435311,4800234723,020 WATER OPERATING FUND,28 WATER
2018,1,4,04 EQUIPMENT,411,GENERAL EQUIPMENT AND MACHINERY     0411,20,28,650,4800235373,4800235373,362526373,320304465,978035,839361,435961,4800235373,020 WATER OPERATING FUND,28 WATER
2018,1,4,04 EQUIPMENT,411,GENERAL EQUIPMENT AND MACHINERY     0411,20,28,83000,4800318373,4800318373,362609373,320387465,1061035,839361,518961,4800318373,020 WATER OPERATING FUND,28 WATER
2018,1,4,04 EQUIPMENT,411,GENERAL EQUIPMENT AND MACHINERY     0411,20,28,3000,4800321373,4800321373,362612373,320390465,1064035,839361,521961,4800321373,020 WATER OPERATING FUND,28 WATER
2018,1,4,04 EQUIPMENT,411,GENERAL EQUIPMENT AND MACHINERY     0411,20,28,110000,4800431373,4800431373,362722373,320500465,1174035,839361,631961,4800431373,020 WATER OPERATING FUND,28 WATER
2018,1,4,04 EQUIPMENT,411,GENERAL EQUIPMENT AND MACHINERY     0411,20,28,24000,4800455373,4800455373,362746373,320524465,1198035,839361,655961,4800455373,020 WATER OPERATING FUND,28 WATER
2018,1,4,04 EQUIPMENT,411,GENERAL EQUIPMENT AND MACHINERY     0411,20,28,103400,4800558773,4800558773,362849773,320627865,1301435,839361,759361,4800558773,020 WATER OPERATING FUND,28 WATER
2018,1,4,04 EQUIPMENT,411,GENERAL EQUIPMENT AND MACHINERY     0411,20,28,80000,4800638773,4800638773,362929773,320707865,1381435,839361,839361,4800638773,020 WATER OPERATING FUND,28 WATER
2018,1,4,04 EQUIPMENT,412,FIRE FIGHTING AND EMERGENCY         0412,20,28,5253,4800644026,4800644026,362935026,320713118,1386688,35603,5253,4800644026,020 WATER OPERATING FUND,28 WATER
2018,1,4,04 EQUIPMENT,412,FIRE FIGHTING AND EMERGENCY         0412,20,28,3000,4800647026,4800647026,362938026,320716118,1389688,35603,8253,4800647026,020 WATER OPERATING FUND,28 WATER
2018,1,4,04 EQUIPMENT,412,FIRE FIGHTING AND EMERGENCY         0412,20,28,1700,4800648726,4800648726,362939726,320717818,1391388,35603,9953,4800648726,020 WATER OPERATING FUND,28 WATER
2018,1,4,04 EQUIPMENT,412,FIRE FIGHTING AND EMERGENCY         0412,20,28,4250,4800652976,4800652976,362943976,320722068,1395638,35603,14203,4800652976,020 WATER OPERATING FUND,28 WATER
2018,1,4,04 EQUIPMENT,412,FIRE FIGHTING AND EMERGENCY         0412,20,28,2550,4800655526,4800655526,362946526,320724618,1398188,35603,16753,4800655526,020 WATER OPERATING FUND,28 WATER
2018,1,4,04 EQUIPMENT,412,FIRE FIGHTING AND EMERGENCY         0412,20,28,1000,4800656526,4800656526,362947526,320725618,1399188,35603,17753,4800656526,020 WATER OPERATING FUND,28 WATER
2018,1,4,04 EQUIPMENT,412,FIRE FIGHTING AND EMERGENCY         0412,20,28,850,4800657376,4800657376,362948376,320726468,1400038,35603,18603,4800657376,020 WATER OPERATING FUND,28 WATER
2018,1,4,04 EQUIPMENT,412,FIRE FIGHTING AND EMERGENCY         0412,20,28,3500,4800660876,4800660876,362951876,320729968,1403538,35603,22103,4800660876,020 WATER OPERATING FUND,28 WATER
2018,1,4,04 EQUIPMENT,412,FIRE FIGHTING AND EMERGENCY         0412,20,28,5000,4800665876,4800665876,362956876,320734968,1408538,35603,27103,4800665876,020 WATER OPERATING FUND,28 WATER
2018,1,4,04 EQUIPMENT,412,FIRE FIGHTING AND EMERGENCY         0412,20,28,8500,4800674376,4800674376,362965376,320743468,1417038,35603,35603,4800674376,020 WATER OPERATING FUND,28 WATER
2018,1,4,04 EQUIPMENT,417,HOSPITAL AND LABORATORY             0417,20,28,10000,4800684376,4800684376,362975376,320753468,1427038,662800,10000,4800684376,020 WATER OPERATING FUND,28 WATER
2018,1,4,04 EQUIPMENT,417,HOSPITAL AND LABORATORY             0417,20,28,3000,4800687376,4800687376,362978376,320756468,1430038,662800,13000,4800687376,020 WATER OPERATING FUND,28 WATER
2018,1,4,04 EQUIPMENT,417,HOSPITAL AND LABORATORY             0417,20,28,648800,4801336176,4801336176,363627176,321405268,2078838,662800,661800,4801336176,020 WATER OPERATING FUND,28 WATER
2018,1,4,04 EQUIPMENT,417,HOSPITAL AND LABORATORY             0417,20,28,1000,4801337176,4801337176,363628176,321406268,2079838,662800,662800,4801337176,020 WATER OPERATING FUND,28 WATER
2018,1,4,04 EQUIPMENT,418,JANITORIAL AND LAUNDRY              0418,20,28,5000,4801342176,4801342176,363633176,321411268,2084838,18800,5000,4801342176,020 WATER OPERATING FUND,28 WATER
2018,1,4,04 EQUIPMENT,418,JANITORIAL AND LAUNDRY              0418,20,28,1000,4801343176,4801343176,363634176,321412268,2085838,18800,6000,4801343176,020 WATER OPERATING FUND,28 WATER
2018,1,4,04 EQUIPMENT,418,JANITORIAL AND LAUNDRY              0418,20,28,1700,4801344876,4801344876,363635876,321413968,2087538,18800,7700,4801344876,020 WATER OPERATING FUND,28 WATER
2018,1,4,04 EQUIPMENT,418,JANITORIAL AND LAUNDRY              0418,20,28,2000,4801346876,4801346876,363637876,321415968,2089538,18800,9700,4801346876,020 WATER OPERATING FUND,28 WATER
2018,1,4,04 EQUIPMENT,418,JANITORIAL AND LAUNDRY              0418,20,28,4000,4801350876,4801350876,363641876,321419968,2093538,18800,13700,4801350876,020 WATER OPERATING FUND,28 WATER
2018,1,4,04 EQUIPMENT,418,JANITORIAL AND LAUNDRY              0418,20,28,5100,4801355976,4801355976,363646976,321425068,2098638,18800,18800,4801355976,020 WATER OPERATING FUND,28 WATER
2018,1,4,04 EQUIPMENT,420,OFFICE EQUIPMENT                    0420,20,28,1000,4801356976,4801356976,363647976,321426068,2099638,31563,1000,4801356976,020 WATER OPERATING FUND,28 WATER
2018,1,4,04 EQUIPMENT,420,OFFICE EQUIPMENT                    0420,20,28,2550,4801359526,4801359526,363650526,321428618,2102188,31563,3550,4801359526,020 WATER OPERATING FUND,28 WATER
2018,1,4,04 EQUIPMENT,420,OFFICE EQUIPMENT                    0420,20,28,1700,4801361226,4801361226,363652226,321430318,2103888,31563,5250,4801361226,020 WATER OPERATING FUND,28 WATER
2018,1,4,04 EQUIPMENT,420,OFFICE EQUIPMENT                    0420,20,28,9500,4801370726,4801370726,363661726,321439818,2113388,31563,14750,4801370726,020 WATER OPERATING FUND,28 WATER
2018,1,4,04 EQUIPMENT,420,OFFICE EQUIPMENT                    0420,20,28,5000,4801375726,4801375726,363666726,321444818,2118388,31563,19750,4801375726,020 WATER OPERATING FUND,28 WATER
2018,1,4,04 EQUIPMENT,420,OFFICE EQUIPMENT                    0420,20,28,2000,4801377726,4801377726,363668726,321446818,2120388,31563,21750,4801377726,020 WATER OPERATING FUND,28 WATER
2018,1,4,04 EQUIPMENT,420,OFFICE EQUIPMENT                    0420,20,28,1313,4801379039,4801379039,363670039,321448131,2121701,31563,23063,4801379039,020 WATER OPERATING FUND,28 WATER
2018,1,4,04 EQUIPMENT,420,OFFICE EQUIPMENT                    0420,20,28,8500,4801387539,4801387539,363678539,321456631,2130201,31563,31563,4801387539,020 WATER OPERATING FUND,28 WATER
2018,1,4,04 EQUIPMENT,423,PLUMBING/AIR CONDITIONING/SPACE HTG 0423,20,28,6000,4801393539,4801393539,363684539,321462631,2136201,248993,6000,4801393539,020 WATER OPERATING FUND,28 WATER
2018,1,4,04 EQUIPMENT,423,PLUMBING/AIR CONDITIONING/SPACE HTG 0423,20,28,6000,4801399539,4801399539,363690539,321468631,2142201,248993,12000,4801399539,020 WATER OPERATING FUND,28 WATER
2018,1,4,04 EQUIPMENT,423,PLUMBING/AIR CONDITIONING/SPACE HTG 0423,20,28,4250,4801403789,4801403789,363694789,321472881,2146451,248993,16250,4801403789,020 WATER OPERATING FUND,28 WATER
2018,1,4,04 EQUIPMENT,423,PLUMBING/AIR CONDITIONING/SPACE HTG 0423,20,28,66000,4801469789,4801469789,363760789,321538881,2212451,248993,82250,4801469789,020 WATER OPERATING FUND,28 WATER
2018,1,4,04 EQUIPMENT,423,PLUMBING/AIR CONDITIONING/SPACE HTG 0423,20,28,70000,4801539789,4801539789,363830789,321608881,2282451,248993,152250,4801539789,020 WATER OPERATING FUND,28 WATER
2018,1,4,04 EQUIPMENT,423,PLUMBING/AIR CONDITIONING/SPACE HTG 0423,20,28,3193,4801542982,4801542982,363833982,321612074,2285644,248993,155443,4801542982,020 WATER OPERATING FUND,28 WATER
2018,1,4,04 EQUIPMENT,423,PLUMBING/AIR CONDITIONING/SPACE HTG 0423,20,28,43000,4801585982,4801585982,363876982,321655074,2328644,248993,198443,4801585982,020 WATER OPERATING FUND,28 WATER
2018,1,4,04 EQUIPMENT,423,PLUMBING/AIR CONDITIONING/SPACE HTG 0423,20,28,48000,4801633982,4801633982,363924982,321703074,2376644,248993,246443,4801633982,020 WATER OPERATING FUND,28 WATER
2018,1,4,04 EQUIPMENT,423,PLUMBING/AIR CONDITIONING/SPACE HTG 0423,20,28,2550,4801636532,4801636532,363927532,321705624,2379194,248993,248993,4801636532,020 WATER OPERATING FUND,28 WATER
2018,1,4,04 EQUIPMENT,424,"PRECISION, PHOTOGRAPHIC AND ARTIST  0424",20,28,1000,4801637532,4801637532,363928532,321706624,2380194,196473,1000,4801637532,020 WATER OPERATING FUND,28 WATER
2018,1,4,04 EQUIPMENT,424,"PRECISION, PHOTOGRAPHIC AND ARTIST  0424",20,28,300,4801637832,4801637832,363928832,321706924,2380494,196473,1300,4801637832,020 WATER OPERATING FUND,28 WATER
2018,1,4,04 EQUIPMENT,424,"PRECISION, PHOTOGRAPHIC AND ARTIST  0424",20,28,4250,4801642082,4801642082,363933082,321711174,2384744,196473,5550,4801642082,020 WATER OPERATING FUND,28 WATER
2018,1,4,04 EQUIPMENT,424,"PRECISION, PHOTOGRAPHIC AND ARTIST  0424",20,28,2000,4801644082,4801644082,363935082,321713174,2386744,196473,7550,4801644082,020 WATER OPERATING FUND,28 WATER
2018,1,4,04 EQUIPMENT,424,"PRECISION, PHOTOGRAPHIC AND ARTIST  0424",20,28,13000,4801657082,4801657082,363948082,321726174,2399744,196473,20550,4801657082,020 WATER OPERATING FUND,28 WATER
2018,1,4,04 EQUIPMENT,424,"PRECISION, PHOTOGRAPHIC AND ARTIST  0424",20,28,8500,4801665582,4801665582,363956582,321734674,2408244,196473,29050,4801665582,020 WATER OPERATING FUND,28 WATER
2018,1,4,04 EQUIPMENT,424,"PRECISION, PHOTOGRAPHIC AND ARTIST  0424",20,28,7500,4801673082,4801673082,363964082,321742174,2415744,196473,36550,4801673082,020 WATER OPERATING FUND,28 WATER
2018,1,4,04 EQUIPMENT,424,"PRECISION, PHOTOGRAPHIC AND ARTIST  0424",20,28,2500,4801675582,4801675582,363966582,321744674,2418244,196473,39050,4801675582,020 WATER OPERATING FUND,28 WATER
2018,1,4,04 EQUIPMENT,424,"PRECISION, PHOTOGRAPHIC AND ARTIST  0424",20,28,1000,4801676582,4801676582,363967582,321745674,2419244,196473,40050,4801676582,020 WATER OPERATING FUND,28 WATER
2018,1,4,04 EQUIPMENT,424,"PRECISION, PHOTOGRAPHIC AND ARTIST  0424",20,28,2500,4801679082,4801679082,363970082,321748174,2421744,196473,42550,4801679082,020 WATER OPERATING FUND,28 WATER
2018,1,4,04 EQUIPMENT,424,"PRECISION, PHOTOGRAPHIC AND ARTIST  0424",20,28,438,4801679520,4801679520,363970520,321748612,2422182,196473,42988,4801679520,020 WATER OPERATING FUND,28 WATER
2018,1,4,04 EQUIPMENT,424,"PRECISION, PHOTOGRAPHIC AND ARTIST  0424",20,28,15450,4801694970,4801694970,363985970,321764062,2437632,196473,58438,4801694970,020 WATER OPERATING FUND,28 WATER
2018,1,4,04 EQUIPMENT,424,"PRECISION, PHOTOGRAPHIC AND ARTIST  0424",20,28,60900,4801755870,4801755870,364046870,321824962,2498532,196473,119338,4801755870,020 WATER OPERATING FUND,28 WATER
2018,1,4,04 EQUIPMENT,424,"PRECISION, PHOTOGRAPHIC AND ARTIST  0424",20,28,2985,4801758855,4801758855,364049855,321827947,2501517,196473,122323,4801758855,020 WATER OPERATING FUND,28 WATER
2018,1,4,04 EQUIPMENT,424,"PRECISION, PHOTOGRAPHIC AND ARTIST  0424",20,28,5150,4801764005,4801764005,364055005,321833097,2506667,196473,127473,4801764005,020 WATER OPERATING FUND,28 WATER
2018,1,4,04 EQUIPMENT,424,"PRECISION, PHOTOGRAPHIC AND ARTIST  0424",20,28,43000,4801807005,4801807005,364098005,321876097,2549667,196473,170473,4801807005,020 WATER OPERATING FUND,28 WATER
2018,1,4,04 EQUIPMENT,424,"PRECISION, PHOTOGRAPHIC AND ARTIST  0424",20,28,26000,4801833005,4801833005,364124005,321902097,2575667,196473,196473,4801833005,020 WATER OPERATING FUND,28 WATER
2018,1,4,04 EQUIPMENT,427,COMPUTER EQUIPMENT & PERIPHERALS    0427,20,28,5100,4801838105,4801838105,364129105,321907197,2580767,50100,5100,4801838105,020 WATER OPERATING FUND,28 WATER
2018,1,4,04 EQUIPMENT,427,COMPUTER EQUIPMENT & PERIPHERALS    0427,20,28,45000,4801883105,4801883105,364174105,321952197,2625767,50100,50100,4801883105,020 WATER OPERATING FUND,28 WATER
2018,1,4,04 EQUIPMENT,430,FURNITURE AND FURNISHINGS           0430,20,28,42500,4801925605,4801925605,364216605,321994697,2668267,895724,42500,4801925605,020 WATER OPERATING FUND,28 WATER
2018,1,4,04 EQUIPMENT,430,FURNITURE AND FURNISHINGS           0430,20,28,15900,4801941505,4801941505,364232505,322010597,2684167,895724,58400,4801941505,020 WATER OPERATING FUND,28 WATER
2018,1,4,04 EQUIPMENT,430,FURNITURE AND FURNISHINGS           0430,20,28,10300,4801951805,4801951805,364242805,322020897,2694467,895724,68700,4801951805,020 WATER OPERATING FUND,28 WATER
2018,1,4,04 EQUIPMENT,430,FURNITURE AND FURNISHINGS           0430,20,28,25500,4801977305,4801977305,364268305,322046397,2719967,895724,94200,4801977305,020 WATER OPERATING FUND,28 WATER
2018,1,4,04 EQUIPMENT,430,FURNITURE AND FURNISHINGS           0430,20,28,10609,4801987914,4801987914,364278914,322057006,2730576,895724,104809,4801987914,020 WATER OPERATING FUND,28 WATER
2018,1,4,04 EQUIPMENT,430,FURNITURE AND FURNISHINGS           0430,20,28,8500,4801996414,4801996414,364287414,322065506,2739076,895724,113309,4801996414,020 WATER OPERATING FUND,28 WATER
2018,1,4,04 EQUIPMENT,430,FURNITURE AND FURNISHINGS           0430,20,28,12100,4802008514,4802008514,364299514,322077606,2751176,895724,125409,4802008514,020 WATER OPERATING FUND,28 WATER
2018,1,4,04 EQUIPMENT,430,FURNITURE AND FURNISHINGS           0430,20,28,8500,4802017014,4802017014,364308014,322086106,2759676,895724,133909,4802017014,020 WATER OPERATING FUND,28 WATER
2018,1,4,04 EQUIPMENT,430,FURNITURE AND FURNISHINGS           0430,20,28,3090,4802020104,4802020104,364311104,322089196,2762766,895724,136999,4802020104,020 WATER OPERATING FUND,28 WATER
2018,1,4,04 EQUIPMENT,430,FURNITURE AND FURNISHINGS           0430,20,28,27000,4802047104,4802047104,364338104,322116196,2789766,895724,163999,4802047104,020 WATER OPERATING FUND,28 WATER
2018,1,4,04 EQUIPMENT,430,FURNITURE AND FURNISHINGS           0430,20,28,2627,4802049731,4802049731,364340731,322118823,2792393,895724,166626,4802049731,020 WATER OPERATING FUND,28 WATER
2018,1,4,04 EQUIPMENT,430,FURNITURE AND FURNISHINGS           0430,20,28,8000,4802057731,4802057731,364348731,322126823,2800393,895724,174626,4802057731,020 WATER OPERATING FUND,28 WATER
2018,1,4,04 EQUIPMENT,430,FURNITURE AND FURNISHINGS           0430,20,28,550000,4802607731,4802607731,364898731,322676823,3350393,895724,724626,4802607731,020 WATER OPERATING FUND,28 WATER
2018,1,4,04 EQUIPMENT,430,FURNITURE AND FURNISHINGS           0430,20,28,1000,4802608731,4802608731,364899731,322677823,3351393,895724,725626,4802608731,020 WATER OPERATING FUND,28 WATER
2018,1,4,04 EQUIPMENT,430,FURNITURE AND FURNISHINGS           0430,20,28,17500,4802626231,4802626231,364917231,322695323,3368893,895724,743126,4802626231,020 WATER OPERATING FUND,28 WATER
2018,1,4,04 EQUIPMENT,430,FURNITURE AND FURNISHINGS           0430,20,28,8000,4802634231,4802634231,364925231,322703323,3376893,895724,751126,4802634231,020 WATER OPERATING FUND,28 WATER
2018,1,4,04 EQUIPMENT,430,FURNITURE AND FURNISHINGS           0430,20,28,1500,4802635731,4802635731,364926731,322704823,3378393,895724,752626,4802635731,020 WATER OPERATING FUND,28 WATER
2018,1,4,04 EQUIPMENT,430,FURNITURE AND FURNISHINGS           0430,20,28,4000,4802639731,4802639731,364930731,322708823,3382393,895724,756626,4802639731,020 WATER OPERATING FUND,28 WATER
2018,1,4,04 EQUIPMENT,430,FURNITURE AND FURNISHINGS           0430,20,28,7098,4802646829,4802646829,364937829,322715921,3389491,895724,763724,4802646829,020 WATER OPERATING FUND,28 WATER
2018,1,4,04 EQUIPMENT,430,FURNITURE AND FURNISHINGS           0430,20,28,30000,4802676829,4802676829,364967829,322745921,3419491,895724,793724,4802676829,020 WATER OPERATING FUND,28 WATER
2018,1,4,04 EQUIPMENT,430,FURNITURE AND FURNISHINGS           0430,20,28,5000,4802681829,4802681829,364972829,322750921,3424491,895724,798724,4802681829,020 WATER OPERATING FUND,28 WATER
2018,1,4,04 EQUIPMENT,430,FURNITURE AND FURNISHINGS           0430,20,28,46000,4802727829,4802727829,365018829,322796921,3470491,895724,844724,4802727829,020 WATER OPERATING FUND,28 WATER
2018,1,4,04 EQUIPMENT,430,FURNITURE AND FURNISHINGS           0430,20,28,10000,4802737829,4802737829,365028829,322806921,3480491,895724,854724,4802737829,020 WATER OPERATING FUND,28 WATER
2018,1,4,04 EQUIPMENT,430,FURNITURE AND FURNISHINGS           0430,20,28,2000,4802739829,4802739829,365030829,322808921,3482491,895724,856724,4802739829,020 WATER OPERATING FUND,28 WATER
2018,1,4,04 EQUIPMENT,430,FURNITURE AND FURNISHINGS           0430,20,28,5000,4802744829,4802744829,365035829,322813921,3487491,895724,861724,4802744829,020 WATER OPERATING FUND,28 WATER
2018,1,4,04 EQUIPMENT,430,FURNITURE AND FURNISHINGS           0430,20,28,15000,4802759829,4802759829,365050829,322828921,3502491,895724,876724,4802759829,020 WATER OPERATING FUND,28 WATER
2018,1,4,04 EQUIPMENT,430,FURNITURE AND FURNISHINGS           0430,20,28,4250,4802764079,4802764079,365055079,322833171,3506741,895724,880974,4802764079,020 WATER OPERATING FUND,28 WATER
2018,1,4,04 EQUIPMENT,430,FURNITURE AND FURNISHINGS           0430,20,28,1500,4802765579,4802765579,365056579,322834671,3508241,895724,882474,4802765579,020 WATER OPERATING FUND,28 WATER
2018,1,4,04 EQUIPMENT,430,FURNITURE AND FURNISHINGS           0430,20,28,2000,4802767579,4802767579,365058579,322836671,3510241,895724,884474,4802767579,020 WATER OPERATING FUND,28 WATER
2018,1,4,04 EQUIPMENT,430,FURNITURE AND FURNISHINGS           0430,20,28,4250,4802771829,4802771829,365062829,322840921,3514491,895724,888724,4802771829,020 WATER OPERATING FUND,28 WATER
2018,1,4,04 EQUIPMENT,430,FURNITURE AND FURNISHINGS           0430,20,28,2000,4802773829,4802773829,365064829,322842921,3516491,895724,890724,4802773829,020 WATER OPERATING FUND,28 WATER
2018,1,4,04 EQUIPMENT,430,FURNITURE AND FURNISHINGS           0430,20,28,5000,4802778829,4802778829,365069829,322847921,3521491,895724,895724,4802778829,020 WATER OPERATING FUND,28 WATER
2018,1,4,04 EQUIPMENT,499,OTHER EQUIPMENT (NOC)               0499,20,28,20000,4802798829,4802798829,365089829,322867921,3541491,28687,20000,4802798829,020 WATER OPERATING FUND,28 WATER
2018,1,4,04 EQUIPMENT,499,OTHER EQUIPMENT (NOC)               0499,20,28,1000,4802799829,4802799829,365090829,322868921,3542491,28687,21000,4802799829,020 WATER OPERATING FUND,28 WATER
2018,1,4,04 EQUIPMENT,499,OTHER EQUIPMENT (NOC)               0499,20,28,3000,4802802829,4802802829,365093829,322871921,3545491,28687,24000,4802802829,020 WATER OPERATING FUND,28 WATER
2018,1,4,04 EQUIPMENT,499,OTHER EQUIPMENT (NOC)               0499,20,28,4687,4802807516,4802807516,365098516,322876608,3550178,28687,28687,4802807516,020 WATER OPERATING FUND,28 WATER
2018,1,5,"05 CONTRIBUTIONS,INDEMNITIES,REFDS,TAXES",504,MERITORIOUS AWARDS                  0504,20,28,100000,4802907516,4802907516,365198516,322976608,100000,100000,100000,4802907516,020 WATER OPERATING FUND,28 WATER
2018,1,5,"05 CONTRIBUTIONS,INDEMNITIES,REFDS,TAXES",517,CONTRIBUTIONS-GOV & NON-PROF NOT ED 0517,20,28,500000,4803407516,4803407516,365698516,323476608,600000,500000,500000,4803407516,020 WATER OPERATING FUND,28 WATER
2018,1,8,08 PAYMENTS TO OTHER FUNDS,801,PAYMENTS TO GENERAL FUND            0801,20,28,11000000,4814407516,4814407516,376698516,334476608,11000000,11000000,11000000,4814407516,020 WATER OPERATING FUND,28 WATER
2018,1,8,08 PAYMENTS TO OTHER FUNDS,804,PAYMENTS TO CAPITAL PROJECTS FUND   0804,20,28,23000000,4837407516,4837407516,399698516,357476608,34000000,23000000,23000000,4837407516,020 WATER OPERATING FUND,28 WATER
2018,1,8,08 PAYMENTS TO OTHER FUNDS,811,PAYMENTS TO WATER RESIDUAL FUND     0811,20,28,37000000,4874407516,4874407516,436698516,394476608,71000000,37000000,37000000,4874407516,020 WATER OPERATING FUND,28 WATER
2018,1,1,01 PERSONAL SERVICES,186,FLEX CASH                           0186,20,35,35000,4874442516,4874442516,436733516,35000,35000,35000,35000,4874442516,020 WATER OPERATING FUND,35 DIRECTOR OF FINANCE
2018,1,1,01 PERSONAL SERVICES,187,WORKER'S COMP-DISABILITY COMP       0187,20,35,2500000,4876942516,4876942516,439233516,2535000,2535000,2500000,2500000,4876942516,020 WATER OPERATING FUND,35 DIRECTOR OF FINANCE
2018,1,1,01 PERSONAL SERVICES,188,WORKER'S COMP-MEDICAL               0188,20,35,2200000,4879142516,4879142516,441433516,4735000,4735000,2200000,2200000,4879142516,020 WATER OPERATING FUND,35 DIRECTOR OF FINANCE
2018,1,1,01 PERSONAL SERVICES,189,MEDICARE TAX                        0189,20,35,1957000,4881099516,4881099516,443390516,6692000,6692000,1957000,1957000,4881099516,020 WATER OPERATING FUND,35 DIRECTOR OF FINANCE
2018,1,1,01 PERSONAL SERVICES,190,PENSION-OBLIGATION BOND PAYMENTS    0190,20,35,12475000,4893574516,4893574516,455865516,19167000,19167000,12475000,12475000,4893574516,020 WATER OPERATING FUND,35 DIRECTOR OF FINANCE
2018,1,1,01 PERSONAL SERVICES,191,PENSION-ACTUAL                      0191,20,35,54652000,4948226516,4948226516,510517516,73819000,73819000,54652000,54652000,4948226516,020 WATER OPERATING FUND,35 DIRECTOR OF FINANCE
2018,1,1,01 PERSONAL SERVICES,192,FICA TAXES                          0192,20,35,7828000,4956054516,4956054516,518345516,81647000,81647000,7828000,7828000,4956054516,020 WATER OPERATING FUND,35 DIRECTOR OF FINANCE
2018,1,1,01 PERSONAL SERVICES,193,MEDICAL HEALTH & WELFARE CREDIT     0193,20,35,39514283,4995568799,4995568799,557859799,121161283,121161283,39514283,39514283,4995568799,020 WATER OPERATING FUND,35 DIRECTOR OF FINANCE
2018,1,1,01 PERSONAL SERVICES,194,GROUP LIFE INSURANCE                0194,20,35,194000,4995762799,4995762799,558053799,121355283,121355283,194000,194000,4995762799,020 WATER OPERATING FUND,35 DIRECTOR OF FINANCE
2018,1,1,01 PERSONAL SERVICES,195,GROUP LEGAL INSURANCE               0195,20,35,362000,4996124799,4996124799,558415799,121717283,121717283,362000,362000,4996124799,020 WATER OPERATING FUND,35 DIRECTOR OF FINANCE
2018,1,1,01 PERSONAL SERVICES,196,UNEMPLOYMENT COMP INSURANCE         0196,20,35,350000,4996474799,4996474799,558765799,122067283,122067283,350000,350000,4996474799,020 WATER OPERATING FUND,35 DIRECTOR OF FINANCE
2018,1,1,01 PERSONAL SERVICES,197,AUTO MECHANIC TOOL INSURANCE        0197,20,35,65000,4996539799,4996539799,558830799,122132283,122132283,65000,65000,4996539799,020 WATER OPERATING FUND,35 DIRECTOR OF FINANCE
2018,1,5,"05 CONTRIBUTIONS,INDEMNITIES,REFDS,TAXES",513,INDEMNITIES-INTERDEPARTMENTAL TRANS 0513,20,35,6500000,5003039799,5003039799,565330799,128632283,6500000,6500000,6500000,5003039799,020 WATER OPERATING FUND,35 DIRECTOR OF FINANCE
2018,1,1,01 PERSONAL SERVICES,100,SALARY CONTROL                      0100,20,36,41000,5003080799,5003080799,565371799,41000,41000,41500,41000,5003080799,020 WATER OPERATING FUND,36 REVENUE
2018,1,1,01 PERSONAL SERVICES,100,SALARY CONTROL                      0100,20,36,500,5003081299,5003081299,565372299,41500,41500,41500,41500,5003081299,020 WATER OPERATING FUND,36 REVENUE
2018,1,1,01 PERSONAL SERVICES,101,PERM FULL TIME-CIVILIAN             0101,20,36,766759,5003848058,5003848058,566139058,808259,808259,9104093,766759,5003848058,020 WATER OPERATING FUND,36 REVENUE
2018,1,1,01 PERSONAL SERVICES,101,PERM FULL TIME-CIVILIAN             0101,20,36,6230641,5010078699,5010078699,572369699,7038900,7038900,9104093,6997400,5010078699,020 WATER OPERATING FUND,36 REVENUE
2018,1,1,01 PERSONAL SERVICES,101,PERM FULL TIME-CIVILIAN             0101,20,36,1313897,5011392596,5011392596,573683596,8352797,8352797,9104093,8311297,5011392596,020 WATER OPERATING FUND,36 REVENUE
2018,1,1,01 PERSONAL SERVICES,101,PERM FULL TIME-CIVILIAN             0101,20,36,792796,5012185392,5012185392,574476392,9145593,9145593,9104093,9104093,5012185392,020 WATER OPERATING FUND,36 REVENUE
2018,1,1,01 PERSONAL SERVICES,121,TEMPORARY/SEASONAL                  0121,20,36,50000,5012235392,5012235392,574526392,9195593,9195593,50000,50000,5012235392,020 WATER OPERATING FUND,36 REVENUE
2018,1,1,01 PERSONAL SERVICES,161,OVERTIME-CIVILIAN                   0161,20,36,500,5012235892,5012235892,574526892,9196093,9196093,554407,500,5012235892,020 WATER OPERATING FUND,36 REVENUE
2018,1,1,01 PERSONAL SERVICES,161,OVERTIME-CIVILIAN                   0161,20,36,75000,5012310892,5012310892,574601892,9271093,9271093,554407,75500,5012310892,020 WATER OPERATING FUND,36 REVENUE
2018,1,1,01 PERSONAL SERVICES,161,OVERTIME-CIVILIAN                   0161,20,36,388731,5012699623,5012699623,574990623,9659824,9659824,554407,464231,5012699623,020 WATER OPERATING FUND,36 REVENUE
2018,1,1,01 PERSONAL SERVICES,161,OVERTIME-CIVILIAN                   0161,20,36,90176,5012789799,5012789799,575080799,9750000,9750000,554407,554407,5012789799,020 WATER OPERATING FUND,36 REVENUE
2018,1,1,01 PERSONAL SERVICES,171,"HOLIDAY ""G""(2/3 SHIFTS)             0171",20,36,2500,5012792299,5012792299,575083299,9752500,9752500,5300,2500,5012792299,020 WATER OPERATING FUND,36 REVENUE
2018,1,1,01 PERSONAL SERVICES,171,"HOLIDAY ""G""(2/3 SHIFTS)             0171",20,36,2800,5012795099,5012795099,575086099,9755300,9755300,5300,5300,5012795099,020 WATER OPERATING FUND,36 REVENUE
2018,1,1,01 PERSONAL SERVICES,181,SHIFT                               0181,20,36,3900,5012798999,5012798999,575089999,9759200,9759200,3900,3900,5012798999,020 WATER OPERATING FUND,36 REVENUE
2018,1,2,02 PURCHASE OF SERVICES,201,CLEANING AND LAUNDERING             0201,20,36,1400,5012800399,5012800399,575091399,9760600,1400,1400,1400,5012800399,020 WATER OPERATING FUND,36 REVENUE
2018,1,2,02 PURCHASE OF SERVICES,205,REFUSE/GARBAGE/SILT/SLUDGE REMOVAL  0205,20,36,2000,5012802399,5012802399,575093399,9762600,3400,2000,2000,5012802399,020 WATER OPERATING FUND,36 REVENUE
2018,1,2,02 PURCHASE OF SERVICES,210,POSTAGE                             0210,20,36,3843000,5016645399,5016645399,578936399,13605600,3846400,3843000,3843000,5016645399,020 WATER OPERATING FUND,36 REVENUE
2018,1,2,02 PURCHASE OF SERVICES,211,TRANSPORTATION                      0211,20,36,500,5016645899,5016645899,578936899,13606100,3846900,69000,500,5016645899,020 WATER OPERATING FUND,36 REVENUE
2018,1,2,02 PURCHASE OF SERVICES,211,TRANSPORTATION                      0211,20,36,1500,5016647399,5016647399,578938399,13607600,3848400,69000,2000,5016647399,020 WATER OPERATING FUND,36 REVENUE
2018,1,2,02 PURCHASE OF SERVICES,211,TRANSPORTATION                      0211,20,36,67000,5016714399,5016714399,579005399,13674600,3915400,69000,69000,5016714399,020 WATER OPERATING FUND,36 REVENUE
2018,1,2,02 PURCHASE OF SERVICES,230,MEALS-NON-TRAVEL & OFFICL ENTERTAIN 0230,20,36,600,5016714999,5016714999,579005999,13675200,3916000,600,600,5016714999,020 WATER OPERATING FUND,36 REVENUE
2018,1,2,02 PURCHASE OF SERVICES,240,ADVERTISING/PROMOTIONAL ACTIVITIES  0240,20,36,6500,5016721499,5016721499,579012499,13681700,3922500,6500,6500,5016721499,020 WATER OPERATING FUND,36 REVENUE
2018,1,2,02 PURCHASE OF SERVICES,250,PROFESSIONAL CONSULT/SPEC SERVICES  0250,20,36,300000,5017021499,5017021499,579312499,13981700,4222500,580000,300000,5017021499,020 WATER OPERATING FUND,36 REVENUE
2018,1,2,02 PURCHASE OF SERVICES,250,PROFESSIONAL CONSULT/SPEC SERVICES  0250,20,36,194306,5017215805,5017215805,579506805,14176006,4416806,580000,494306,5017215805,020 WATER OPERATING FUND,36 REVENUE
2018,1,2,02 PURCHASE OF SERVICES,250,PROFESSIONAL CONSULT/SPEC SERVICES  0250,20,36,85694,5017301499,5017301499,579592499,14261700,4502500,580000,580000,5017301499,020 WATER OPERATING FUND,36 REVENUE
2018,1,2,02 PURCHASE OF SERVICES,251,INFORMATION TECHNOLOGY-PROF SERVICE 0251,20,36,130000,5017431499,5017431499,579722499,14391700,4632500,130000,130000,5017431499,020 WATER OPERATING FUND,36 REVENUE
2018,1,2,02 PURCHASE OF SERVICES,256,SEMINAR AND TRAINING SESSIONS       0256,20,36,70000,5017501499,5017501499,579792499,14461700,4702500,75000,70000,5017501499,020 WATER OPERATING FUND,36 REVENUE
2018,1,2,02 PURCHASE OF SERVICES,256,SEMINAR AND TRAINING SESSIONS       0256,20,36,5000,5017506499,5017506499,579797499,14466700,4707500,75000,75000,5017506499,020 WATER OPERATING FUND,36 REVENUE
2018,1,2,02 PURCHASE OF SERVICES,260,REPAIR AND MAINTENANCE CHARGES      0260,20,36,240000,5017746499,5017746499,580037499,14706700,4947500,298000,240000,5017746499,020 WATER OPERATING FUND,36 REVENUE
2018,1,2,02 PURCHASE OF SERVICES,260,REPAIR AND MAINTENANCE CHARGES      0260,20,36,58000,5017804499,5017804499,580095499,14764700,5005500,298000,298000,5017804499,020 WATER OPERATING FUND,36 REVENUE
2018,1,2,02 PURCHASE OF SERVICES,266,MAINT/SUPPORT-COMPUTR HARDWARE/SOFT 0266,20,36,12000,5017816499,5017816499,580107499,14776700,5017500,12000,12000,5017816499,020 WATER OPERATING FUND,36 REVENUE
2018,1,2,02 PURCHASE OF SERVICES,285,RENTS                               0285,20,36,5600,5017822099,5017822099,580113099,14782300,5023100,30600,5600,5017822099,020 WATER OPERATING FUND,36 REVENUE
2018,1,2,02 PURCHASE OF SERVICES,285,RENTS                               0285,20,36,25000,5017847099,5017847099,580138099,14807300,5048100,30600,30600,5017847099,020 WATER OPERATING FUND,36 REVENUE
2018,1,3,03 MATERIALS AND SUPPLIES,304,BOOKS AND OTHER PUBLICATIONS        0304,20,36,5000,5017852099,5017852099,580143099,14812300,5000,5000,5000,5017852099,020 WATER OPERATING FUND,36 REVENUE
2018,1,3,03 MATERIALS AND SUPPLIES,308,DRY GOODS/NOTIONS/WEARING APPAREL   0308,20,36,5000,5017857099,5017857099,580148099,14817300,10000,5000,5000,5017857099,020 WATER OPERATING FUND,36 REVENUE
2018,1,3,03 MATERIALS AND SUPPLIES,310,ELECTRICAL AND COMMUNICATION        0310,20,36,11966,5017869065,5017869065,580160065,14829266,21966,11966,11966,5017869065,020 WATER OPERATING FUND,36 REVENUE
2018,1,3,03 MATERIALS AND SUPPLIES,311,GENERAL EQUIPMENT AND MACHINERY     0311,20,36,400,5017869465,5017869465,580160465,14829666,22366,400,400,5017869465,020 WATER OPERATING FUND,36 REVENUE
2018,1,3,03 MATERIALS AND SUPPLIES,316,GENERAL HARDWARE AND MINOR TOOLS    0316,20,36,850,5017870315,5017870315,580161315,14830516,23216,850,850,5017870315,020 WATER OPERATING FUND,36 REVENUE
2018,1,3,03 MATERIALS AND SUPPLIES,317,HOSPITAL AND LABORATORY             0317,20,36,100,5017870415,5017870415,580161415,14830616,23316,100,100,5017870415,020 WATER OPERATING FUND,36 REVENUE
2018,1,3,03 MATERIALS AND SUPPLIES,318,"JANITORIAL, LAUNDRY AND HOUSEHOLD   0318",20,36,1200,5017871615,5017871615,580162615,14831816,24516,1200,1200,5017871615,020 WATER OPERATING FUND,36 REVENUE
2018,1,3,03 MATERIALS AND SUPPLIES,320,OFFICE MATERIALS AND SUPPLIES       0320,20,36,184755,5018056370,5018056370,580347370,15016571,209271,431534,184755,5018056370,020 WATER OPERATING FUND,36 REVENUE
2018,1,3,03 MATERIALS AND SUPPLIES,320,OFFICE MATERIALS AND SUPPLIES       0320,20,36,26779,5018083149,5018083149,580374149,15043350,236050,431534,211534,5018083149,020 WATER OPERATING FUND,36 REVENUE
2018,1,3,03 MATERIALS AND SUPPLIES,320,OFFICE MATERIALS AND SUPPLIES       0320,20,36,220000,5018303149,5018303149,580594149,15263350,456050,431534,431534,5018303149,020 WATER OPERATING FUND,36 REVENUE
2018,1,3,03 MATERIALS AND SUPPLIES,324,"PRECISION, PHOTOGRAPHIC AND ARTISTS 0324",20,36,30500,5018333649,5018333649,580624649,15293850,486550,30500,30500,5018333649,020 WATER OPERATING FUND,36 REVENUE
2018,1,3,03 MATERIALS AND SUPPLIES,325,PRINTING                            0325,20,36,64300,5018397949,5018397949,580688949,15358150,550850,64300,64300,5018397949,020 WATER OPERATING FUND,36 REVENUE
2018,1,3,03 MATERIALS AND SUPPLIES,326,RECREATIONAL AND EDUCATIONAL        0326,20,36,4000,5018401949,5018401949,580692949,15362150,554850,4000,4000,5018401949,020 WATER OPERATING FUND,36 REVENUE
2018,1,4,04 EQUIPMENT,420,OFFICE EQUIPMENT                    0420,20,36,25550,5018427499,5018427499,580718499,15387700,25550,107050,25550,5018427499,020 WATER OPERATING FUND,36 REVENUE
2018,1,4,04 EQUIPMENT,420,OFFICE EQUIPMENT                    0420,20,36,16500,5018443999,5018443999,580734999,15404200,42050,107050,42050,5018443999,020 WATER OPERATING FUND,36 REVENUE
2018,1,4,04 EQUIPMENT,420,OFFICE EQUIPMENT                    0420,20,36,65000,5018508999,5018508999,580799999,15469200,107050,107050,107050,5018508999,020 WATER OPERATING FUND,36 REVENUE
2018,1,4,04 EQUIPMENT,427,COMPUTER EQUIPMENT & PERIPHERALS    0427,20,36,16000,5018524999,5018524999,580815999,15485200,123050,16000,16000,5018524999,020 WATER OPERATING FUND,36 REVENUE
2018,1,4,04 EQUIPMENT,430,FURNITURE AND FURNISHINGS           0430,20,36,500000,5019024999,5019024999,581315999,15985200,623050,750000,500000,5019024999,020 WATER OPERATING FUND,36 REVENUE
2018,1,4,04 EQUIPMENT,430,FURNITURE AND FURNISHINGS           0430,20,36,250000,5019274999,5019274999,581565999,16235200,873050,750000,750000,5019274999,020 WATER OPERATING FUND,36 REVENUE
2018,1,4,04 EQUIPMENT,499,OTHER EQUIPMENT (NOC)               0499,20,36,500,5019275499,5019275499,581566499,16235700,873550,500,500,5019275499,020 WATER OPERATING FUND,36 REVENUE
2018,1,5,"05 CONTRIBUTIONS,INDEMNITIES,REFDS,TAXES",504,MERITORIOUS AWARDS                  0504,20,36,5000,5019280499,5019280499,581571499,16240700,5000,5000,5000,5019280499,020 WATER OPERATING FUND,36 REVENUE
2018,1,7,07 DEBT SERVICE,701,INTEREST ON CITY DEBT -- LONG-TERM  0701,20,37,89726197,5109006696,5109006696,671297696,89726197,89726197,89726197,89726197,5109006696,020 WATER OPERATING FUND,37 SINKING FUND COMMISSION
2018,1,7,07 DEBT SERVICE,702,PRINCIPAL PAYMENTS ON CITY DEBT-L/T 0702,20,37,149691339,5258698035,5258698035,820989035,239417536,239417536,149691339,149691339,5258698035,020 WATER OPERATING FUND,37 SINKING FUND COMMISSION
2018,1,7,07 DEBT SERVICE,705,COMMITMENT FEE EXPENSE              0705,20,37,750000,5259448035,5259448035,821739035,240167536,240167536,750000,750000,5259448035,020 WATER OPERATING FUND,37 SINKING FUND COMMISSION
2018,1,7,07 DEBT SERVICE,706,ARBITRAGE PAYMENTS                  0706,20,37,100000,5259548035,5259548035,821839035,240267536,240267536,100000,100000,5259548035,020 WATER OPERATING FUND,37 SINKING FUND COMMISSION
2018,1,1,01 PERSONAL SERVICES,101,PERM FULL TIME-CIVILIAN             0101,20,38,89261,5259637296,5259637296,821928296,89261,89261,89261,89261,5259637296,020 WATER OPERATING FUND,38 PROCUREMENT
2018,1,1,01 PERSONAL SERVICES,100,SALARY CONTROL                      0100,20,44,12000,5259649296,5259649296,821940296,12000,12000,12000,12000,5259649296,020 WATER OPERATING FUND,44 LAW
2018,1,1,01 PERSONAL SERVICES,101,PERM FULL TIME-CIVILIAN             0101,20,44,2431360,5262080656,5262080656,824371656,2443360,2443360,2431360,2431360,5262080656,020 WATER OPERATING FUND,44 LAW
2018,1,1,01 PERSONAL SERVICES,161,OVERTIME-CIVILIAN                   0161,20,44,62846,5262143502,5262143502,824434502,2506206,2506206,62846,62846,5262143502,020 WATER OPERATING FUND,44 LAW
2018,1,2,02 PURCHASE OF SERVICES,211,TRANSPORTATION                      0211,20,44,1000,5262144502,5262144502,824435502,2507206,1000,1000,1000,5262144502,020 WATER OPERATING FUND,44 LAW
2018,1,2,02 PURCHASE OF SERVICES,250,PROFESSIONAL CONSULT/SPEC SERVICES  0250,20,44,475620,5262620122,5262620122,824911122,2982826,476620,475620,475620,5262620122,020 WATER OPERATING FUND,44 LAW
2018,1,2,02 PURCHASE OF SERVICES,253,LEGAL SERVICES                      0253,20,44,50000,5262670122,5262670122,824961122,3032826,526620,50000,50000,5262670122,020 WATER OPERATING FUND,44 LAW
2018,1,2,02 PURCHASE OF SERVICES,257,ARCHITECTURAL & ENGINEERING SRVCS   0257,20,44,1451,5262671573,5262671573,824962573,3034277,528071,1451,1451,5262671573,020 WATER OPERATING FUND,44 LAW
2018,1,2,02 PURCHASE OF SERVICES,258,COURT REPORTERS                     0258,20,44,140000,5262811573,5262811573,825102573,3174277,668071,140000,140000,5262811573,020 WATER OPERATING FUND,44 LAW
2018,1,2,02 PURCHASE OF SERVICES,260,REPAIR AND MAINTENANCE CHARGES      0260,20,44,7000,5262818573,5262818573,825109573,3181277,675071,7000,7000,5262818573,020 WATER OPERATING FUND,44 LAW
2018,1,2,02 PURCHASE OF SERVICES,277,WITNESS FEES                        0277,20,44,1000,5262819573,5262819573,825110573,3182277,676071,1000,1000,5262819573,020 WATER OPERATING FUND,44 LAW
2018,1,2,02 PURCHASE OF SERVICES,285,RENTS                               0285,20,44,15543,5262835116,5262835116,825126116,3197820,691614,15543,15543,5262835116,020 WATER OPERATING FUND,44 LAW
2018,1,3,03 MATERIALS AND SUPPLIES,304,BOOKS AND OTHER PUBLICATIONS        0304,20,44,2000,5262837116,5262837116,825128116,3199820,2000,2000,2000,5262837116,020 WATER OPERATING FUND,44 LAW
2018,1,3,03 MATERIALS AND SUPPLIES,320,OFFICE MATERIALS AND SUPPLIES       0320,20,44,18000,5262855116,5262855116,825146116,3217820,20000,18000,18000,5262855116,020 WATER OPERATING FUND,44 LAW
2018,1,3,03 MATERIALS AND SUPPLIES,325,PRINTING                            0325,20,44,10000,5262865116,5262865116,825156116,3227820,30000,10000,10000,5262865116,020 WATER OPERATING FUND,44 LAW
2018,1,4,04 EQUIPMENT,424,"PRECISION, PHOTOGRAPHIC AND ARTIST  0424",20,44,13010,5262878126,5262878126,825169126,3240830,13010,13010,13010,5262878126,020 WATER OPERATING FUND,44 LAW
2018,1,1,01 PERSONAL SERVICES,101,PERM FULL TIME-CIVILIAN             0101,20,49,63874,5262942000,5262942000,825233000,63874,63874,63874,63874,5262942000,020 WATER OPERATING FUND,49 MAYOR-OFFICE OF SUSTAINABILITY
2018,1,2,02 PURCHASE OF SERVICES,220,ELECTRIC CURRENT-STRUCTURES/STREETS 0220,20,49,30000,5262972000,5262972000,825263000,93874,30000,30000,30000,5262972000,020 WATER OPERATING FUND,49 MAYOR-OFFICE OF SUSTAINABILITY
2018,1,1,01 PERSONAL SERVICES,101,PERM FULL TIME-CIVILIAN             0101,20,67,120000,5263092000,5263092000,825383000,120000,120000,120000,120000,5263092000,020 WATER OPERATING FUND,"67 PHI WATER,SEWER & STORMWTR RATE BOARD"
2018,1,2,02 PURCHASE OF SERVICES,240,ADVERTISING/PROMOTIONAL ACTIVITIES  0240,20,67,25000,5263117000,5263117000,825408000,145000,25000,25000,25000,5263117000,020 WATER OPERATING FUND,"67 PHI WATER,SEWER & STORMWTR RATE BOARD"
2018,1,2,02 PURCHASE OF SERVICES,250,PROFESSIONAL CONSULT/SPEC SERVICES  0250,20,67,800000,5263917000,5263917000,826208000,945000,825000,800000,800000,5263917000,020 WATER OPERATING FUND,"67 PHI WATER,SEWER & STORMWTR RATE BOARD"
2018,1,2,02 PURCHASE OF SERVICES,258,COURT REPORTERS                     0258,20,67,25000,5263942000,5263942000,826233000,970000,850000,25000,25000,5263942000,020 WATER OPERATING FUND,"67 PHI WATER,SEWER & STORMWTR RATE BOARD"
2018,1,1,01 PERSONAL SERVICES,101,PERM FULL TIME-CIVILIAN             0101,40,12,3609000,5267551000,5267551000,3609000,3609000,3609000,3734000,3609000,5267551000,040 COUNTY LIQUID FUELS TAX FUND,12 STREETS
2018,1,1,01 PERSONAL SERVICES,101,PERM FULL TIME-CIVILIAN             0101,40,12,125000,5267676000,5267676000,3734000,3734000,3734000,3734000,3734000,5267676000,040 COUNTY LIQUID FUELS TAX FUND,12 STREETS
2018,1,2,02 PURCHASE OF SERVICES,220,ELECTRIC CURRENT-STRUCTURES/STREETS 0220,40,12,651000,5268327000,5268327000,4385000,4385000,651000,651000,651000,5268327000,040 COUNTY LIQUID FUELS TAX FUND,12 STREETS
2018,1,2,02 PURCHASE OF SERVICES,250,PROFESSIONAL CONSULT/SPEC SERVICES  0250,40,12,2500000,5270827000,5270827000,6885000,6885000,3151000,2500000,2500000,5270827000,040 COUNTY LIQUID FUELS TAX FUND,12 STREETS
2018,1,2,02 PURCHASE OF SERVICES,260,REPAIR AND MAINTENANCE CHARGES      0260,40,12,330,5270827330,5270827330,6885330,6885330,3151330,96330,330,5270827330,040 COUNTY LIQUID FUELS TAX FUND,12 STREETS
2018,1,2,02 PURCHASE OF SERVICES,260,REPAIR AND MAINTENANCE CHARGES      0260,40,12,96000,5270923330,5270923330,6981330,6981330,3247330,96330,96330,5270923330,040 COUNTY LIQUID FUELS TAX FUND,12 STREETS
2018,1,8,08 PAYMENTS TO OTHER FUNDS,801,PAYMENTS TO GENERAL FUND            0801,40,12,18670,5270942000,5270942000,7000000,7000000,18670,18670,18670,5270942000,040 COUNTY LIQUID FUELS TAX FUND,12 STREETS
2018,1,1,01 PERSONAL SERVICES,101,PERM FULL TIME-CIVILIAN             0101,50,12,2000000,5272942000,5272942000,2000000,2000000,2000000,5357500,2000000,5272942000,050 SPECIAL GASOLINE TAX FUND,12 STREETS
2018,1,1,01 PERSONAL SERVICES,101,PERM FULL TIME-CIVILIAN             0101,50,12,2000000,5274942000,5274942000,4000000,4000000,4000000,5357500,4000000,5274942000,050 SPECIAL GASOLINE TAX FUND,12 STREETS
2018,1,1,01 PERSONAL SERVICES,101,PERM FULL TIME-CIVILIAN             0101,50,12,1357500,5276299500,5276299500,5357500,5357500,5357500,5357500,5357500,5276299500,050 SPECIAL GASOLINE TAX FUND,12 STREETS
2018,1,2,02 PURCHASE OF SERVICES,205,REFUSE/GARBAGE/SILT/SLUDGE REMOVAL  0205,50,12,250000,5276549500,5276549500,5607500,5607500,250000,250000,250000,5276549500,050 SPECIAL GASOLINE TAX FUND,12 STREETS
2018,1,2,02 PURCHASE OF SERVICES,220,ELECTRIC CURRENT-STRUCTURES/STREETS 0220,50,12,750000,5277299500,5277299500,6357500,6357500,1000000,15280424,750000,5277299500,050 SPECIAL GASOLINE TAX FUND,12 STREETS
2018,1,2,02 PURCHASE OF SERVICES,220,ELECTRIC CURRENT-STRUCTURES/STREETS 0220,50,12,14530424,5291829924,5291829924,20887924,20887924,15530424,15280424,15280424,5291829924,050 SPECIAL GASOLINE TAX FUND,12 STREETS
2018,1,2,02 PURCHASE OF SERVICES,260,REPAIR AND MAINTENANCE CHARGES      0260,50,12,1780000,5293609924,5293609924,22667924,22667924,17310424,2030000,1780000,5293609924,050 SPECIAL GASOLINE TAX FUND,12 STREETS
2018,1,2,02 PURCHASE OF SERVICES,260,REPAIR AND MAINTENANCE CHARGES      0260,50,12,250000,5293859924,5293859924,22917924,22917924,17560424,2030000,2030000,5293859924,050 SPECIAL GASOLINE TAX FUND,12 STREETS
2018,1,2,02 PURCHASE OF SERVICES,285,RENTS                               0285,50,12,550000,5294409924,5294409924,23467924,23467924,18110424,550000,550000,5294409924,050 SPECIAL GASOLINE TAX FUND,12 STREETS
2018,1,3,03 MATERIALS AND SUPPLIES,305,BUILDING AND CONSTRUCTION           0305,50,12,235000,5294644924,5294644924,23702924,23702924,235000,3335763,235000,5294644924,050 SPECIAL GASOLINE TAX FUND,12 STREETS
2018,1,3,03 MATERIALS AND SUPPLIES,305,BUILDING AND CONSTRUCTION           0305,50,12,3100763,5297745687,5297745687,26803687,26803687,3335763,3335763,3335763,5297745687,050 SPECIAL GASOLINE TAX FUND,12 STREETS
2018,1,3,03 MATERIALS AND SUPPLIES,307,CHEMICALS AND GASES                 0307,50,12,3000000,5300745687,5300745687,29803687,29803687,6335763,3000000,3000000,5300745687,050 SPECIAL GASOLINE TAX FUND,12 STREETS
2018,1,3,03 MATERIALS AND SUPPLIES,310,ELECTRICAL AND COMMUNICATION        0310,50,12,810000,5301555687,5301555687,30613687,30613687,7145763,1270000,810000,5301555687,050 SPECIAL GASOLINE TAX FUND,12 STREETS
2018,1,3,03 MATERIALS AND SUPPLIES,310,ELECTRICAL AND COMMUNICATION        0310,50,12,460000,5302015687,5302015687,31073687,31073687,7605763,1270000,1270000,5302015687,050 SPECIAL GASOLINE TAX FUND,12 STREETS
2018,1,3,03 MATERIALS AND SUPPLIES,311,GENERAL EQUIPMENT AND MACHINERY     0311,50,12,90000,5302105687,5302105687,31163687,31163687,7695763,90000,90000,5302105687,050 SPECIAL GASOLINE TAX FUND,12 STREETS
2018,1,3,03 MATERIALS AND SUPPLIES,312,FIRE FIGHTING AND SAFETY            0312,50,12,135000,5302240687,5302240687,31298687,31298687,7830763,135000,135000,5302240687,050 SPECIAL GASOLINE TAX FUND,12 STREETS
2018,1,3,03 MATERIALS AND SUPPLIES,316,GENERAL HARDWARE AND MINOR TOOLS    0316,50,12,125000,5302365687,5302365687,31423687,31423687,7955763,125000,125000,5302365687,050 SPECIAL GASOLINE TAX FUND,12 STREETS
2018,1,3,03 MATERIALS AND SUPPLIES,335,LUBRICANTS                          0335,50,12,85000,5302450687,5302450687,31508687,31508687,8040763,85000,85000,5302450687,050 SPECIAL GASOLINE TAX FUND,12 STREETS
2018,1,3,03 MATERIALS AND SUPPLIES,399,OTHER MATERIALS AND SUPPLIES (NOC)  0399,50,12,37805,5302488492,5302488492,31546492,31546492,8078568,37805,37805,5302488492,050 SPECIAL GASOLINE TAX FUND,12 STREETS
2018,1,4,04 EQUIPMENT,424,"PRECISION, PHOTOGRAPHIC AND ARTIST  0424",50,12,63508,5302552000,5302552000,31610000,31610000,63508,63508,63508,5302552000,050 SPECIAL GASOLINE TAX FUND,12 STREETS
2018,1,4,04 EQUIPMENT,428,VEHICLES -- MOTOR AND MOTORLESS     0428,50,12,6360000,5308912000,5308912000,37970000,37970000,6423508,6360000,6360000,5308912000,050 SPECIAL GASOLINE TAX FUND,12 STREETS
2018,1,8,08 PAYMENTS TO OTHER FUNDS,801,PAYMENTS TO GENERAL FUND            0801,50,12,10000,5308922000,5308922000,37980000,37980000,10000,30000,10000,5308922000,050 SPECIAL GASOLINE TAX FUND,12 STREETS
2018,1,8,08 PAYMENTS TO OTHER FUNDS,801,PAYMENTS TO GENERAL FUND            0801,50,12,10000,5308932000,5308932000,37990000,37990000,20000,30000,20000,5308932000,050 SPECIAL GASOLINE TAX FUND,12 STREETS
2018,1,8,08 PAYMENTS TO OTHER FUNDS,801,PAYMENTS TO GENERAL FUND            0801,50,12,10000,5308942000,5308942000,38000000,38000000,30000,30000,30000,5308942000,050 SPECIAL GASOLINE TAX FUND,12 STREETS
2018,1,1,01 PERSONAL SERVICES,191,PENSION-ACTUAL                      0191,50,35,500000,5309442000,5309442000,38500000,500000,500000,500000,500000,5309442000,050 SPECIAL GASOLINE TAX FUND,35 DIRECTOR OF FINANCE
2018,1,1,01 PERSONAL SERVICES,193,MEDICAL HEALTH & WELFARE CREDIT     0193,50,35,500000,5309942000,5309942000,39000000,1000000,1000000,500000,500000,5309942000,050 SPECIAL GASOLINE TAX FUND,35 DIRECTOR OF FINANCE
2018,1,2,02 PURCHASE OF SERVICES,209,TELEPHONE                           0209,60,15,50000,5309992000,5309992000,50000,50000,50000,50000,50000,5309992000,060 HEALTHCHOICES BEHAVIORAL HEALTH FD,15 OFFICE OF BH/MR SERVICES
2018,1,2,02 PURCHASE OF SERVICES,250,PROFESSIONAL CONSULT/SPEC SERVICES  0250,60,15,3909100,5313901100,5313901100,3959100,3959100,3959100,3909100,3909100,5313901100,060 HEALTHCHOICES BEHAVIORAL HEALTH FD,15 OFFICE OF BH/MR SERVICES
2018,1,2,02 PURCHASE OF SERVICES,252,ACCOUNTING AND AUDITING SERVICES    0252,60,15,150000,5314051100,5314051100,4109100,4109100,4109100,150000,150000,5314051100,060 HEALTHCHOICES BEHAVIORAL HEALTH FD,15 OFFICE OF BH/MR SERVICES
2018,1,2,02 PURCHASE OF SERVICES,254,MENTAL HEALTH & RETARDATION SERVICE 0254,60,15,1294290900,6608342000,6608342000,1298400000,1298400000,1298400000,1294290900,1294290900,6608342000,060 HEALTHCHOICES BEHAVIORAL HEALTH FD,15 OFFICE OF BH/MR SERVICES
2018,1,8,08 PAYMENTS TO OTHER FUNDS,807,PAYMENTS TO OTHER FUNDS             0807,60,15,1600000,6609942000,6609942000,1300000000,1300000000,1600000,1600000,1600000,6609942000,060 HEALTHCHOICES BEHAVIORAL HEALTH FD,15 OFFICE OF BH/MR SERVICES
2018,1,5,"05 CONTRIBUTIONS,INDEMNITIES,REFDS,TAXES",517,CONTRIBUTIONS-GOV & NON-PROF NOT ED 0517,70,42,70350000,6680292000,6680292000,70350000,70350000,70350000,70350000,70350000,6680292000,070 HOTEL TAX FUND,42 COMMERCE
2018,1,1,01 PERSONAL SERVICES,101,PERM FULL TIME-CIVILIAN             0101,80,4,5300,6680297300,6680297300,5300,5300,5300,235347,5300,6680297300,080 GRANTS REVENUE FUND,04 MDO-OFFICE OF TECHNOLOGY
2018,1,1,01 PERSONAL SERVICES,101,PERM FULL TIME-CIVILIAN             0101,80,4,230047,6680527347,6680527347,235347,235347,235347,235347,235347,6680527347,080 GRANTS REVENUE FUND,04 MDO-OFFICE OF TECHNOLOGY
2018,1,2,02 PURCHASE OF SERVICES,250,PROFESSIONAL CONSULT/SPEC SERVICES  0250,80,4,15100,6680542447,6680542447,250447,250447,15100,240100,15100,6680542447,080 GRANTS REVENUE FUND,04 MDO-OFFICE OF TECHNOLOGY
2018,1,2,02 PURCHASE OF SERVICES,250,PROFESSIONAL CONSULT/SPEC SERVICES  0250,80,4,225000,6680767447,6680767447,475447,475447,240100,240100,240100,6680767447,080 GRANTS REVENUE FUND,04 MDO-OFFICE OF TECHNOLOGY
2018,1,2,02 PURCHASE OF SERVICES,251,INFORMATION TECHNOLOGY-PROF SERVICE 0251,80,4,40000,6680807447,6680807447,515447,515447,280100,50000,40000,6680807447,080 GRANTS REVENUE FUND,04 MDO-OFFICE OF TECHNOLOGY
2018,1,2,02 PURCHASE OF SERVICES,251,INFORMATION TECHNOLOGY-PROF SERVICE 0251,80,4,10000,6680817447,6680817447,525447,525447,290100,50000,50000,6680817447,080 GRANTS REVENUE FUND,04 MDO-OFFICE OF TECHNOLOGY
2018,1,2,02 PURCHASE OF SERVICES,260,REPAIR AND MAINTENANCE CHARGES      0260,80,4,224839,6681042286,6681042286,750286,750286,514939,499839,224839,6681042286,080 GRANTS REVENUE FUND,04 MDO-OFFICE OF TECHNOLOGY
2018,1,2,02 PURCHASE OF SERVICES,260,REPAIR AND MAINTENANCE CHARGES      0260,80,4,275000,6681317286,6681317286,1025286,1025286,789939,499839,499839,6681317286,080 GRANTS REVENUE FUND,04 MDO-OFFICE OF TECHNOLOGY
2018,1,3,03 MATERIALS AND SUPPLIES,320,OFFICE MATERIALS AND SUPPLIES       0320,80,4,2000,6681319286,6681319286,1027286,1027286,2000,2000,2000,6681319286,080 GRANTS REVENUE FUND,04 MDO-OFFICE OF TECHNOLOGY
2018,1,3,03 MATERIALS AND SUPPLIES,399,OTHER MATERIALS AND SUPPLIES (NOC)  0399,80,4,441421,6681760707,6681760707,1468707,1468707,443421,441421,441421,6681760707,080 GRANTS REVENUE FUND,04 MDO-OFFICE OF TECHNOLOGY
2018,1,4,04 EQUIPMENT,427,COMPUTER EQUIPMENT & PERIPHERALS    0427,80,4,8450,6681769157,6681769157,1477157,1477157,8450,8450,8450,6681769157,080 GRANTS REVENUE FUND,04 MDO-OFFICE OF TECHNOLOGY
2018,1,8,08 PAYMENTS TO OTHER FUNDS,801,PAYMENTS TO GENERAL FUND            0801,80,4,53786944,6735556101,6735556101,55264101,55264101,53786944,53786944,53786944,6735556101,080 GRANTS REVENUE FUND,04 MDO-OFFICE OF TECHNOLOGY
2018,1,1,01 PERSONAL SERVICES,101,PERM FULL TIME-CIVILIAN             0101,80,5,34864,6735590965,6735590965,55298965,34864,34864,115714,34864,6735590965,080 GRANTS REVENUE FUND,05 MAYOR'S OFFICE
2018,1,1,01 PERSONAL SERVICES,101,PERM FULL TIME-CIVILIAN             0101,80,5,80850,6735671815,6735671815,55379815,115714,115714,115714,115714,6735671815,080 GRANTS REVENUE FUND,05 MAYOR'S OFFICE
2018,1,1,01 PERSONAL SERVICES,111,PERM PART TIME                      0111,80,5,69635,6735741450,6735741450,55449450,185349,185349,69635,69635,6735741450,080 GRANTS REVENUE FUND,05 MAYOR'S OFFICE
2018,1,1,01 PERSONAL SERVICES,121,TEMPORARY/SEASONAL                  0121,80,5,724157,6736465607,6736465607,56173607,909506,909506,724157,724157,6736465607,080 GRANTS REVENUE FUND,05 MAYOR'S OFFICE
2018,1,1,01 PERSONAL SERVICES,189,MEDICARE TAX                        0189,80,5,12682,6736478289,6736478289,56186289,922188,922188,13187,12682,6736478289,080 GRANTS REVENUE FUND,05 MAYOR'S OFFICE
2018,1,1,01 PERSONAL SERVICES,189,MEDICARE TAX                        0189,80,5,505,6736478794,6736478794,56186794,922693,922693,13187,13187,6736478794,080 GRANTS REVENUE FUND,05 MAYOR'S OFFICE
2018,1,1,01 PERSONAL SERVICES,192,FICA TAXES                          0192,80,5,54228,6736533022,6736533022,56241022,976921,976921,56390,54228,6736533022,080 GRANTS REVENUE FUND,05 MAYOR'S OFFICE
2018,1,1,01 PERSONAL SERVICES,192,FICA TAXES                          0192,80,5,2162,6736535184,6736535184,56243184,979083,979083,56390,56390,6736535184,080 GRANTS REVENUE FUND,05 MAYOR'S OFFICE
2018,1,2,02 PURCHASE OF SERVICES,299,OTHER EXPENSES (NOT OTHRWSE CLSSFD) 0299,80,5,735,6736535919,6736535919,56243919,979818,735,3337,735,6736535919,080 GRANTS REVENUE FUND,05 MAYOR'S OFFICE
2018,1,2,02 PURCHASE OF SERVICES,299,OTHER EXPENSES (NOT OTHRWSE CLSSFD) 0299,80,5,2602,6736538521,6736538521,56246521,982420,3337,3337,3337,6736538521,080 GRANTS REVENUE FUND,05 MAYOR'S OFFICE
2018,1,3,03 MATERIALS AND SUPPLIES,399,OTHER MATERIALS AND SUPPLIES (NOC)  0399,80,5,2607,6736541128,6736541128,56249128,985027,2607,2917,2607,6736541128,080 GRANTS REVENUE FUND,05 MAYOR'S OFFICE
2018,1,3,03 MATERIALS AND SUPPLIES,399,OTHER MATERIALS AND SUPPLIES (NOC)  0399,80,5,310,6736541438,6736541438,56249438,985337,2917,2917,2917,6736541438,080 GRANTS REVENUE FUND,05 MAYOR'S OFFICE
2018,1,4,04 EQUIPMENT,499,OTHER EQUIPMENT (NOC)               0499,80,5,598,6736542036,6736542036,56250036,985935,598,598,598,6736542036,080 GRANTS REVENUE FUND,05 MAYOR'S OFFICE
2018,1,1,01 PERSONAL SERVICES,100,SALARY CONTROL                      0100,80,8,2068186,6738610222,6738610222,58318222,2068186,2068186,2646348,2068186,6738610222,080 GRANTS REVENUE FUND,08 MAYOR'S OFFICE-COMMUNITY SERVICES
2018,1,1,01 PERSONAL SERVICES,100,SALARY CONTROL                      0100,80,8,97500,6738707722,6738707722,58415722,2165686,2165686,2646348,2165686,6738707722,080 GRANTS REVENUE FUND,08 MAYOR'S OFFICE-COMMUNITY SERVICES
2018,1,1,01 PERSONAL SERVICES,100,SALARY CONTROL                      0100,80,8,56810,6738764532,6738764532,58472532,2222496,2222496,2646348,2222496,6738764532,080 GRANTS REVENUE FUND,08 MAYOR'S OFFICE-COMMUNITY SERVICES
2018,1,1,01 PERSONAL SERVICES,100,SALARY CONTROL                      0100,80,8,423852,6739188384,6739188384,58896384,2646348,2646348,2646348,2646348,6739188384,080 GRANTS REVENUE FUND,08 MAYOR'S OFFICE-COMMUNITY SERVICES
2018,1,1,01 PERSONAL SERVICES,187,WORKER'S COMP-DISABILITY COMP       0187,80,8,11197,6739199581,6739199581,58907581,2657545,2657545,38386,11197,6739199581,080 GRANTS REVENUE FUND,08 MAYOR'S OFFICE-COMMUNITY SERVICES
2018,1,1,01 PERSONAL SERVICES,187,WORKER'S COMP-DISABILITY COMP       0187,80,8,26477,6739226058,6739226058,58934058,2684022,2684022,38386,37674,6739226058,080 GRANTS REVENUE FUND,08 MAYOR'S OFFICE-COMMUNITY SERVICES
2018,1,1,01 PERSONAL SERVICES,187,WORKER'S COMP-DISABILITY COMP       0187,80,8,712,6739226770,6739226770,58934770,2684734,2684734,38386,38386,6739226770,080 GRANTS REVENUE FUND,08 MAYOR'S OFFICE-COMMUNITY SERVICES
2018,1,1,01 PERSONAL SERVICES,189,MEDICARE TAX                        0189,80,8,315,6739227085,6739227085,58935085,2685049,2685049,12120,315,6739227085,080 GRANTS REVENUE FUND,08 MAYOR'S OFFICE-COMMUNITY SERVICES
2018,1,1,01 PERSONAL SERVICES,189,MEDICARE TAX                        0189,80,8,11805,6739238890,6739238890,58946890,2696854,2696854,12120,12120,6739238890,080 GRANTS REVENUE FUND,08 MAYOR'S OFFICE-COMMUNITY SERVICES
2018,1,1,01 PERSONAL SERVICES,191,PENSION-ACTUAL                      0191,80,8,34853,6739273743,6739273743,58981743,2731707,2731707,35684,34853,6739273743,080 GRANTS REVENUE FUND,08 MAYOR'S OFFICE-COMMUNITY SERVICES
2018,1,1,01 PERSONAL SERVICES,191,PENSION-ACTUAL                      0191,80,8,831,6739274574,6739274574,58982574,2732538,2732538,35684,35684,6739274574,080 GRANTS REVENUE FUND,08 MAYOR'S OFFICE-COMMUNITY SERVICES
2018,1,1,01 PERSONAL SERVICES,192,FICA TAXES                          0192,80,8,50473,6739325047,6739325047,59033047,2783011,2783011,84241,50473,6739325047,080 GRANTS REVENUE FUND,08 MAYOR'S OFFICE-COMMUNITY SERVICES
2018,1,1,01 PERSONAL SERVICES,192,FICA TAXES                          0192,80,8,1343,6739326390,6739326390,59034390,2784354,2784354,84241,51816,6739326390,080 GRANTS REVENUE FUND,08 MAYOR'S OFFICE-COMMUNITY SERVICES
2018,1,1,01 PERSONAL SERVICES,192,FICA TAXES                          0192,80,8,32425,6739358815,6739358815,59066815,2816779,2816779,84241,84241,6739358815,080 GRANTS REVENUE FUND,08 MAYOR'S OFFICE-COMMUNITY SERVICES
2018,1,1,01 PERSONAL SERVICES,193,MEDICAL HEALTH & WELFARE CREDIT     0193,80,8,7787,6739366602,6739366602,59074602,2824566,2824566,307570,7787,6739366602,080 GRANTS REVENUE FUND,08 MAYOR'S OFFICE-COMMUNITY SERVICES
2018,1,1,01 PERSONAL SERVICES,193,MEDICAL HEALTH & WELFARE CREDIT     0193,80,8,289488,6739656090,6739656090,59364090,3114054,3114054,307570,297275,6739656090,080 GRANTS REVENUE FUND,08 MAYOR'S OFFICE-COMMUNITY SERVICES
2018,1,1,01 PERSONAL SERVICES,193,MEDICAL HEALTH & WELFARE CREDIT     0193,80,8,10295,6739666385,6739666385,59374385,3124349,3124349,307570,307570,6739666385,080 GRANTS REVENUE FUND,08 MAYOR'S OFFICE-COMMUNITY SERVICES
2018,1,1,01 PERSONAL SERVICES,194,GROUP LIFE INSURANCE                0194,80,8,1773,6739668158,6739668158,59376158,3126122,3126122,2328,1773,6739668158,080 GRANTS REVENUE FUND,08 MAYOR'S OFFICE-COMMUNITY SERVICES
2018,1,1,01 PERSONAL SERVICES,194,GROUP LIFE INSURANCE                0194,80,8,14,6739668172,6739668172,59376172,3126136,3126136,2328,1787,6739668172,080 GRANTS REVENUE FUND,08 MAYOR'S OFFICE-COMMUNITY SERVICES
2018,1,1,01 PERSONAL SERVICES,194,GROUP LIFE INSURANCE                0194,80,8,541,6739668713,6739668713,59376713,3126677,3126677,2328,2328,6739668713,080 GRANTS REVENUE FUND,08 MAYOR'S OFFICE-COMMUNITY SERVICES
2018,1,2,02 PURCHASE OF SERVICES,299,OTHER EXPENSES (NOT OTHRWSE CLSSFD) 0299,80,8,130000,6739798713,6739798713,59506713,3256677,130000,16486379,130000,6739798713,080 GRANTS REVENUE FUND,08 MAYOR'S OFFICE-COMMUNITY SERVICES
2018,1,2,02 PURCHASE OF SERVICES,299,OTHER EXPENSES (NOT OTHRWSE CLSSFD) 0299,80,8,6199067,6745997780,6745997780,65705780,9455744,6329067,16486379,6329067,6745997780,080 GRANTS REVENUE FUND,08 MAYOR'S OFFICE-COMMUNITY SERVICES
2018,1,2,02 PURCHASE OF SERVICES,299,OTHER EXPENSES (NOT OTHRWSE CLSSFD) 0299,80,8,9781981,6755779761,6755779761,75487761,19237725,16111048,16486379,16111048,6755779761,080 GRANTS REVENUE FUND,08 MAYOR'S OFFICE-COMMUNITY SERVICES
2018,1,2,02 PURCHASE OF SERVICES,299,OTHER EXPENSES (NOT OTHRWSE CLSSFD) 0299,80,8,39465,6755819226,6755819226,75527226,19277190,16150513,16486379,16150513,6755819226,080 GRANTS REVENUE FUND,08 MAYOR'S OFFICE-COMMUNITY SERVICES
2018,1,2,02 PURCHASE OF SERVICES,299,OTHER EXPENSES (NOT OTHRWSE CLSSFD) 0299,80,8,254932,6756074158,6756074158,75782158,19532122,16405445,16486379,16405445,6756074158,080 GRANTS REVENUE FUND,08 MAYOR'S OFFICE-COMMUNITY SERVICES
2018,1,2,02 PURCHASE OF SERVICES,299,OTHER EXPENSES (NOT OTHRWSE CLSSFD) 0299,80,8,80934,6756155092,6756155092,75863092,19613056,16486379,16486379,16486379,6756155092,080 GRANTS REVENUE FUND,08 MAYOR'S OFFICE-COMMUNITY SERVICES
2018,1,3,03 MATERIALS AND SUPPLIES,399,OTHER MATERIALS AND SUPPLIES (NOC)  0399,80,8,9142,6756164234,6756164234,75872234,19622198,9142,14260,9142,6756164234,080 GRANTS REVENUE FUND,08 MAYOR'S OFFICE-COMMUNITY SERVICES
2018,1,3,03 MATERIALS AND SUPPLIES,399,OTHER MATERIALS AND SUPPLIES (NOC)  0399,80,8,5118,6756169352,6756169352,75877352,19627316,14260,14260,14260,6756169352,080 GRANTS REVENUE FUND,08 MAYOR'S OFFICE-COMMUNITY SERVICES
2018,1,4,04 EQUIPMENT,499,OTHER EQUIPMENT (NOC)               0499,80,8,30703,6756200055,6756200055,75908055,19658019,30703,50203,30703,6756200055,080 GRANTS REVENUE FUND,08 MAYOR'S OFFICE-COMMUNITY SERVICES
2018,1,4,04 EQUIPMENT,499,OTHER EQUIPMENT (NOC)               0499,80,8,19500,6756219555,6756219555,75927555,19677519,50203,50203,50203,6756219555,080 GRANTS REVENUE FUND,08 MAYOR'S OFFICE-COMMUNITY SERVICES
2018,1,1,01 PERSONAL SERVICES,101,PERM FULL TIME-CIVILIAN             0101,80,10,1078615,6757298170,6757298170,77006170,1078615,1078615,2672052,1078615,6757298170,080 GRANTS REVENUE FUND,10 MANAGING DIRECTOR
2018,1,1,01 PERSONAL SERVICES,101,PERM FULL TIME-CIVILIAN             0101,80,10,74500,6757372670,6757372670,77080670,1153115,1153115,2672052,1153115,6757372670,080 GRANTS REVENUE FUND,10 MANAGING DIRECTOR
2018,1,1,01 PERSONAL SERVICES,101,PERM FULL TIME-CIVILIAN             0101,80,10,286815,6757659485,6757659485,77367485,1439930,1439930,2672052,1439930,6757659485,080 GRANTS REVENUE FUND,10 MANAGING DIRECTOR
2018,1,1,01 PERSONAL SERVICES,101,PERM FULL TIME-CIVILIAN             0101,80,10,31913,6757691398,6757691398,77399398,1471843,1471843,2672052,1471843,6757691398,080 GRANTS REVENUE FUND,10 MANAGING DIRECTOR
2018,1,1,01 PERSONAL SERVICES,101,PERM FULL TIME-CIVILIAN             0101,80,10,50000,6757741398,6757741398,77449398,1521843,1521843,2672052,1521843,6757741398,080 GRANTS REVENUE FUND,10 MANAGING DIRECTOR
2018,1,1,01 PERSONAL SERVICES,101,PERM FULL TIME-CIVILIAN             0101,80,10,200000,6757941398,6757941398,77649398,1721843,1721843,2672052,1721843,6757941398,080 GRANTS REVENUE FUND,10 MANAGING DIRECTOR
2018,1,1,01 PERSONAL SERVICES,101,PERM FULL TIME-CIVILIAN             0101,80,10,600000,6758541398,6758541398,78249398,2321843,2321843,2672052,2321843,6758541398,080 GRANTS REVENUE FUND,10 MANAGING DIRECTOR
2018,1,1,01 PERSONAL SERVICES,101,PERM FULL TIME-CIVILIAN             0101,80,10,218578,6758759976,6758759976,78467976,2540421,2540421,2672052,2540421,6758759976,080 GRANTS REVENUE FUND,10 MANAGING DIRECTOR
2018,1,1,01 PERSONAL SERVICES,101,PERM FULL TIME-CIVILIAN             0101,80,10,55248,6758815224,6758815224,78523224,2595669,2595669,2672052,2595669,6758815224,080 GRANTS REVENUE FUND,10 MANAGING DIRECTOR
2018,1,1,01 PERSONAL SERVICES,101,PERM FULL TIME-CIVILIAN             0101,80,10,76383,6758891607,6758891607,78599607,2672052,2672052,2672052,2672052,6758891607,080 GRANTS REVENUE FUND,10 MANAGING DIRECTOR
2018,1,2,02 PURCHASE OF SERVICES,220,ELECTRIC CURRENT-STRUCTURES/STREETS 0220,80,10,10000,6758901607,6758901607,78609607,2682052,10000,10000,10000,6758901607,080 GRANTS REVENUE FUND,10 MANAGING DIRECTOR
2018,1,2,02 PURCHASE OF SERVICES,221,GAS SERVICES                        0221,80,10,2000,6758903607,6758903607,78611607,2684052,12000,2000,2000,6758903607,080 GRANTS REVENUE FUND,10 MANAGING DIRECTOR
2018,1,2,02 PURCHASE OF SERVICES,250,PROFESSIONAL CONSULT/SPEC SERVICES  0250,80,10,273413,6759177020,6759177020,78885020,2957465,285413,976322,273413,6759177020,080 GRANTS REVENUE FUND,10 MANAGING DIRECTOR
2018,1,2,02 PURCHASE OF SERVICES,250,PROFESSIONAL CONSULT/SPEC SERVICES  0250,80,10,20909,6759197929,6759197929,78905929,2978374,306322,976322,294322,6759197929,080 GRANTS REVENUE FUND,10 MANAGING DIRECTOR
2018,1,2,02 PURCHASE OF SERVICES,250,PROFESSIONAL CONSULT/SPEC SERVICES  0250,80,10,682000,6759879929,6759879929,79587929,3660374,988322,976322,976322,6759879929,080 GRANTS REVENUE FUND,10 MANAGING DIRECTOR
2018,1,2,02 PURCHASE OF SERVICES,284,GROUND AND BUILDING RENTAL          0284,80,10,1000000,6760879929,6760879929,80587929,4660374,1988322,1000000,1000000,6760879929,080 GRANTS REVENUE FUND,10 MANAGING DIRECTOR
2018,1,2,02 PURCHASE OF SERVICES,285,RENTS                               0285,80,10,188000,6761067929,6761067929,80775929,4848374,2176322,188000,188000,6761067929,080 GRANTS REVENUE FUND,10 MANAGING DIRECTOR
2018,1,2,02 PURCHASE OF SERVICES,290,PAYMENTS FOR CARE OF INDIVIDUALS    0290,80,10,500000,6761567929,6761567929,81275929,5348374,2676322,500000,500000,6761567929,080 GRANTS REVENUE FUND,10 MANAGING DIRECTOR
2018,1,2,02 PURCHASE OF SERVICES,299,OTHER EXPENSES (NOT OTHRWSE CLSSFD) 0299,80,10,42550,6761610479,6761610479,81318479,5390924,2718872,40301340,42550,6761610479,080 GRANTS REVENUE FUND,10 MANAGING DIRECTOR
2018,1,2,02 PURCHASE OF SERVICES,299,OTHER EXPENSES (NOT OTHRWSE CLSSFD) 0299,80,10,39400000,6801010479,6801010479,120718479,44790924,42118872,40301340,39442550,6801010479,080 GRANTS REVENUE FUND,10 MANAGING DIRECTOR
2018,1,2,02 PURCHASE OF SERVICES,299,OTHER EXPENSES (NOT OTHRWSE CLSSFD) 0299,80,10,21852,6801032331,6801032331,120740331,44812776,42140724,40301340,39464402,6801032331,080 GRANTS REVENUE FUND,10 MANAGING DIRECTOR
2018,1,2,02 PURCHASE OF SERVICES,299,OTHER EXPENSES (NOT OTHRWSE CLSSFD) 0299,80,10,1000,6801033331,6801033331,120741331,44813776,42141724,40301340,39465402,6801033331,080 GRANTS REVENUE FUND,10 MANAGING DIRECTOR
2018,1,2,02 PURCHASE OF SERVICES,299,OTHER EXPENSES (NOT OTHRWSE CLSSFD) 0299,80,10,835938,6801869269,6801869269,121577269,45649714,42977662,40301340,40301340,6801869269,080 GRANTS REVENUE FUND,10 MANAGING DIRECTOR
2018,1,3,03 MATERIALS AND SUPPLIES,399,OTHER MATERIALS AND SUPPLIES (NOC)  0399,80,10,12500,6801881769,6801881769,121589769,45662214,12500,186050,12500,6801881769,080 GRANTS REVENUE FUND,10 MANAGING DIRECTOR
2018,1,3,03 MATERIALS AND SUPPLIES,399,OTHER MATERIALS AND SUPPLIES (NOC)  0399,80,10,80400,6801962169,6801962169,121670169,45742614,92900,186050,92900,6801962169,080 GRANTS REVENUE FUND,10 MANAGING DIRECTOR
2018,1,3,03 MATERIALS AND SUPPLIES,399,OTHER MATERIALS AND SUPPLIES (NOC)  0399,80,10,2000,6801964169,6801964169,121672169,45744614,94900,186050,94900,6801964169,080 GRANTS REVENUE FUND,10 MANAGING DIRECTOR
2018,1,3,03 MATERIALS AND SUPPLIES,399,OTHER MATERIALS AND SUPPLIES (NOC)  0399,80,10,300,6801964469,6801964469,121672469,45744914,95200,186050,95200,6801964469,080 GRANTS REVENUE FUND,10 MANAGING DIRECTOR
2018,1,3,03 MATERIALS AND SUPPLIES,399,OTHER MATERIALS AND SUPPLIES (NOC)  0399,80,10,65650,6802030119,6802030119,121738119,45810564,160850,186050,160850,6802030119,080 GRANTS REVENUE FUND,10 MANAGING DIRECTOR
2018,1,3,03 MATERIALS AND SUPPLIES,399,OTHER MATERIALS AND SUPPLIES (NOC)  0399,80,10,5200,6802035319,6802035319,121743319,45815764,166050,186050,166050,6802035319,080 GRANTS REVENUE FUND,10 MANAGING DIRECTOR
2018,1,3,03 MATERIALS AND SUPPLIES,399,OTHER MATERIALS AND SUPPLIES (NOC)  0399,80,10,20000,6802055319,6802055319,121763319,45835764,186050,186050,186050,6802055319,080 GRANTS REVENUE FUND,10 MANAGING DIRECTOR
2018,1,4,04 EQUIPMENT,499,OTHER EQUIPMENT (NOC)               0499,80,10,561000,6802616319,6802616319,122324319,46396764,561000,594300,561000,6802616319,080 GRANTS REVENUE FUND,10 MANAGING DIRECTOR
2018,1,4,04 EQUIPMENT,499,OTHER EQUIPMENT (NOC)               0499,80,10,33300,6802649619,6802649619,122357619,46430064,594300,594300,594300,6802649619,080 GRANTS REVENUE FUND,10 MANAGING DIRECTOR
2018,1,1,01 PERSONAL SERVICES,100,SALARY CONTROL                      0100,80,11,1083112,6803732731,6803732731,123440731,1083112,1083112,4787965,1083112,6803732731,080 GRANTS REVENUE FUND,11 POLICE
2018,1,1,01 PERSONAL SERVICES,100,SALARY CONTROL                      0100,80,11,100000,6803832731,6803832731,123540731,1183112,1183112,4787965,1183112,6803832731,080 GRANTS REVENUE FUND,11 POLICE
2018,1,1,01 PERSONAL SERVICES,100,SALARY CONTROL                      0100,80,11,600000,6804432731,6804432731,124140731,1783112,1783112,4787965,1783112,6804432731,080 GRANTS REVENUE FUND,11 POLICE
2018,1,1,01 PERSONAL SERVICES,100,SALARY CONTROL                      0100,80,11,49627,6804482358,6804482358,124190358,1832739,1832739,4787965,1832739,6804482358,080 GRANTS REVENUE FUND,11 POLICE
2018,1,1,01 PERSONAL SERVICES,100,SALARY CONTROL                      0100,80,11,597201,6805079559,6805079559,124787559,2429940,2429940,4787965,2429940,6805079559,080 GRANTS REVENUE FUND,11 POLICE
2018,1,1,01 PERSONAL SERVICES,100,SALARY CONTROL                      0100,80,11,113145,6805192704,6805192704,124900704,2543085,2543085,4787965,2543085,6805192704,080 GRANTS REVENUE FUND,11 POLICE
2018,1,1,01 PERSONAL SERVICES,100,SALARY CONTROL                      0100,80,11,1605380,6806798084,6806798084,126506084,4148465,4148465,4787965,4148465,6806798084,080 GRANTS REVENUE FUND,11 POLICE
2018,1,1,01 PERSONAL SERVICES,100,SALARY CONTROL                      0100,80,11,639500,6807437584,6807437584,127145584,4787965,4787965,4787965,4787965,6807437584,080 GRANTS REVENUE FUND,11 POLICE
2018,1,1,01 PERSONAL SERVICES,101,PERM FULL TIME-CIVILIAN             0101,80,11,489985,6807927569,6807927569,127635569,5277950,5277950,489985,489985,6807927569,080 GRANTS REVENUE FUND,11 POLICE
2018,1,1,01 PERSONAL SERVICES,187,WORKER'S COMP-DISABILITY COMP       0187,80,11,48211,6807975780,6807975780,127683780,5326161,5326161,48211,48211,6807975780,080 GRANTS REVENUE FUND,11 POLICE
2018,1,1,01 PERSONAL SERVICES,189,MEDICARE TAX                        0189,80,11,12490,6807988270,6807988270,127696270,5338651,5338651,12490,12490,6807988270,080 GRANTS REVENUE FUND,11 POLICE
2018,1,1,01 PERSONAL SERVICES,191,PENSION-ACTUAL                      0191,80,11,91892,6808080162,6808080162,127788162,5430543,5430543,91892,91892,6808080162,080 GRANTS REVENUE FUND,11 POLICE
2018,1,1,01 PERSONAL SERVICES,193,MEDICAL HEALTH & WELFARE CREDIT     0193,80,11,185760,6808265922,6808265922,127973922,5616303,5616303,185760,185760,6808265922,080 GRANTS REVENUE FUND,11 POLICE
2018,1,1,01 PERSONAL SERVICES,194,GROUP LIFE INSURANCE                0194,80,11,1290,6808267212,6808267212,127975212,5617593,5617593,1290,1290,6808267212,080 GRANTS REVENUE FUND,11 POLICE
2018,1,1,01 PERSONAL SERVICES,195,GROUP LEGAL INSURANCE               0195,80,11,4104,6808271316,6808271316,127979316,5621697,5621697,4104,4104,6808271316,080 GRANTS REVENUE FUND,11 POLICE
2018,1,2,02 PURCHASE OF SERVICES,299,OTHER EXPENSES (NOT OTHRWSE CLSSFD) 0299,80,11,149980,6808421296,6808421296,128129296,5771677,149980,5825852,149980,6808421296,080 GRANTS REVENUE FUND,11 POLICE
2018,1,2,02 PURCHASE OF SERVICES,299,OTHER EXPENSES (NOT OTHRWSE CLSSFD) 0299,80,11,1133832,6809555128,6809555128,129263128,6905509,1283812,5825852,1283812,6809555128,080 GRANTS REVENUE FUND,11 POLICE
2018,1,2,02 PURCHASE OF SERVICES,299,OTHER EXPENSES (NOT OTHRWSE CLSSFD) 0299,80,11,3257009,6812812137,6812812137,132520137,10162518,4540821,5825852,4540821,6812812137,080 GRANTS REVENUE FUND,11 POLICE
2018,1,2,02 PURCHASE OF SERVICES,299,OTHER EXPENSES (NOT OTHRWSE CLSSFD) 0299,80,11,750000,6813562137,6813562137,133270137,10912518,5290821,5825852,5290821,6813562137,080 GRANTS REVENUE FUND,11 POLICE
2018,1,2,02 PURCHASE OF SERVICES,299,OTHER EXPENSES (NOT OTHRWSE CLSSFD) 0299,80,11,36843,6813598980,6813598980,133306980,10949361,5327664,5825852,5327664,6813598980,080 GRANTS REVENUE FUND,11 POLICE
2018,1,2,02 PURCHASE OF SERVICES,299,OTHER EXPENSES (NOT OTHRWSE CLSSFD) 0299,80,11,38834,6813637814,6813637814,133345814,10988195,5366498,5825852,5366498,6813637814,080 GRANTS REVENUE FUND,11 POLICE
2018,1,2,02 PURCHASE OF SERVICES,299,OTHER EXPENSES (NOT OTHRWSE CLSSFD) 0299,80,11,16074,6813653888,6813653888,133361888,11004269,5382572,5825852,5382572,6813653888,080 GRANTS REVENUE FUND,11 POLICE
2018,1,2,02 PURCHASE OF SERVICES,299,OTHER EXPENSES (NOT OTHRWSE CLSSFD) 0299,80,11,23280,6813677168,6813677168,133385168,11027549,5405852,5825852,5405852,6813677168,080 GRANTS REVENUE FUND,11 POLICE
2018,1,2,02 PURCHASE OF SERVICES,299,OTHER EXPENSES (NOT OTHRWSE CLSSFD) 0299,80,11,420000,6814097168,6814097168,133805168,11447549,5825852,5825852,5825852,6814097168,080 GRANTS REVENUE FUND,11 POLICE
2018,1,3,03 MATERIALS AND SUPPLIES,399,OTHER MATERIALS AND SUPPLIES (NOC)  0399,80,11,18021,6814115189,6814115189,133823189,11465570,18021,3593032,18021,6814115189,080 GRANTS REVENUE FUND,11 POLICE
2018,1,3,03 MATERIALS AND SUPPLIES,399,OTHER MATERIALS AND SUPPLIES (NOC)  0399,80,11,2082,6814117271,6814117271,133825271,11467652,20103,3593032,20103,6814117271,080 GRANTS REVENUE FUND,11 POLICE
2018,1,3,03 MATERIALS AND SUPPLIES,399,OTHER MATERIALS AND SUPPLIES (NOC)  0399,80,11,3000000,6817117271,6817117271,136825271,14467652,3020103,3593032,3020103,6817117271,080 GRANTS REVENUE FUND,11 POLICE
2018,1,3,03 MATERIALS AND SUPPLIES,399,OTHER MATERIALS AND SUPPLIES (NOC)  0399,80,11,32500,6817149771,6817149771,136857771,14500152,3052603,3593032,3052603,6817149771,080 GRANTS REVENUE FUND,11 POLICE
2018,1,3,03 MATERIALS AND SUPPLIES,399,OTHER MATERIALS AND SUPPLIES (NOC)  0399,80,11,500000,6817649771,6817649771,137357771,15000152,3552603,3593032,3552603,6817649771,080 GRANTS REVENUE FUND,11 POLICE
2018,1,3,03 MATERIALS AND SUPPLIES,399,OTHER MATERIALS AND SUPPLIES (NOC)  0399,80,11,9929,6817659700,6817659700,137367700,15010081,3562532,3593032,3562532,6817659700,080 GRANTS REVENUE FUND,11 POLICE
2018,1,3,03 MATERIALS AND SUPPLIES,399,OTHER MATERIALS AND SUPPLIES (NOC)  0399,80,11,30000,6817689700,6817689700,137397700,15040081,3592532,3593032,3592532,6817689700,080 GRANTS REVENUE FUND,11 POLICE
2018,1,3,03 MATERIALS AND SUPPLIES,399,OTHER MATERIALS AND SUPPLIES (NOC)  0399,80,11,500,6817690200,6817690200,137398200,15040581,3593032,3593032,3593032,6817690200,080 GRANTS REVENUE FUND,11 POLICE
2018,1,4,04 EQUIPMENT,499,OTHER EQUIPMENT (NOC)               0499,80,11,4050000,6821740200,6821740200,141448200,19090581,4050000,5542498,4050000,6821740200,080 GRANTS REVENUE FUND,11 POLICE
2018,1,4,04 EQUIPMENT,499,OTHER EQUIPMENT (NOC)               0499,80,11,104473,6821844673,6821844673,141552673,19195054,4154473,5542498,4154473,6821844673,080 GRANTS REVENUE FUND,11 POLICE
2018,1,4,04 EQUIPMENT,499,OTHER EQUIPMENT (NOC)               0499,80,11,62650,6821907323,6821907323,141615323,19257704,4217123,5542498,4217123,6821907323,080 GRANTS REVENUE FUND,11 POLICE
2018,1,4,04 EQUIPMENT,499,OTHER EQUIPMENT (NOC)               0499,80,11,400000,6822307323,6822307323,142015323,19657704,4617123,5542498,4617123,6822307323,080 GRANTS REVENUE FUND,11 POLICE
2018,1,4,04 EQUIPMENT,499,OTHER EQUIPMENT (NOC)               0499,80,11,175375,6822482698,6822482698,142190698,19833079,4792498,5542498,4792498,6822482698,080 GRANTS REVENUE FUND,11 POLICE
2018,1,4,04 EQUIPMENT,499,OTHER EQUIPMENT (NOC)               0499,80,11,750000,6823232698,6823232698,142940698,20583079,5542498,5542498,5542498,6823232698,080 GRANTS REVENUE FUND,11 POLICE
2018,1,1,01 PERSONAL SERVICES,101,PERM FULL TIME-CIVILIAN             0101,80,12,369000,6823601698,6823601698,143309698,369000,369000,1123000,369000,6823601698,080 GRANTS REVENUE FUND,12 STREETS
2018,1,1,01 PERSONAL SERVICES,101,PERM FULL TIME-CIVILIAN             0101,80,12,25000,6823626698,6823626698,143334698,394000,394000,1123000,394000,6823626698,080 GRANTS REVENUE FUND,12 STREETS
2018,1,1,01 PERSONAL SERVICES,101,PERM FULL TIME-CIVILIAN             0101,80,12,65000,6823691698,6823691698,143399698,459000,459000,1123000,459000,6823691698,080 GRANTS REVENUE FUND,12 STREETS
2018,1,1,01 PERSONAL SERVICES,101,PERM FULL TIME-CIVILIAN             0101,80,12,100000,6823791698,6823791698,143499698,559000,559000,1123000,559000,6823791698,080 GRANTS REVENUE FUND,12 STREETS
2018,1,1,01 PERSONAL SERVICES,101,PERM FULL TIME-CIVILIAN             0101,80,12,5000,6823796698,6823796698,143504698,564000,564000,1123000,564000,6823796698,080 GRANTS REVENUE FUND,12 STREETS
2018,1,1,01 PERSONAL SERVICES,101,PERM FULL TIME-CIVILIAN             0101,80,12,370000,6824166698,6824166698,143874698,934000,934000,1123000,934000,6824166698,080 GRANTS REVENUE FUND,12 STREETS
2018,1,1,01 PERSONAL SERVICES,101,PERM FULL TIME-CIVILIAN             0101,80,12,164000,6824330698,6824330698,144038698,1098000,1098000,1123000,1098000,6824330698,080 GRANTS REVENUE FUND,12 STREETS
2018,1,1,01 PERSONAL SERVICES,101,PERM FULL TIME-CIVILIAN             0101,80,12,25000,6824355698,6824355698,144063698,1123000,1123000,1123000,1123000,6824355698,080 GRANTS REVENUE FUND,12 STREETS
2018,1,1,01 PERSONAL SERVICES,190,PENSION-OBLIGATION BOND PAYMENTS    0190,80,12,76000,6824431698,6824431698,144139698,1199000,1199000,76000,76000,6824431698,080 GRANTS REVENUE FUND,12 STREETS
2018,1,2,02 PURCHASE OF SERVICES,299,OTHER EXPENSES (NOT OTHRWSE CLSSFD) 0299,80,12,1500000,6825931698,6825931698,145639698,2699000,1500000,25320000,1500000,6825931698,080 GRANTS REVENUE FUND,12 STREETS
2018,1,2,02 PURCHASE OF SERVICES,299,OTHER EXPENSES (NOT OTHRWSE CLSSFD) 0299,80,12,220000,6826151698,6826151698,145859698,2919000,1720000,25320000,1720000,6826151698,080 GRANTS REVENUE FUND,12 STREETS
2018,1,2,02 PURCHASE OF SERVICES,299,OTHER EXPENSES (NOT OTHRWSE CLSSFD) 0299,80,12,375000,6826526698,6826526698,146234698,3294000,2095000,25320000,2095000,6826526698,080 GRANTS REVENUE FUND,12 STREETS
2018,1,2,02 PURCHASE OF SERVICES,299,OTHER EXPENSES (NOT OTHRWSE CLSSFD) 0299,80,12,875000,6827401698,6827401698,147109698,4169000,2970000,25320000,2970000,6827401698,080 GRANTS REVENUE FUND,12 STREETS
2018,1,2,02 PURCHASE OF SERVICES,299,OTHER EXPENSES (NOT OTHRWSE CLSSFD) 0299,80,12,400000,6827801698,6827801698,147509698,4569000,3370000,25320000,3370000,6827801698,080 GRANTS REVENUE FUND,12 STREETS
2018,1,2,02 PURCHASE OF SERVICES,299,OTHER EXPENSES (NOT OTHRWSE CLSSFD) 0299,80,12,15685000,6843486698,6843486698,163194698,20254000,19055000,25320000,19055000,6843486698,080 GRANTS REVENUE FUND,12 STREETS
2018,1,2,02 PURCHASE OF SERVICES,299,OTHER EXPENSES (NOT OTHRWSE CLSSFD) 0299,80,12,1900000,6845386698,6845386698,165094698,22154000,20955000,25320000,20955000,6845386698,080 GRANTS REVENUE FUND,12 STREETS
2018,1,2,02 PURCHASE OF SERVICES,299,OTHER EXPENSES (NOT OTHRWSE CLSSFD) 0299,80,12,400000,6845786698,6845786698,165494698,22554000,21355000,25320000,21355000,6845786698,080 GRANTS REVENUE FUND,12 STREETS
2018,1,2,02 PURCHASE OF SERVICES,299,OTHER EXPENSES (NOT OTHRWSE CLSSFD) 0299,80,12,900000,6846686698,6846686698,166394698,23454000,22255000,25320000,22255000,6846686698,080 GRANTS REVENUE FUND,12 STREETS
2018,1,2,02 PURCHASE OF SERVICES,299,OTHER EXPENSES (NOT OTHRWSE CLSSFD) 0299,80,12,50000,6846736698,6846736698,166444698,23504000,22305000,25320000,22305000,6846736698,080 GRANTS REVENUE FUND,12 STREETS
2018,1,2,02 PURCHASE OF SERVICES,299,OTHER EXPENSES (NOT OTHRWSE CLSSFD) 0299,80,12,1920000,6848656698,6848656698,168364698,25424000,24225000,25320000,24225000,6848656698,080 GRANTS REVENUE FUND,12 STREETS
2018,1,2,02 PURCHASE OF SERVICES,299,OTHER EXPENSES (NOT OTHRWSE CLSSFD) 0299,80,12,20000,6848676698,6848676698,168384698,25444000,24245000,25320000,24245000,6848676698,080 GRANTS REVENUE FUND,12 STREETS
2018,1,2,02 PURCHASE OF SERVICES,299,OTHER EXPENSES (NOT OTHRWSE CLSSFD) 0299,80,12,80000,6848756698,6848756698,168464698,25524000,24325000,25320000,24325000,6848756698,080 GRANTS REVENUE FUND,12 STREETS
2018,1,2,02 PURCHASE OF SERVICES,299,OTHER EXPENSES (NOT OTHRWSE CLSSFD) 0299,80,12,995000,6849751698,6849751698,169459698,26519000,25320000,25320000,25320000,6849751698,080 GRANTS REVENUE FUND,12 STREETS
2018,1,3,03 MATERIALS AND SUPPLIES,399,OTHER MATERIALS AND SUPPLIES (NOC)  0399,80,12,1354000,6851105698,6851105698,170813698,27873000,1354000,4004000,1354000,6851105698,080 GRANTS REVENUE FUND,12 STREETS
2018,1,3,03 MATERIALS AND SUPPLIES,399,OTHER MATERIALS AND SUPPLIES (NOC)  0399,80,12,2450000,6853555698,6853555698,173263698,30323000,3804000,4004000,3804000,6853555698,080 GRANTS REVENUE FUND,12 STREETS
2018,1,3,03 MATERIALS AND SUPPLIES,399,OTHER MATERIALS AND SUPPLIES (NOC)  0399,80,12,100000,6853655698,6853655698,173363698,30423000,3904000,4004000,3904000,6853655698,080 GRANTS REVENUE FUND,12 STREETS
2018,1,3,03 MATERIALS AND SUPPLIES,399,OTHER MATERIALS AND SUPPLIES (NOC)  0399,80,12,100000,6853755698,6853755698,173463698,30523000,4004000,4004000,4004000,6853755698,080 GRANTS REVENUE FUND,12 STREETS
2018,1,4,04 EQUIPMENT,427,COMPUTER EQUIPMENT & PERIPHERALS    0427,80,12,5000,6853760698,6853760698,173468698,30528000,5000,5000,5000,6853760698,080 GRANTS REVENUE FUND,12 STREETS
2018,1,4,04 EQUIPMENT,499,OTHER EQUIPMENT (NOC)               0499,80,12,250000,6854010698,6854010698,173718698,30778000,255000,2100000,250000,6854010698,080 GRANTS REVENUE FUND,12 STREETS
2018,1,4,04 EQUIPMENT,499,OTHER EQUIPMENT (NOC)               0499,80,12,750000,6854760698,6854760698,174468698,31528000,1005000,2100000,1000000,6854760698,080 GRANTS REVENUE FUND,12 STREETS
2018,1,4,04 EQUIPMENT,499,OTHER EQUIPMENT (NOC)               0499,80,12,1100000,6855860698,6855860698,175568698,32628000,2105000,2100000,2100000,6855860698,080 GRANTS REVENUE FUND,12 STREETS
2018,1,1,01 PERSONAL SERVICES,101,PERM FULL TIME-CIVILIAN             0101,80,13,293205,6856153903,6856153903,175861903,293205,293205,293205,293205,6856153903,080 GRANTS REVENUE FUND,13 FIRE
2018,1,1,01 PERSONAL SERVICES,105,PERM FULL TIME-UNIFORM              0105,80,13,606221,6856760124,6856760124,176468124,899426,899426,10502906,606221,6856760124,080 GRANTS REVENUE FUND,13 FIRE
2018,1,1,01 PERSONAL SERVICES,105,PERM FULL TIME-UNIFORM              0105,80,13,6336685,6863096809,6863096809,182804809,7236111,7236111,10502906,6942906,6863096809,080 GRANTS REVENUE FUND,13 FIRE
2018,1,1,01 PERSONAL SERVICES,105,PERM FULL TIME-UNIFORM              0105,80,13,3060000,6866156809,6866156809,185864809,10296111,10296111,10502906,10002906,6866156809,080 GRANTS REVENUE FUND,13 FIRE
2018,1,1,01 PERSONAL SERVICES,105,PERM FULL TIME-UNIFORM              0105,80,13,500000,6866656809,6866656809,186364809,10796111,10796111,10502906,10502906,6866656809,080 GRANTS REVENUE FUND,13 FIRE
2018,1,1,01 PERSONAL SERVICES,187,WORKER'S COMP-DISABILITY COMP       0187,80,13,134653,6866791462,6866791462,186499462,10930764,10930764,146361,134653,6866791462,080 GRANTS REVENUE FUND,13 FIRE
2018,1,1,01 PERSONAL SERVICES,187,WORKER'S COMP-DISABILITY COMP       0187,80,13,11708,6866803170,6866803170,186511170,10942472,10942472,146361,146361,6866803170,080 GRANTS REVENUE FUND,13 FIRE
2018,1,1,01 PERSONAL SERVICES,189,MEDICARE TAX                        0189,80,13,6084,6866809254,6866809254,186517254,10948556,10948556,50167,6084,6866809254,080 GRANTS REVENUE FUND,13 FIRE
2018,1,1,01 PERSONAL SERVICES,189,MEDICARE TAX                        0189,80,13,44083,6866853337,6866853337,186561337,10992639,10992639,50167,50167,6866853337,080 GRANTS REVENUE FUND,13 FIRE
2018,1,1,01 PERSONAL SERVICES,190,PENSION-OBLIGATION BOND PAYMENTS    0190,80,13,1696,6866855033,6866855033,186563033,10994335,10994335,1696,1696,6866855033,080 GRANTS REVENUE FUND,13 FIRE
2018,1,1,01 PERSONAL SERVICES,191,PENSION-ACTUAL                      0191,80,13,268963,6867123996,6867123996,186831996,11263298,11263298,307607,268963,6867123996,080 GRANTS REVENUE FUND,13 FIRE
2018,1,1,01 PERSONAL SERVICES,191,PENSION-ACTUAL                      0191,80,13,38644,6867162640,6867162640,186870640,11301942,11301942,307607,307607,6867162640,080 GRANTS REVENUE FUND,13 FIRE
2018,1,1,01 PERSONAL SERVICES,192,FICA TAXES                          0192,80,13,9248,6867171888,6867171888,186879888,11311190,11311190,9248,9248,6867171888,080 GRANTS REVENUE FUND,13 FIRE
2018,1,1,01 PERSONAL SERVICES,193,MEDICAL HEALTH & WELFARE CREDIT     0193,80,13,39714,6867211602,6867211602,186919602,11350904,11350904,718363,39714,6867211602,080 GRANTS REVENUE FUND,13 FIRE
2018,1,1,01 PERSONAL SERVICES,193,MEDICAL HEALTH & WELFARE CREDIT     0193,80,13,678649,6867890251,6867890251,187598251,12029553,12029553,718363,718363,6867890251,080 GRANTS REVENUE FUND,13 FIRE
2018,1,1,01 PERSONAL SERVICES,194,GROUP LIFE INSURANCE                0194,80,13,532,6867890783,6867890783,187598783,12030085,12030085,8204,532,6867890783,080 GRANTS REVENUE FUND,13 FIRE
2018,1,1,01 PERSONAL SERVICES,194,GROUP LIFE INSURANCE                0194,80,13,7672,6867898455,6867898455,187606455,12037757,12037757,8204,8204,6867898455,080 GRANTS REVENUE FUND,13 FIRE
2018,1,1,01 PERSONAL SERVICES,195,GROUP LEGAL INSURANCE               0195,80,13,992,6867899447,6867899447,187607447,12038749,12038749,11984,992,6867899447,080 GRANTS REVENUE FUND,13 FIRE
2018,1,1,01 PERSONAL SERVICES,195,GROUP LEGAL INSURANCE               0195,80,13,10992,6867910439,6867910439,187618439,12049741,12049741,11984,11984,6867910439,080 GRANTS REVENUE FUND,13 FIRE
2018,1,2,02 PURCHASE OF SERVICES,299,OTHER EXPENSES (NOT OTHRWSE CLSSFD) 0299,80,13,500748,6868411187,6868411187,188119187,12550489,500748,6852077,500748,6868411187,080 GRANTS REVENUE FUND,13 FIRE
2018,1,2,02 PURCHASE OF SERVICES,299,OTHER EXPENSES (NOT OTHRWSE CLSSFD) 0299,80,13,131329,6868542516,6868542516,188250516,12681818,632077,6852077,632077,6868542516,080 GRANTS REVENUE FUND,13 FIRE
2018,1,2,02 PURCHASE OF SERVICES,299,OTHER EXPENSES (NOT OTHRWSE CLSSFD) 0299,80,13,6175000,6874717516,6874717516,194425516,18856818,6807077,6852077,6807077,6874717516,080 GRANTS REVENUE FUND,13 FIRE
2018,1,2,02 PURCHASE OF SERVICES,299,OTHER EXPENSES (NOT OTHRWSE CLSSFD) 0299,80,13,45000,6874762516,6874762516,194470516,18901818,6852077,6852077,6852077,6874762516,080 GRANTS REVENUE FUND,13 FIRE
2018,1,3,03 MATERIALS AND SUPPLIES,399,OTHER MATERIALS AND SUPPLIES (NOC)  0399,80,13,104329,6874866845,6874866845,194574845,19006147,104329,856911,104329,6874866845,080 GRANTS REVENUE FUND,13 FIRE
2018,1,3,03 MATERIALS AND SUPPLIES,399,OTHER MATERIALS AND SUPPLIES (NOC)  0399,80,13,8000,6874874845,6874874845,194582845,19014147,112329,856911,112329,6874874845,080 GRANTS REVENUE FUND,13 FIRE
2018,1,3,03 MATERIALS AND SUPPLIES,399,OTHER MATERIALS AND SUPPLIES (NOC)  0399,80,13,694582,6875569427,6875569427,195277427,19708729,806911,856911,806911,6875569427,080 GRANTS REVENUE FUND,13 FIRE
2018,1,3,03 MATERIALS AND SUPPLIES,399,OTHER MATERIALS AND SUPPLIES (NOC)  0399,80,13,50000,6875619427,6875619427,195327427,19758729,856911,856911,856911,6875619427,080 GRANTS REVENUE FUND,13 FIRE
2018,1,4,04 EQUIPMENT,428,VEHICLES -- MOTOR AND MOTORLESS     0428,80,13,110000,6875729427,6875729427,195437427,19868729,110000,110000,110000,6875729427,080 GRANTS REVENUE FUND,13 FIRE
2018,1,4,04 EQUIPMENT,499,OTHER EQUIPMENT (NOC)               0499,80,13,70333,6875799760,6875799760,195507760,19939062,180333,155333,70333,6875799760,080 GRANTS REVENUE FUND,13 FIRE
2018,1,4,04 EQUIPMENT,499,OTHER EQUIPMENT (NOC)               0499,80,13,40000,6875839760,6875839760,195547760,19979062,220333,155333,110333,6875839760,080 GRANTS REVENUE FUND,13 FIRE
2018,1,4,04 EQUIPMENT,499,OTHER EQUIPMENT (NOC)               0499,80,13,45000,6875884760,6875884760,195592760,20024062,265333,155333,155333,6875884760,080 GRANTS REVENUE FUND,13 FIRE
2018,1,1,01 PERSONAL SERVICES,101,PERM FULL TIME-CIVILIAN             0101,80,14,120000,6876004760,6876004760,195712760,120000,120000,13540000,120000,6876004760,080 GRANTS REVENUE FUND,14 HEALTH
2018,1,1,01 PERSONAL SERVICES,101,PERM FULL TIME-CIVILIAN             0101,80,14,200000,6876204760,6876204760,195912760,320000,320000,13540000,320000,6876204760,080 GRANTS REVENUE FUND,14 HEALTH
2018,1,1,01 PERSONAL SERVICES,101,PERM FULL TIME-CIVILIAN             0101,80,14,115000,6876319760,6876319760,196027760,435000,435000,13540000,435000,6876319760,080 GRANTS REVENUE FUND,14 HEALTH
2018,1,1,01 PERSONAL SERVICES,101,PERM FULL TIME-CIVILIAN             0101,80,14,150000,6876469760,6876469760,196177760,585000,585000,13540000,585000,6876469760,080 GRANTS REVENUE FUND,14 HEALTH
2018,1,1,01 PERSONAL SERVICES,101,PERM FULL TIME-CIVILIAN             0101,80,14,100000,6876569760,6876569760,196277760,685000,685000,13540000,685000,6876569760,080 GRANTS REVENUE FUND,14 HEALTH
2018,1,1,01 PERSONAL SERVICES,101,PERM FULL TIME-CIVILIAN             0101,80,14,1300000,6877869760,6877869760,197577760,1985000,1985000,13540000,1985000,6877869760,080 GRANTS REVENUE FUND,14 HEALTH
2018,1,1,01 PERSONAL SERVICES,101,PERM FULL TIME-CIVILIAN             0101,80,14,20000,6877889760,6877889760,197597760,2005000,2005000,13540000,2005000,6877889760,080 GRANTS REVENUE FUND,14 HEALTH
2018,1,1,01 PERSONAL SERVICES,101,PERM FULL TIME-CIVILIAN             0101,80,14,75000,6877964760,6877964760,197672760,2080000,2080000,13540000,2080000,6877964760,080 GRANTS REVENUE FUND,14 HEALTH
2018,1,1,01 PERSONAL SERVICES,101,PERM FULL TIME-CIVILIAN             0101,80,14,380000,6878344760,6878344760,198052760,2460000,2460000,13540000,2460000,6878344760,080 GRANTS REVENUE FUND,14 HEALTH
2018,1,1,01 PERSONAL SERVICES,101,PERM FULL TIME-CIVILIAN             0101,80,14,50000,6878394760,6878394760,198102760,2510000,2510000,13540000,2510000,6878394760,080 GRANTS REVENUE FUND,14 HEALTH
2018,1,1,01 PERSONAL SERVICES,101,PERM FULL TIME-CIVILIAN             0101,80,14,500000,6878894760,6878894760,198602760,3010000,3010000,13540000,3010000,6878894760,080 GRANTS REVENUE FUND,14 HEALTH
2018,1,1,01 PERSONAL SERVICES,101,PERM FULL TIME-CIVILIAN             0101,80,14,100000,6878994760,6878994760,198702760,3110000,3110000,13540000,3110000,6878994760,080 GRANTS REVENUE FUND,14 HEALTH
2018,1,1,01 PERSONAL SERVICES,101,PERM FULL TIME-CIVILIAN             0101,80,14,100000,6879094760,6879094760,198802760,3210000,3210000,13540000,3210000,6879094760,080 GRANTS REVENUE FUND,14 HEALTH
2018,1,1,01 PERSONAL SERVICES,101,PERM FULL TIME-CIVILIAN             0101,80,14,2000000,6881094760,6881094760,200802760,5210000,5210000,13540000,5210000,6881094760,080 GRANTS REVENUE FUND,14 HEALTH
2018,1,1,01 PERSONAL SERVICES,101,PERM FULL TIME-CIVILIAN             0101,80,14,150000,6881244760,6881244760,200952760,5360000,5360000,13540000,5360000,6881244760,080 GRANTS REVENUE FUND,14 HEALTH
2018,1,1,01 PERSONAL SERVICES,101,PERM FULL TIME-CIVILIAN             0101,80,14,1500000,6882744760,6882744760,202452760,6860000,6860000,13540000,6860000,6882744760,080 GRANTS REVENUE FUND,14 HEALTH
2018,1,1,01 PERSONAL SERVICES,101,PERM FULL TIME-CIVILIAN             0101,80,14,650000,6883394760,6883394760,203102760,7510000,7510000,13540000,7510000,6883394760,080 GRANTS REVENUE FUND,14 HEALTH
2018,1,1,01 PERSONAL SERVICES,101,PERM FULL TIME-CIVILIAN             0101,80,14,400000,6883794760,6883794760,203502760,7910000,7910000,13540000,7910000,6883794760,080 GRANTS REVENUE FUND,14 HEALTH
2018,1,1,01 PERSONAL SERVICES,101,PERM FULL TIME-CIVILIAN             0101,80,14,420000,6884214760,6884214760,203922760,8330000,8330000,13540000,8330000,6884214760,080 GRANTS REVENUE FUND,14 HEALTH
2018,1,1,01 PERSONAL SERVICES,101,PERM FULL TIME-CIVILIAN             0101,80,14,60000,6884274760,6884274760,203982760,8390000,8390000,13540000,8390000,6884274760,080 GRANTS REVENUE FUND,14 HEALTH
2018,1,1,01 PERSONAL SERVICES,101,PERM FULL TIME-CIVILIAN             0101,80,14,150000,6884424760,6884424760,204132760,8540000,8540000,13540000,8540000,6884424760,080 GRANTS REVENUE FUND,14 HEALTH
2018,1,1,01 PERSONAL SERVICES,101,PERM FULL TIME-CIVILIAN             0101,80,14,550000,6884974760,6884974760,204682760,9090000,9090000,13540000,9090000,6884974760,080 GRANTS REVENUE FUND,14 HEALTH
2018,1,1,01 PERSONAL SERVICES,101,PERM FULL TIME-CIVILIAN             0101,80,14,200000,6885174760,6885174760,204882760,9290000,9290000,13540000,9290000,6885174760,080 GRANTS REVENUE FUND,14 HEALTH
2018,1,1,01 PERSONAL SERVICES,101,PERM FULL TIME-CIVILIAN             0101,80,14,230000,6885404760,6885404760,205112760,9520000,9520000,13540000,9520000,6885404760,080 GRANTS REVENUE FUND,14 HEALTH
2018,1,1,01 PERSONAL SERVICES,101,PERM FULL TIME-CIVILIAN             0101,80,14,1050000,6886454760,6886454760,206162760,10570000,10570000,13540000,10570000,6886454760,080 GRANTS REVENUE FUND,14 HEALTH
2018,1,1,01 PERSONAL SERVICES,101,PERM FULL TIME-CIVILIAN             0101,80,14,80000,6886534760,6886534760,206242760,10650000,10650000,13540000,10650000,6886534760,080 GRANTS REVENUE FUND,14 HEALTH
2018,1,1,01 PERSONAL SERVICES,101,PERM FULL TIME-CIVILIAN             0101,80,14,150000,6886684760,6886684760,206392760,10800000,10800000,13540000,10800000,6886684760,080 GRANTS REVENUE FUND,14 HEALTH
2018,1,1,01 PERSONAL SERVICES,101,PERM FULL TIME-CIVILIAN             0101,80,14,450000,6887134760,6887134760,206842760,11250000,11250000,13540000,11250000,6887134760,080 GRANTS REVENUE FUND,14 HEALTH
2018,1,1,01 PERSONAL SERVICES,101,PERM FULL TIME-CIVILIAN             0101,80,14,40000,6887174760,6887174760,206882760,11290000,11290000,13540000,11290000,6887174760,080 GRANTS REVENUE FUND,14 HEALTH
2018,1,1,01 PERSONAL SERVICES,101,PERM FULL TIME-CIVILIAN             0101,80,14,60000,6887234760,6887234760,206942760,11350000,11350000,13540000,11350000,6887234760,080 GRANTS REVENUE FUND,14 HEALTH
2018,1,1,01 PERSONAL SERVICES,101,PERM FULL TIME-CIVILIAN             0101,80,14,370000,6887604760,6887604760,207312760,11720000,11720000,13540000,11720000,6887604760,080 GRANTS REVENUE FUND,14 HEALTH
2018,1,1,01 PERSONAL SERVICES,101,PERM FULL TIME-CIVILIAN             0101,80,14,120000,6887724760,6887724760,207432760,11840000,11840000,13540000,11840000,6887724760,080 GRANTS REVENUE FUND,14 HEALTH
2018,1,1,01 PERSONAL SERVICES,101,PERM FULL TIME-CIVILIAN             0101,80,14,50000,6887774760,6887774760,207482760,11890000,11890000,13540000,11890000,6887774760,080 GRANTS REVENUE FUND,14 HEALTH
2018,1,1,01 PERSONAL SERVICES,101,PERM FULL TIME-CIVILIAN             0101,80,14,300000,6888074760,6888074760,207782760,12190000,12190000,13540000,12190000,6888074760,080 GRANTS REVENUE FUND,14 HEALTH
2018,1,1,01 PERSONAL SERVICES,101,PERM FULL TIME-CIVILIAN             0101,80,14,150000,6888224760,6888224760,207932760,12340000,12340000,13540000,12340000,6888224760,080 GRANTS REVENUE FUND,14 HEALTH
2018,1,1,01 PERSONAL SERVICES,101,PERM FULL TIME-CIVILIAN             0101,80,14,100000,6888324760,6888324760,208032760,12440000,12440000,13540000,12440000,6888324760,080 GRANTS REVENUE FUND,14 HEALTH
2018,1,1,01 PERSONAL SERVICES,101,PERM FULL TIME-CIVILIAN             0101,80,14,320000,6888644760,6888644760,208352760,12760000,12760000,13540000,12760000,6888644760,080 GRANTS REVENUE FUND,14 HEALTH
2018,1,1,01 PERSONAL SERVICES,101,PERM FULL TIME-CIVILIAN             0101,80,14,250000,6888894760,6888894760,208602760,13010000,13010000,13540000,13010000,6888894760,080 GRANTS REVENUE FUND,14 HEALTH
2018,1,1,01 PERSONAL SERVICES,101,PERM FULL TIME-CIVILIAN             0101,80,14,30000,6888924760,6888924760,208632760,13040000,13040000,13540000,13040000,6888924760,080 GRANTS REVENUE FUND,14 HEALTH
2018,1,1,01 PERSONAL SERVICES,101,PERM FULL TIME-CIVILIAN             0101,80,14,500000,6889424760,6889424760,209132760,13540000,13540000,13540000,13540000,6889424760,080 GRANTS REVENUE FUND,14 HEALTH
2018,1,1,01 PERSONAL SERVICES,187,WORKER'S COMP-DISABILITY COMP       0187,80,14,28000,6889452760,6889452760,209160760,13568000,13568000,4626000,28000,6889452760,080 GRANTS REVENUE FUND,14 HEALTH
2018,1,1,01 PERSONAL SERVICES,187,WORKER'S COMP-DISABILITY COMP       0187,80,14,100000,6889552760,6889552760,209260760,13668000,13668000,4626000,128000,6889552760,080 GRANTS REVENUE FUND,14 HEALTH
2018,1,1,01 PERSONAL SERVICES,187,WORKER'S COMP-DISABILITY COMP       0187,80,14,157500,6889710260,6889710260,209418260,13825500,13825500,4626000,285500,6889710260,080 GRANTS REVENUE FUND,14 HEALTH
2018,1,1,01 PERSONAL SERVICES,187,WORKER'S COMP-DISABILITY COMP       0187,80,14,14000,6889724260,6889724260,209432260,13839500,13839500,4626000,299500,6889724260,080 GRANTS REVENUE FUND,14 HEALTH
2018,1,1,01 PERSONAL SERVICES,187,WORKER'S COMP-DISABILITY COMP       0187,80,14,21000,6889745260,6889745260,209453260,13860500,13860500,4626000,320500,6889745260,080 GRANTS REVENUE FUND,14 HEALTH
2018,1,1,01 PERSONAL SERVICES,187,WORKER'S COMP-DISABILITY COMP       0187,80,14,144500,6889889760,6889889760,209597760,14005000,14005000,4626000,465000,6889889760,080 GRANTS REVENUE FUND,14 HEALTH
2018,1,1,01 PERSONAL SERVICES,187,WORKER'S COMP-DISABILITY COMP       0187,80,14,42000,6889931760,6889931760,209639760,14047000,14047000,4626000,507000,6889931760,080 GRANTS REVENUE FUND,14 HEALTH
2018,1,1,01 PERSONAL SERVICES,187,WORKER'S COMP-DISABILITY COMP       0187,80,14,17500,6889949260,6889949260,209657260,14064500,14064500,4626000,524500,6889949260,080 GRANTS REVENUE FUND,14 HEALTH
2018,1,1,01 PERSONAL SERVICES,187,WORKER'S COMP-DISABILITY COMP       0187,80,14,105000,6890054260,6890054260,209762260,14169500,14169500,4626000,629500,6890054260,080 GRANTS REVENUE FUND,14 HEALTH
2018,1,1,01 PERSONAL SERVICES,187,WORKER'S COMP-DISABILITY COMP       0187,80,14,52500,6890106760,6890106760,209814760,14222000,14222000,4626000,682000,6890106760,080 GRANTS REVENUE FUND,14 HEALTH
2018,1,1,01 PERSONAL SERVICES,187,WORKER'S COMP-DISABILITY COMP       0187,80,14,35000,6890141760,6890141760,209849760,14257000,14257000,4626000,717000,6890141760,080 GRANTS REVENUE FUND,14 HEALTH
2018,1,1,01 PERSONAL SERVICES,187,WORKER'S COMP-DISABILITY COMP       0187,80,14,112000,6890253760,6890253760,209961760,14369000,14369000,4626000,829000,6890253760,080 GRANTS REVENUE FUND,14 HEALTH
2018,1,1,01 PERSONAL SERVICES,187,WORKER'S COMP-DISABILITY COMP       0187,80,14,87500,6890341260,6890341260,210049260,14456500,14456500,4626000,916500,6890341260,080 GRANTS REVENUE FUND,14 HEALTH
2018,1,1,01 PERSONAL SERVICES,187,WORKER'S COMP-DISABILITY COMP       0187,80,14,10500,6890351760,6890351760,210059760,14467000,14467000,4626000,927000,6890351760,080 GRANTS REVENUE FUND,14 HEALTH
2018,1,1,01 PERSONAL SERVICES,187,WORKER'S COMP-DISABILITY COMP       0187,80,14,70000,6890421760,6890421760,210129760,14537000,14537000,4626000,997000,6890421760,080 GRANTS REVENUE FUND,14 HEALTH
2018,1,1,01 PERSONAL SERVICES,187,WORKER'S COMP-DISABILITY COMP       0187,80,14,42000,6890463760,6890463760,210171760,14579000,14579000,4626000,1039000,6890463760,080 GRANTS REVENUE FUND,14 HEALTH
2018,1,1,01 PERSONAL SERVICES,187,WORKER'S COMP-DISABILITY COMP       0187,80,14,175000,6890638760,6890638760,210346760,14754000,14754000,4626000,1214000,6890638760,080 GRANTS REVENUE FUND,14 HEALTH
2018,1,1,01 PERSONAL SERVICES,187,WORKER'S COMP-DISABILITY COMP       0187,80,14,40250,6890679010,6890679010,210387010,14794250,14794250,4626000,1254250,6890679010,080 GRANTS REVENUE FUND,14 HEALTH
2018,1,1,01 PERSONAL SERVICES,187,WORKER'S COMP-DISABILITY COMP       0187,80,14,35000,6890714010,6890714010,210422010,14829250,14829250,4626000,1289250,6890714010,080 GRANTS REVENUE FUND,14 HEALTH
2018,1,1,01 PERSONAL SERVICES,187,WORKER'S COMP-DISABILITY COMP       0187,80,14,910000,6891624010,6891624010,211332010,15739250,15739250,4626000,2199250,6891624010,080 GRANTS REVENUE FUND,14 HEALTH
2018,1,1,01 PERSONAL SERVICES,187,WORKER'S COMP-DISABILITY COMP       0187,80,14,26250,6891650260,6891650260,211358260,15765500,15765500,4626000,2225500,6891650260,080 GRANTS REVENUE FUND,14 HEALTH
2018,1,1,01 PERSONAL SERVICES,187,WORKER'S COMP-DISABILITY COMP       0187,80,14,10000,6891660260,6891660260,211368260,15775500,15775500,4626000,2235500,6891660260,080 GRANTS REVENUE FUND,14 HEALTH
2018,1,1,01 PERSONAL SERVICES,187,WORKER'S COMP-DISABILITY COMP       0187,80,14,18000,6891678260,6891678260,211386260,15793500,15793500,4626000,2253500,6891678260,080 GRANTS REVENUE FUND,14 HEALTH
2018,1,1,01 PERSONAL SERVICES,187,WORKER'S COMP-DISABILITY COMP       0187,80,14,35000,6891713260,6891713260,211421260,15828500,15828500,4626000,2288500,6891713260,080 GRANTS REVENUE FUND,14 HEALTH
2018,1,1,01 PERSONAL SERVICES,187,WORKER'S COMP-DISABILITY COMP       0187,80,14,35000,6891748260,6891748260,211456260,15863500,15863500,4626000,2323500,6891748260,080 GRANTS REVENUE FUND,14 HEALTH
2018,1,1,01 PERSONAL SERVICES,187,WORKER'S COMP-DISABILITY COMP       0187,80,14,700000,6892448260,6892448260,212156260,16563500,16563500,4626000,3023500,6892448260,080 GRANTS REVENUE FUND,14 HEALTH
2018,1,1,01 PERSONAL SERVICES,187,WORKER'S COMP-DISABILITY COMP       0187,80,14,52500,6892500760,6892500760,212208760,16616000,16616000,4626000,3076000,6892500760,080 GRANTS REVENUE FUND,14 HEALTH
2018,1,1,01 PERSONAL SERVICES,187,WORKER'S COMP-DISABILITY COMP       0187,80,14,525000,6893025760,6893025760,212733760,17141000,17141000,4626000,3601000,6893025760,080 GRANTS REVENUE FUND,14 HEALTH
2018,1,1,01 PERSONAL SERVICES,187,WORKER'S COMP-DISABILITY COMP       0187,80,14,227500,6893253260,6893253260,212961260,17368500,17368500,4626000,3828500,6893253260,080 GRANTS REVENUE FUND,14 HEALTH
2018,1,1,01 PERSONAL SERVICES,187,WORKER'S COMP-DISABILITY COMP       0187,80,14,140000,6893393260,6893393260,213101260,17508500,17508500,4626000,3968500,6893393260,080 GRANTS REVENUE FUND,14 HEALTH
2018,1,1,01 PERSONAL SERVICES,187,WORKER'S COMP-DISABILITY COMP       0187,80,14,147000,6893540260,6893540260,213248260,17655500,17655500,4626000,4115500,6893540260,080 GRANTS REVENUE FUND,14 HEALTH
2018,1,1,01 PERSONAL SERVICES,187,WORKER'S COMP-DISABILITY COMP       0187,80,14,10000,6893550260,6893550260,213258260,17665500,17665500,4626000,4125500,6893550260,080 GRANTS REVENUE FUND,14 HEALTH
2018,1,1,01 PERSONAL SERVICES,187,WORKER'S COMP-DISABILITY COMP       0187,80,14,52500,6893602760,6893602760,213310760,17718000,17718000,4626000,4178000,6893602760,080 GRANTS REVENUE FUND,14 HEALTH
2018,1,1,01 PERSONAL SERVICES,187,WORKER'S COMP-DISABILITY COMP       0187,80,14,192500,6893795260,6893795260,213503260,17910500,17910500,4626000,4370500,6893795260,080 GRANTS REVENUE FUND,14 HEALTH
2018,1,1,01 PERSONAL SERVICES,187,WORKER'S COMP-DISABILITY COMP       0187,80,14,70000,6893865260,6893865260,213573260,17980500,17980500,4626000,4440500,6893865260,080 GRANTS REVENUE FUND,14 HEALTH
2018,1,1,01 PERSONAL SERVICES,187,WORKER'S COMP-DISABILITY COMP       0187,80,14,80500,6893945760,6893945760,213653760,18061000,18061000,4626000,4521000,6893945760,080 GRANTS REVENUE FUND,14 HEALTH
2018,1,1,01 PERSONAL SERVICES,187,WORKER'S COMP-DISABILITY COMP       0187,80,14,105000,6894050760,6894050760,213758760,18166000,18166000,4626000,4626000,6894050760,080 GRANTS REVENUE FUND,14 HEALTH
2018,1,2,02 PURCHASE OF SERVICES,299,OTHER EXPENSES (NOT OTHRWSE CLSSFD) 0299,80,14,250000,6894300760,6894300760,214008760,18416000,250000,92322478,250000,6894300760,080 GRANTS REVENUE FUND,14 HEALTH
2018,1,2,02 PURCHASE OF SERVICES,299,OTHER EXPENSES (NOT OTHRWSE CLSSFD) 0299,80,14,100000,6894400760,6894400760,214108760,18516000,350000,92322478,350000,6894400760,080 GRANTS REVENUE FUND,14 HEALTH
2018,1,2,02 PURCHASE OF SERVICES,299,OTHER EXPENSES (NOT OTHRWSE CLSSFD) 0299,80,14,160000,6894560760,6894560760,214268760,18676000,510000,92322478,510000,6894560760,080 GRANTS REVENUE FUND,14 HEALTH
2018,1,2,02 PURCHASE OF SERVICES,299,OTHER EXPENSES (NOT OTHRWSE CLSSFD) 0299,80,14,37500,6894598260,6894598260,214306260,18713500,547500,92322478,547500,6894598260,080 GRANTS REVENUE FUND,14 HEALTH
2018,1,2,02 PURCHASE OF SERVICES,299,OTHER EXPENSES (NOT OTHRWSE CLSSFD) 0299,80,14,400000,6894998260,6894998260,214706260,19113500,947500,92322478,947500,6894998260,080 GRANTS REVENUE FUND,14 HEALTH
2018,1,2,02 PURCHASE OF SERVICES,299,OTHER EXPENSES (NOT OTHRWSE CLSSFD) 0299,80,14,2200000,6897198260,6897198260,216906260,21313500,3147500,92322478,3147500,6897198260,080 GRANTS REVENUE FUND,14 HEALTH
2018,1,2,02 PURCHASE OF SERVICES,299,OTHER EXPENSES (NOT OTHRWSE CLSSFD) 0299,80,14,500000,6897698260,6897698260,217406260,21813500,3647500,92322478,3647500,6897698260,080 GRANTS REVENUE FUND,14 HEALTH
2018,1,2,02 PURCHASE OF SERVICES,299,OTHER EXPENSES (NOT OTHRWSE CLSSFD) 0299,80,14,350000,6898048260,6898048260,217756260,22163500,3997500,92322478,3997500,6898048260,080 GRANTS REVENUE FUND,14 HEALTH
2018,1,2,02 PURCHASE OF SERVICES,299,OTHER EXPENSES (NOT OTHRWSE CLSSFD) 0299,80,14,1500000,6899548260,6899548260,219256260,23663500,5497500,92322478,5497500,6899548260,080 GRANTS REVENUE FUND,14 HEALTH
2018,1,2,02 PURCHASE OF SERVICES,299,OTHER EXPENSES (NOT OTHRWSE CLSSFD) 0299,80,14,3000000,6902548260,6902548260,222256260,26663500,8497500,92322478,8497500,6902548260,080 GRANTS REVENUE FUND,14 HEALTH
2018,1,2,02 PURCHASE OF SERVICES,299,OTHER EXPENSES (NOT OTHRWSE CLSSFD) 0299,80,14,500000,6903048260,6903048260,222756260,27163500,8997500,92322478,8997500,6903048260,080 GRANTS REVENUE FUND,14 HEALTH
2018,1,2,02 PURCHASE OF SERVICES,299,OTHER EXPENSES (NOT OTHRWSE CLSSFD) 0299,80,14,150000,6903198260,6903198260,222906260,27313500,9147500,92322478,9147500,6903198260,080 GRANTS REVENUE FUND,14 HEALTH
2018,1,2,02 PURCHASE OF SERVICES,299,OTHER EXPENSES (NOT OTHRWSE CLSSFD) 0299,80,14,600000,6903798260,6903798260,223506260,27913500,9747500,92322478,9747500,6903798260,080 GRANTS REVENUE FUND,14 HEALTH
2018,1,2,02 PURCHASE OF SERVICES,299,OTHER EXPENSES (NOT OTHRWSE CLSSFD) 0299,80,14,4000000,6907798260,6907798260,227506260,31913500,13747500,92322478,13747500,6907798260,080 GRANTS REVENUE FUND,14 HEALTH
2018,1,2,02 PURCHASE OF SERVICES,299,OTHER EXPENSES (NOT OTHRWSE CLSSFD) 0299,80,14,1200000,6908998260,6908998260,228706260,33113500,14947500,92322478,14947500,6908998260,080 GRANTS REVENUE FUND,14 HEALTH
2018,1,2,02 PURCHASE OF SERVICES,299,OTHER EXPENSES (NOT OTHRWSE CLSSFD) 0299,80,14,100000,6909098260,6909098260,228806260,33213500,15047500,92322478,15047500,6909098260,080 GRANTS REVENUE FUND,14 HEALTH
2018,1,2,02 PURCHASE OF SERVICES,299,OTHER EXPENSES (NOT OTHRWSE CLSSFD) 0299,80,14,25000,6909123260,6909123260,228831260,33238500,15072500,92322478,15072500,6909123260,080 GRANTS REVENUE FUND,14 HEALTH
2018,1,2,02 PURCHASE OF SERVICES,299,OTHER EXPENSES (NOT OTHRWSE CLSSFD) 0299,80,14,165000,6909288260,6909288260,228996260,33403500,15237500,92322478,15237500,6909288260,080 GRANTS REVENUE FUND,14 HEALTH
2018,1,2,02 PURCHASE OF SERVICES,299,OTHER EXPENSES (NOT OTHRWSE CLSSFD) 0299,80,14,800000,6910088260,6910088260,229796260,34203500,16037500,92322478,16037500,6910088260,080 GRANTS REVENUE FUND,14 HEALTH
2018,1,2,02 PURCHASE OF SERVICES,299,OTHER EXPENSES (NOT OTHRWSE CLSSFD) 0299,80,14,2500000,6912588260,6912588260,232296260,36703500,18537500,92322478,18537500,6912588260,080 GRANTS REVENUE FUND,14 HEALTH
2018,1,2,02 PURCHASE OF SERVICES,299,OTHER EXPENSES (NOT OTHRWSE CLSSFD) 0299,80,14,8000000,6920588260,6920588260,240296260,44703500,26537500,92322478,26537500,6920588260,080 GRANTS REVENUE FUND,14 HEALTH
2018,1,2,02 PURCHASE OF SERVICES,299,OTHER EXPENSES (NOT OTHRWSE CLSSFD) 0299,80,14,2100000,6922688260,6922688260,242396260,46803500,28637500,92322478,28637500,6922688260,080 GRANTS REVENUE FUND,14 HEALTH
2018,1,2,02 PURCHASE OF SERVICES,299,OTHER EXPENSES (NOT OTHRWSE CLSSFD) 0299,80,14,500000,6923188260,6923188260,242896260,47303500,29137500,92322478,29137500,6923188260,080 GRANTS REVENUE FUND,14 HEALTH
2018,1,2,02 PURCHASE OF SERVICES,299,OTHER EXPENSES (NOT OTHRWSE CLSSFD) 0299,80,14,60000,6923248260,6923248260,242956260,47363500,29197500,92322478,29197500,6923248260,080 GRANTS REVENUE FUND,14 HEALTH
2018,1,2,02 PURCHASE OF SERVICES,299,OTHER EXPENSES (NOT OTHRWSE CLSSFD) 0299,80,14,363500,6923611760,6923611760,243319760,47727000,29561000,92322478,29561000,6923611760,080 GRANTS REVENUE FUND,14 HEALTH
2018,1,2,02 PURCHASE OF SERVICES,299,OTHER EXPENSES (NOT OTHRWSE CLSSFD) 0299,80,14,505665,6924117425,6924117425,243825425,48232665,30066665,92322478,30066665,6924117425,080 GRANTS REVENUE FUND,14 HEALTH
2018,1,2,02 PURCHASE OF SERVICES,299,OTHER EXPENSES (NOT OTHRWSE CLSSFD) 0299,80,14,1150329,6925267754,6925267754,244975754,49382994,31216994,92322478,31216994,6925267754,080 GRANTS REVENUE FUND,14 HEALTH
2018,1,2,02 PURCHASE OF SERVICES,299,OTHER EXPENSES (NOT OTHRWSE CLSSFD) 0299,80,14,30000000,6955267754,6955267754,274975754,79382994,61216994,92322478,61216994,6955267754,080 GRANTS REVENUE FUND,14 HEALTH
2018,1,2,02 PURCHASE OF SERVICES,299,OTHER EXPENSES (NOT OTHRWSE CLSSFD) 0299,80,14,750000,6956017754,6956017754,275725754,80132994,61966994,92322478,61966994,6956017754,080 GRANTS REVENUE FUND,14 HEALTH
2018,1,2,02 PURCHASE OF SERVICES,299,OTHER EXPENSES (NOT OTHRWSE CLSSFD) 0299,80,14,200000,6956217754,6956217754,275925754,80332994,62166994,92322478,62166994,6956217754,080 GRANTS REVENUE FUND,14 HEALTH
2018,1,2,02 PURCHASE OF SERVICES,299,OTHER EXPENSES (NOT OTHRWSE CLSSFD) 0299,80,14,150000,6956367754,6956367754,276075754,80482994,62316994,92322478,62316994,6956367754,080 GRANTS REVENUE FUND,14 HEALTH
2018,1,2,02 PURCHASE OF SERVICES,299,OTHER EXPENSES (NOT OTHRWSE CLSSFD) 0299,80,14,3000000,6959367754,6959367754,279075754,83482994,65316994,92322478,65316994,6959367754,080 GRANTS REVENUE FUND,14 HEALTH
2018,1,2,02 PURCHASE OF SERVICES,299,OTHER EXPENSES (NOT OTHRWSE CLSSFD) 0299,80,14,1500000,6960867754,6960867754,280575754,84982994,66816994,92322478,66816994,6960867754,080 GRANTS REVENUE FUND,14 HEALTH
2018,1,2,02 PURCHASE OF SERVICES,299,OTHER EXPENSES (NOT OTHRWSE CLSSFD) 0299,80,14,1000000,6961867754,6961867754,281575754,85982994,67816994,92322478,67816994,6961867754,080 GRANTS REVENUE FUND,14 HEALTH
2018,1,2,02 PURCHASE OF SERVICES,299,OTHER EXPENSES (NOT OTHRWSE CLSSFD) 0299,80,14,800000,6962667754,6962667754,282375754,86782994,68616994,92322478,68616994,6962667754,080 GRANTS REVENUE FUND,14 HEALTH
2018,1,2,02 PURCHASE OF SERVICES,299,OTHER EXPENSES (NOT OTHRWSE CLSSFD) 0299,80,14,500000,6963167754,6963167754,282875754,87282994,69116994,92322478,69116994,6963167754,080 GRANTS REVENUE FUND,14 HEALTH
2018,1,2,02 PURCHASE OF SERVICES,299,OTHER EXPENSES (NOT OTHRWSE CLSSFD) 0299,80,14,250000,6963417754,6963417754,283125754,87532994,69366994,92322478,69366994,6963417754,080 GRANTS REVENUE FUND,14 HEALTH
2018,1,2,02 PURCHASE OF SERVICES,299,OTHER EXPENSES (NOT OTHRWSE CLSSFD) 0299,80,14,2250000,6965667754,6965667754,285375754,89782994,71616994,92322478,71616994,6965667754,080 GRANTS REVENUE FUND,14 HEALTH
2018,1,2,02 PURCHASE OF SERVICES,299,OTHER EXPENSES (NOT OTHRWSE CLSSFD) 0299,80,14,100000,6965767754,6965767754,285475754,89882994,71716994,92322478,71716994,6965767754,080 GRANTS REVENUE FUND,14 HEALTH
2018,1,2,02 PURCHASE OF SERVICES,299,OTHER EXPENSES (NOT OTHRWSE CLSSFD) 0299,80,14,6000000,6971767754,6971767754,291475754,95882994,77716994,92322478,77716994,6971767754,080 GRANTS REVENUE FUND,14 HEALTH
2018,1,2,02 PURCHASE OF SERVICES,299,OTHER EXPENSES (NOT OTHRWSE CLSSFD) 0299,80,14,2000000,6973767754,6973767754,293475754,97882994,79716994,92322478,79716994,6973767754,080 GRANTS REVENUE FUND,14 HEALTH
2018,1,2,02 PURCHASE OF SERVICES,299,OTHER EXPENSES (NOT OTHRWSE CLSSFD) 0299,80,14,1266984,6975034738,6975034738,294742738,99149978,80983978,92322478,80983978,6975034738,080 GRANTS REVENUE FUND,14 HEALTH
2018,1,2,02 PURCHASE OF SERVICES,299,OTHER EXPENSES (NOT OTHRWSE CLSSFD) 0299,80,14,200000,6975234738,6975234738,294942738,99349978,81183978,92322478,81183978,6975234738,080 GRANTS REVENUE FUND,14 HEALTH
2018,1,2,02 PURCHASE OF SERVICES,299,OTHER EXPENSES (NOT OTHRWSE CLSSFD) 0299,80,14,100000,6975334738,6975334738,295042738,99449978,81283978,92322478,81283978,6975334738,080 GRANTS REVENUE FUND,14 HEALTH
2018,1,2,02 PURCHASE OF SERVICES,299,OTHER EXPENSES (NOT OTHRWSE CLSSFD) 0299,80,14,450000,6975784738,6975784738,295492738,99899978,81733978,92322478,81733978,6975784738,080 GRANTS REVENUE FUND,14 HEALTH
2018,1,2,02 PURCHASE OF SERVICES,299,OTHER EXPENSES (NOT OTHRWSE CLSSFD) 0299,80,14,120000,6975904738,6975904738,295612738,100019978,81853978,92322478,81853978,6975904738,080 GRANTS REVENUE FUND,14 HEALTH
2018,1,2,02 PURCHASE OF SERVICES,299,OTHER EXPENSES (NOT OTHRWSE CLSSFD) 0299,80,14,250000,6976154738,6976154738,295862738,100269978,82103978,92322478,82103978,6976154738,080 GRANTS REVENUE FUND,14 HEALTH
2018,1,2,02 PURCHASE OF SERVICES,299,OTHER EXPENSES (NOT OTHRWSE CLSSFD) 0299,80,14,700000,6976854738,6976854738,296562738,100969978,82803978,92322478,82803978,6976854738,080 GRANTS REVENUE FUND,14 HEALTH
2018,1,2,02 PURCHASE OF SERVICES,299,OTHER EXPENSES (NOT OTHRWSE CLSSFD) 0299,80,14,4300000,6981154738,6981154738,300862738,105269978,87103978,92322478,87103978,6981154738,080 GRANTS REVENUE FUND,14 HEALTH
2018,1,2,02 PURCHASE OF SERVICES,299,OTHER EXPENSES (NOT OTHRWSE CLSSFD) 0299,80,14,50000,6981204738,6981204738,300912738,105319978,87153978,92322478,87153978,6981204738,080 GRANTS REVENUE FUND,14 HEALTH
2018,1,2,02 PURCHASE OF SERVICES,299,OTHER EXPENSES (NOT OTHRWSE CLSSFD) 0299,80,14,20000,6981224738,6981224738,300932738,105339978,87173978,92322478,87173978,6981224738,080 GRANTS REVENUE FUND,14 HEALTH
2018,1,2,02 PURCHASE OF SERVICES,299,OTHER EXPENSES (NOT OTHRWSE CLSSFD) 0299,80,14,30000,6981254738,6981254738,300962738,105369978,87203978,92322478,87203978,6981254738,080 GRANTS REVENUE FUND,14 HEALTH
2018,1,2,02 PURCHASE OF SERVICES,299,OTHER EXPENSES (NOT OTHRWSE CLSSFD) 0299,80,14,120000,6981374738,6981374738,301082738,105489978,87323978,92322478,87323978,6981374738,080 GRANTS REVENUE FUND,14 HEALTH
2018,1,2,02 PURCHASE OF SERVICES,299,OTHER EXPENSES (NOT OTHRWSE CLSSFD) 0299,80,14,1700000,6983074738,6983074738,302782738,107189978,89023978,92322478,89023978,6983074738,080 GRANTS REVENUE FUND,14 HEALTH
2018,1,2,02 PURCHASE OF SERVICES,299,OTHER EXPENSES (NOT OTHRWSE CLSSFD) 0299,80,14,60000,6983134738,6983134738,302842738,107249978,89083978,92322478,89083978,6983134738,080 GRANTS REVENUE FUND,14 HEALTH
2018,1,2,02 PURCHASE OF SERVICES,299,OTHER EXPENSES (NOT OTHRWSE CLSSFD) 0299,80,14,300000,6983434738,6983434738,303142738,107549978,89383978,92322478,89383978,6983434738,080 GRANTS REVENUE FUND,14 HEALTH
2018,1,2,02 PURCHASE OF SERVICES,299,OTHER EXPENSES (NOT OTHRWSE CLSSFD) 0299,80,14,466000,6983900738,6983900738,303608738,108015978,89849978,92322478,89849978,6983900738,080 GRANTS REVENUE FUND,14 HEALTH
2018,1,2,02 PURCHASE OF SERVICES,299,OTHER EXPENSES (NOT OTHRWSE CLSSFD) 0299,80,14,500000,6984400738,6984400738,304108738,108515978,90349978,92322478,90349978,6984400738,080 GRANTS REVENUE FUND,14 HEALTH
2018,1,2,02 PURCHASE OF SERVICES,299,OTHER EXPENSES (NOT OTHRWSE CLSSFD) 0299,80,14,1500000,6985900738,6985900738,305608738,110015978,91849978,92322478,91849978,6985900738,080 GRANTS REVENUE FUND,14 HEALTH
2018,1,2,02 PURCHASE OF SERVICES,299,OTHER EXPENSES (NOT OTHRWSE CLSSFD) 0299,80,14,250000,6986150738,6986150738,305858738,110265978,92099978,92322478,92099978,6986150738,080 GRANTS REVENUE FUND,14 HEALTH
2018,1,2,02 PURCHASE OF SERVICES,299,OTHER EXPENSES (NOT OTHRWSE CLSSFD) 0299,80,14,110000,6986260738,6986260738,305968738,110375978,92209978,92322478,92209978,6986260738,080 GRANTS REVENUE FUND,14 HEALTH
2018,1,2,02 PURCHASE OF SERVICES,299,OTHER EXPENSES (NOT OTHRWSE CLSSFD) 0299,80,14,112500,6986373238,6986373238,306081238,110488478,92322478,92322478,92322478,6986373238,080 GRANTS REVENUE FUND,14 HEALTH
2018,1,3,03 MATERIALS AND SUPPLIES,399,OTHER MATERIALS AND SUPPLIES (NOC)  0399,80,14,50000,6986423238,6986423238,306131238,110538478,50000,1900665,50000,6986423238,080 GRANTS REVENUE FUND,14 HEALTH
2018,1,3,03 MATERIALS AND SUPPLIES,399,OTHER MATERIALS AND SUPPLIES (NOC)  0399,80,14,150000,6986573238,6986573238,306281238,110688478,200000,1900665,200000,6986573238,080 GRANTS REVENUE FUND,14 HEALTH
2018,1,3,03 MATERIALS AND SUPPLIES,399,OTHER MATERIALS AND SUPPLIES (NOC)  0399,80,14,25000,6986598238,6986598238,306306238,110713478,225000,1900665,225000,6986598238,080 GRANTS REVENUE FUND,14 HEALTH
2018,1,3,03 MATERIALS AND SUPPLIES,399,OTHER MATERIALS AND SUPPLIES (NOC)  0399,80,14,30665,6986628903,6986628903,306336903,110744143,255665,1900665,255665,6986628903,080 GRANTS REVENUE FUND,14 HEALTH
2018,1,3,03 MATERIALS AND SUPPLIES,399,OTHER MATERIALS AND SUPPLIES (NOC)  0399,80,14,100000,6986728903,6986728903,306436903,110844143,355665,1900665,355665,6986728903,080 GRANTS REVENUE FUND,14 HEALTH
2018,1,3,03 MATERIALS AND SUPPLIES,399,OTHER MATERIALS AND SUPPLIES (NOC)  0399,80,14,20000,6986748903,6986748903,306456903,110864143,375665,1900665,375665,6986748903,080 GRANTS REVENUE FUND,14 HEALTH
2018,1,3,03 MATERIALS AND SUPPLIES,399,OTHER MATERIALS AND SUPPLIES (NOC)  0399,80,14,10000,6986758903,6986758903,306466903,110874143,385665,1900665,385665,6986758903,080 GRANTS REVENUE FUND,14 HEALTH
2018,1,3,03 MATERIALS AND SUPPLIES,399,OTHER MATERIALS AND SUPPLIES (NOC)  0399,80,14,150000,6986908903,6986908903,306616903,111024143,535665,1900665,535665,6986908903,080 GRANTS REVENUE FUND,14 HEALTH
2018,1,3,03 MATERIALS AND SUPPLIES,399,OTHER MATERIALS AND SUPPLIES (NOC)  0399,80,14,400000,6987308903,6987308903,307016903,111424143,935665,1900665,935665,6987308903,080 GRANTS REVENUE FUND,14 HEALTH
2018,1,3,03 MATERIALS AND SUPPLIES,399,OTHER MATERIALS AND SUPPLIES (NOC)  0399,80,14,150000,6987458903,6987458903,307166903,111574143,1085665,1900665,1085665,6987458903,080 GRANTS REVENUE FUND,14 HEALTH
2018,1,3,03 MATERIALS AND SUPPLIES,399,OTHER MATERIALS AND SUPPLIES (NOC)  0399,80,14,50000,6987508903,6987508903,307216903,111624143,1135665,1900665,1135665,6987508903,080 GRANTS REVENUE FUND,14 HEALTH
2018,1,3,03 MATERIALS AND SUPPLIES,399,OTHER MATERIALS AND SUPPLIES (NOC)  0399,80,14,15000,6987523903,6987523903,307231903,111639143,1150665,1900665,1150665,6987523903,080 GRANTS REVENUE FUND,14 HEALTH
2018,1,3,03 MATERIALS AND SUPPLIES,399,OTHER MATERIALS AND SUPPLIES (NOC)  0399,80,14,95000,6987618903,6987618903,307326903,111734143,1245665,1900665,1245665,6987618903,080 GRANTS REVENUE FUND,14 HEALTH
2018,1,3,03 MATERIALS AND SUPPLIES,399,OTHER MATERIALS AND SUPPLIES (NOC)  0399,80,14,50000,6987668903,6987668903,307376903,111784143,1295665,1900665,1295665,6987668903,080 GRANTS REVENUE FUND,14 HEALTH
2018,1,3,03 MATERIALS AND SUPPLIES,399,OTHER MATERIALS AND SUPPLIES (NOC)  0399,80,14,6000,6987674903,6987674903,307382903,111790143,1301665,1900665,1301665,6987674903,080 GRANTS REVENUE FUND,14 HEALTH
2018,1,3,03 MATERIALS AND SUPPLIES,399,OTHER MATERIALS AND SUPPLIES (NOC)  0399,80,14,110000,6987784903,6987784903,307492903,111900143,1411665,1900665,1411665,6987784903,080 GRANTS REVENUE FUND,14 HEALTH
2018,1,3,03 MATERIALS AND SUPPLIES,399,OTHER MATERIALS AND SUPPLIES (NOC)  0399,80,14,5000,6987789903,6987789903,307497903,111905143,1416665,1900665,1416665,6987789903,080 GRANTS REVENUE FUND,14 HEALTH
2018,1,3,03 MATERIALS AND SUPPLIES,399,OTHER MATERIALS AND SUPPLIES (NOC)  0399,80,14,150000,6987939903,6987939903,307647903,112055143,1566665,1900665,1566665,6987939903,080 GRANTS REVENUE FUND,14 HEALTH
2018,1,3,03 MATERIALS AND SUPPLIES,399,OTHER MATERIALS AND SUPPLIES (NOC)  0399,80,14,40000,6987979903,6987979903,307687903,112095143,1606665,1900665,1606665,6987979903,080 GRANTS REVENUE FUND,14 HEALTH
2018,1,3,03 MATERIALS AND SUPPLIES,399,OTHER MATERIALS AND SUPPLIES (NOC)  0399,80,14,10000,6987989903,6987989903,307697903,112105143,1616665,1900665,1616665,6987989903,080 GRANTS REVENUE FUND,14 HEALTH
2018,1,3,03 MATERIALS AND SUPPLIES,399,OTHER MATERIALS AND SUPPLIES (NOC)  0399,80,14,3000,6987992903,6987992903,307700903,112108143,1619665,1900665,1619665,6987992903,080 GRANTS REVENUE FUND,14 HEALTH
2018,1,3,03 MATERIALS AND SUPPLIES,399,OTHER MATERIALS AND SUPPLIES (NOC)  0399,80,14,10000,6988002903,6988002903,307710903,112118143,1629665,1900665,1629665,6988002903,080 GRANTS REVENUE FUND,14 HEALTH
2018,1,3,03 MATERIALS AND SUPPLIES,399,OTHER MATERIALS AND SUPPLIES (NOC)  0399,80,14,10000,6988012903,6988012903,307720903,112128143,1639665,1900665,1639665,6988012903,080 GRANTS REVENUE FUND,14 HEALTH
2018,1,3,03 MATERIALS AND SUPPLIES,399,OTHER MATERIALS AND SUPPLIES (NOC)  0399,80,14,3000,6988015903,6988015903,307723903,112131143,1642665,1900665,1642665,6988015903,080 GRANTS REVENUE FUND,14 HEALTH
2018,1,3,03 MATERIALS AND SUPPLIES,399,OTHER MATERIALS AND SUPPLIES (NOC)  0399,80,14,5000,6988020903,6988020903,307728903,112136143,1647665,1900665,1647665,6988020903,080 GRANTS REVENUE FUND,14 HEALTH
2018,1,3,03 MATERIALS AND SUPPLIES,399,OTHER MATERIALS AND SUPPLIES (NOC)  0399,80,14,20000,6988040903,6988040903,307748903,112156143,1667665,1900665,1667665,6988040903,080 GRANTS REVENUE FUND,14 HEALTH
2018,1,3,03 MATERIALS AND SUPPLIES,399,OTHER MATERIALS AND SUPPLIES (NOC)  0399,80,14,2000,6988042903,6988042903,307750903,112158143,1669665,1900665,1669665,6988042903,080 GRANTS REVENUE FUND,14 HEALTH
2018,1,3,03 MATERIALS AND SUPPLIES,399,OTHER MATERIALS AND SUPPLIES (NOC)  0399,80,14,85000,6988127903,6988127903,307835903,112243143,1754665,1900665,1754665,6988127903,080 GRANTS REVENUE FUND,14 HEALTH
2018,1,3,03 MATERIALS AND SUPPLIES,399,OTHER MATERIALS AND SUPPLIES (NOC)  0399,80,14,10000,6988137903,6988137903,307845903,112253143,1764665,1900665,1764665,6988137903,080 GRANTS REVENUE FUND,14 HEALTH
2018,1,3,03 MATERIALS AND SUPPLIES,399,OTHER MATERIALS AND SUPPLIES (NOC)  0399,80,14,100000,6988237903,6988237903,307945903,112353143,1864665,1900665,1864665,6988237903,080 GRANTS REVENUE FUND,14 HEALTH
2018,1,3,03 MATERIALS AND SUPPLIES,399,OTHER MATERIALS AND SUPPLIES (NOC)  0399,80,14,2000,6988239903,6988239903,307947903,112355143,1866665,1900665,1866665,6988239903,080 GRANTS REVENUE FUND,14 HEALTH
2018,1,3,03 MATERIALS AND SUPPLIES,399,OTHER MATERIALS AND SUPPLIES (NOC)  0399,80,14,10000,6988249903,6988249903,307957903,112365143,1876665,1900665,1876665,6988249903,080 GRANTS REVENUE FUND,14 HEALTH
2018,1,3,03 MATERIALS AND SUPPLIES,399,OTHER MATERIALS AND SUPPLIES (NOC)  0399,80,14,14000,6988263903,6988263903,307971903,112379143,1890665,1900665,1890665,6988263903,080 GRANTS REVENUE FUND,14 HEALTH
2018,1,3,03 MATERIALS AND SUPPLIES,399,OTHER MATERIALS AND SUPPLIES (NOC)  0399,80,14,10000,6988273903,6988273903,307981903,112389143,1900665,1900665,1900665,6988273903,080 GRANTS REVENUE FUND,14 HEALTH
2018,1,4,04 EQUIPMENT,499,OTHER EQUIPMENT (NOC)               0499,80,14,41117,6988315020,6988315020,308023020,112430260,41117,1031117,41117,6988315020,080 GRANTS REVENUE FUND,14 HEALTH
2018,1,4,04 EQUIPMENT,499,OTHER EQUIPMENT (NOC)               0499,80,14,100000,6988415020,6988415020,308123020,112530260,141117,1031117,141117,6988415020,080 GRANTS REVENUE FUND,14 HEALTH
2018,1,4,04 EQUIPMENT,499,OTHER EQUIPMENT (NOC)               0499,80,14,15000,6988430020,6988430020,308138020,112545260,156117,1031117,156117,6988430020,080 GRANTS REVENUE FUND,14 HEALTH
2018,1,4,04 EQUIPMENT,499,OTHER EQUIPMENT (NOC)               0499,80,14,120000,6988550020,6988550020,308258020,112665260,276117,1031117,276117,6988550020,080 GRANTS REVENUE FUND,14 HEALTH
2018,1,4,04 EQUIPMENT,499,OTHER EQUIPMENT (NOC)               0499,80,14,25000,6988575020,6988575020,308283020,112690260,301117,1031117,301117,6988575020,080 GRANTS REVENUE FUND,14 HEALTH
2018,1,4,04 EQUIPMENT,499,OTHER EQUIPMENT (NOC)               0499,80,14,60000,6988635020,6988635020,308343020,112750260,361117,1031117,361117,6988635020,080 GRANTS REVENUE FUND,14 HEALTH
2018,1,4,04 EQUIPMENT,499,OTHER EQUIPMENT (NOC)               0499,80,14,200000,6988835020,6988835020,308543020,112950260,561117,1031117,561117,6988835020,080 GRANTS REVENUE FUND,14 HEALTH
2018,1,4,04 EQUIPMENT,499,OTHER EQUIPMENT (NOC)               0499,80,14,10000,6988845020,6988845020,308553020,112960260,571117,1031117,571117,6988845020,080 GRANTS REVENUE FUND,14 HEALTH
2018,1,4,04 EQUIPMENT,499,OTHER EQUIPMENT (NOC)               0499,80,14,5000,6988850020,6988850020,308558020,112965260,576117,1031117,576117,6988850020,080 GRANTS REVENUE FUND,14 HEALTH
2018,1,4,04 EQUIPMENT,499,OTHER EQUIPMENT (NOC)               0499,80,14,60000,6988910020,6988910020,308618020,113025260,636117,1031117,636117,6988910020,080 GRANTS REVENUE FUND,14 HEALTH
2018,1,4,04 EQUIPMENT,499,OTHER EQUIPMENT (NOC)               0499,80,14,250000,6989160020,6989160020,308868020,113275260,886117,1031117,886117,6989160020,080 GRANTS REVENUE FUND,14 HEALTH
2018,1,4,04 EQUIPMENT,499,OTHER EQUIPMENT (NOC)               0499,80,14,95000,6989255020,6989255020,308963020,113370260,981117,1031117,981117,6989255020,080 GRANTS REVENUE FUND,14 HEALTH
2018,1,4,04 EQUIPMENT,499,OTHER EQUIPMENT (NOC)               0499,80,14,50000,6989305020,6989305020,309013020,113420260,1031117,1031117,1031117,6989305020,080 GRANTS REVENUE FUND,14 HEALTH
2018,1,8,08 PAYMENTS TO OTHER FUNDS,801,PAYMENTS TO GENERAL FUND            0801,80,14,100000,6989405020,6989405020,309113020,113520260,100000,1038500,100000,6989405020,080 GRANTS REVENUE FUND,14 HEALTH
2018,1,8,08 PAYMENTS TO OTHER FUNDS,801,PAYMENTS TO GENERAL FUND            0801,80,14,35000,6989440020,6989440020,309148020,113555260,135000,1038500,135000,6989440020,080 GRANTS REVENUE FUND,14 HEALTH
2018,1,8,08 PAYMENTS TO OTHER FUNDS,801,PAYMENTS TO GENERAL FUND            0801,80,14,5000,6989445020,6989445020,309153020,113560260,140000,1038500,140000,6989445020,080 GRANTS REVENUE FUND,14 HEALTH
2018,1,8,08 PAYMENTS TO OTHER FUNDS,801,PAYMENTS TO GENERAL FUND            0801,80,14,14500,6989459520,6989459520,309167520,113574760,154500,1038500,154500,6989459520,080 GRANTS REVENUE FUND,14 HEALTH
2018,1,8,08 PAYMENTS TO OTHER FUNDS,801,PAYMENTS TO GENERAL FUND            0801,80,14,2000,6989461520,6989461520,309169520,113576760,156500,1038500,156500,6989461520,080 GRANTS REVENUE FUND,14 HEALTH
2018,1,8,08 PAYMENTS TO OTHER FUNDS,801,PAYMENTS TO GENERAL FUND            0801,80,14,15000,6989476520,6989476520,309184520,113591760,171500,1038500,171500,6989476520,080 GRANTS REVENUE FUND,14 HEALTH
2018,1,8,08 PAYMENTS TO OTHER FUNDS,801,PAYMENTS TO GENERAL FUND            0801,80,14,10000,6989486520,6989486520,309194520,113601760,181500,1038500,181500,6989486520,080 GRANTS REVENUE FUND,14 HEALTH
2018,1,8,08 PAYMENTS TO OTHER FUNDS,801,PAYMENTS TO GENERAL FUND            0801,80,14,100000,6989586520,6989586520,309294520,113701760,281500,1038500,281500,6989586520,080 GRANTS REVENUE FUND,14 HEALTH
2018,1,8,08 PAYMENTS TO OTHER FUNDS,801,PAYMENTS TO GENERAL FUND            0801,80,14,10000,6989596520,6989596520,309304520,113711760,291500,1038500,291500,6989596520,080 GRANTS REVENUE FUND,14 HEALTH
2018,1,8,08 PAYMENTS TO OTHER FUNDS,801,PAYMENTS TO GENERAL FUND            0801,80,14,130000,6989726520,6989726520,309434520,113841760,421500,1038500,421500,6989726520,080 GRANTS REVENUE FUND,14 HEALTH
2018,1,8,08 PAYMENTS TO OTHER FUNDS,801,PAYMENTS TO GENERAL FUND            0801,80,14,20000,6989746520,6989746520,309454520,113861760,441500,1038500,441500,6989746520,080 GRANTS REVENUE FUND,14 HEALTH
2018,1,8,08 PAYMENTS TO OTHER FUNDS,801,PAYMENTS TO GENERAL FUND            0801,80,14,15000,6989761520,6989761520,309469520,113876760,456500,1038500,456500,6989761520,080 GRANTS REVENUE FUND,14 HEALTH
2018,1,8,08 PAYMENTS TO OTHER FUNDS,801,PAYMENTS TO GENERAL FUND            0801,80,14,4000,6989765520,6989765520,309473520,113880760,460500,1038500,460500,6989765520,080 GRANTS REVENUE FUND,14 HEALTH
2018,1,8,08 PAYMENTS TO OTHER FUNDS,801,PAYMENTS TO GENERAL FUND            0801,80,14,20000,6989785520,6989785520,309493520,113900760,480500,1038500,480500,6989785520,080 GRANTS REVENUE FUND,14 HEALTH
2018,1,8,08 PAYMENTS TO OTHER FUNDS,801,PAYMENTS TO GENERAL FUND            0801,80,14,2000,6989787520,6989787520,309495520,113902760,482500,1038500,482500,6989787520,080 GRANTS REVENUE FUND,14 HEALTH
2018,1,8,08 PAYMENTS TO OTHER FUNDS,801,PAYMENTS TO GENERAL FUND            0801,80,14,20000,6989807520,6989807520,309515520,113922760,502500,1038500,502500,6989807520,080 GRANTS REVENUE FUND,14 HEALTH
2018,1,8,08 PAYMENTS TO OTHER FUNDS,801,PAYMENTS TO GENERAL FUND            0801,80,14,50000,6989857520,6989857520,309565520,113972760,552500,1038500,552500,6989857520,080 GRANTS REVENUE FUND,14 HEALTH
2018,1,8,08 PAYMENTS TO OTHER FUNDS,801,PAYMENTS TO GENERAL FUND            0801,80,14,20000,6989877520,6989877520,309585520,113992760,572500,1038500,572500,6989877520,080 GRANTS REVENUE FUND,14 HEALTH
2018,1,8,08 PAYMENTS TO OTHER FUNDS,801,PAYMENTS TO GENERAL FUND            0801,80,14,10000,6989887520,6989887520,309595520,114002760,582500,1038500,582500,6989887520,080 GRANTS REVENUE FUND,14 HEALTH
2018,1,8,08 PAYMENTS TO OTHER FUNDS,801,PAYMENTS TO GENERAL FUND            0801,80,14,10000,6989897520,6989897520,309605520,114012760,592500,1038500,592500,6989897520,080 GRANTS REVENUE FUND,14 HEALTH
2018,1,8,08 PAYMENTS TO OTHER FUNDS,801,PAYMENTS TO GENERAL FUND            0801,80,14,90000,6989987520,6989987520,309695520,114102760,682500,1038500,682500,6989987520,080 GRANTS REVENUE FUND,14 HEALTH
2018,1,8,08 PAYMENTS TO OTHER FUNDS,801,PAYMENTS TO GENERAL FUND            0801,80,14,1000,6989988520,6989988520,309696520,114103760,683500,1038500,683500,6989988520,080 GRANTS REVENUE FUND,14 HEALTH
2018,1,8,08 PAYMENTS TO OTHER FUNDS,801,PAYMENTS TO GENERAL FUND            0801,80,14,200000,6990188520,6990188520,309896520,114303760,883500,1038500,883500,6990188520,080 GRANTS REVENUE FUND,14 HEALTH
2018,1,8,08 PAYMENTS TO OTHER FUNDS,801,PAYMENTS TO GENERAL FUND            0801,80,14,40000,6990228520,6990228520,309936520,114343760,923500,1038500,923500,6990228520,080 GRANTS REVENUE FUND,14 HEALTH
2018,1,8,08 PAYMENTS TO OTHER FUNDS,801,PAYMENTS TO GENERAL FUND            0801,80,14,70000,6990298520,6990298520,310006520,114413760,993500,1038500,993500,6990298520,080 GRANTS REVENUE FUND,14 HEALTH
2018,1,8,08 PAYMENTS TO OTHER FUNDS,801,PAYMENTS TO GENERAL FUND            0801,80,14,10000,6990308520,6990308520,310016520,114423760,1003500,1038500,1003500,6990308520,080 GRANTS REVENUE FUND,14 HEALTH
2018,1,8,08 PAYMENTS TO OTHER FUNDS,801,PAYMENTS TO GENERAL FUND            0801,80,14,10000,6990318520,6990318520,310026520,114433760,1013500,1038500,1013500,6990318520,080 GRANTS REVENUE FUND,14 HEALTH
2018,1,8,08 PAYMENTS TO OTHER FUNDS,801,PAYMENTS TO GENERAL FUND            0801,80,14,15000,6990333520,6990333520,310041520,114448760,1028500,1038500,1028500,6990333520,080 GRANTS REVENUE FUND,14 HEALTH
2018,1,8,08 PAYMENTS TO OTHER FUNDS,801,PAYMENTS TO GENERAL FUND            0801,80,14,10000,6990343520,6990343520,310051520,114458760,1038500,1038500,1038500,6990343520,080 GRANTS REVENUE FUND,14 HEALTH
2018,1,1,01 PERSONAL SERVICES,101,PERM FULL TIME-CIVILIAN             0101,80,15,1289083,6991632603,6991632603,311340603,1289083,1289083,16796254,1289083,6991632603,080 GRANTS REVENUE FUND,15 OFFICE OF BH/MR SERVICES
2018,1,1,01 PERSONAL SERVICES,101,PERM FULL TIME-CIVILIAN             0101,80,15,180464,6991813067,6991813067,311521067,1469547,1469547,16796254,1469547,6991813067,080 GRANTS REVENUE FUND,15 OFFICE OF BH/MR SERVICES
2018,1,1,01 PERSONAL SERVICES,101,PERM FULL TIME-CIVILIAN             0101,80,15,4194194,6996007261,6996007261,315715261,5663741,5663741,16796254,5663741,6996007261,080 GRANTS REVENUE FUND,15 OFFICE OF BH/MR SERVICES
2018,1,1,01 PERSONAL SERVICES,101,PERM FULL TIME-CIVILIAN             0101,80,15,6169724,7002176985,7002176985,321884985,11833465,11833465,16796254,11833465,7002176985,080 GRANTS REVENUE FUND,15 OFFICE OF BH/MR SERVICES
2018,1,1,01 PERSONAL SERVICES,101,PERM FULL TIME-CIVILIAN             0101,80,15,4955519,7007132504,7007132504,326840504,16788984,16788984,16796254,16788984,7007132504,080 GRANTS REVENUE FUND,15 OFFICE OF BH/MR SERVICES
2018,1,1,01 PERSONAL SERVICES,101,PERM FULL TIME-CIVILIAN             0101,80,15,7270,7007139774,7007139774,326847774,16796254,16796254,16796254,16796254,7007139774,080 GRANTS REVENUE FUND,15 OFFICE OF BH/MR SERVICES
2018,1,1,01 PERSONAL SERVICES,187,WORKER'S COMP-DISABILITY COMP       0187,80,15,94111,7007233885,7007233885,326941885,16890365,16890365,225418,94111,7007233885,080 GRANTS REVENUE FUND,15 OFFICE OF BH/MR SERVICES
2018,1,1,01 PERSONAL SERVICES,187,WORKER'S COMP-DISABILITY COMP       0187,80,15,11519,7007245404,7007245404,326953404,16901884,16901884,225418,105630,7007245404,080 GRANTS REVENUE FUND,15 OFFICE OF BH/MR SERVICES
2018,1,1,01 PERSONAL SERVICES,187,WORKER'S COMP-DISABILITY COMP       0187,80,15,70419,7007315823,7007315823,327023823,16972303,16972303,225418,176049,7007315823,080 GRANTS REVENUE FUND,15 OFFICE OF BH/MR SERVICES
2018,1,1,01 PERSONAL SERVICES,187,WORKER'S COMP-DISABILITY COMP       0187,80,15,3150,7007318973,7007318973,327026973,16975453,16975453,225418,179199,7007318973,080 GRANTS REVENUE FUND,15 OFFICE OF BH/MR SERVICES
2018,1,1,01 PERSONAL SERVICES,187,WORKER'S COMP-DISABILITY COMP       0187,80,15,46219,7007365192,7007365192,327073192,17021672,17021672,225418,225418,7007365192,080 GRANTS REVENUE FUND,15 OFFICE OF BH/MR SERVICES
2018,1,1,01 PERSONAL SERVICES,189,MEDICARE TAX                        0189,80,15,8527,7007373719,7007373719,327081719,17030199,17030199,156879,8527,7007373719,080 GRANTS REVENUE FUND,15 OFFICE OF BH/MR SERVICES
2018,1,1,01 PERSONAL SERVICES,189,MEDICARE TAX                        0189,80,15,50286,7007424005,7007424005,327132005,17080485,17080485,156879,58813,7007424005,080 GRANTS REVENUE FUND,15 OFFICE OF BH/MR SERVICES
2018,1,1,01 PERSONAL SERVICES,189,MEDICARE TAX                        0189,80,15,29762,7007453767,7007453767,327161767,17110247,17110247,156879,88575,7007453767,080 GRANTS REVENUE FUND,15 OFFICE OF BH/MR SERVICES
2018,1,1,01 PERSONAL SERVICES,189,MEDICARE TAX                        0189,80,15,1507,7007455274,7007455274,327163274,17111754,17111754,156879,90082,7007455274,080 GRANTS REVENUE FUND,15 OFFICE OF BH/MR SERVICES
2018,1,1,01 PERSONAL SERVICES,189,MEDICARE TAX                        0189,80,15,66797,7007522071,7007522071,327230071,17178551,17178551,156879,156879,7007522071,080 GRANTS REVENUE FUND,15 OFFICE OF BH/MR SERVICES
2018,1,1,01 PERSONAL SERVICES,190,PENSION-OBLIGATION BOND PAYMENTS    0190,80,15,54684,7007576755,7007576755,327284755,17233235,17233235,650354,54684,7007576755,080 GRANTS REVENUE FUND,15 OFFICE OF BH/MR SERVICES
2018,1,1,01 PERSONAL SERVICES,190,PENSION-OBLIGATION BOND PAYMENTS    0190,80,15,231889,7007808644,7007808644,327516644,17465124,17465124,650354,286573,7007808644,080 GRANTS REVENUE FUND,15 OFFICE OF BH/MR SERVICES
2018,1,1,01 PERSONAL SERVICES,190,PENSION-OBLIGATION BOND PAYMENTS    0190,80,15,177798,7007986442,7007986442,327694442,17642922,17642922,650354,464371,7007986442,080 GRANTS REVENUE FUND,15 OFFICE OF BH/MR SERVICES
2018,1,1,01 PERSONAL SERVICES,190,PENSION-OBLIGATION BOND PAYMENTS    0190,80,15,185983,7008172425,7008172425,327880425,17828905,17828905,650354,650354,7008172425,080 GRANTS REVENUE FUND,15 OFFICE OF BH/MR SERVICES
2018,1,1,01 PERSONAL SERVICES,191,PENSION-ACTUAL                      0191,80,15,1436527,7009608952,7009608952,329316952,19265432,19265432,3995012,1436527,7009608952,080 GRANTS REVENUE FUND,15 OFFICE OF BH/MR SERVICES
2018,1,1,01 PERSONAL SERVICES,191,PENSION-ACTUAL                      0191,80,15,13500,7009622452,7009622452,329330452,19278932,19278932,3995012,1450027,7009622452,080 GRANTS REVENUE FUND,15 OFFICE OF BH/MR SERVICES
2018,1,1,01 PERSONAL SERVICES,191,PENSION-ACTUAL                      0191,80,15,1054771,7010677223,7010677223,330385223,20333703,20333703,3995012,2504798,7010677223,080 GRANTS REVENUE FUND,15 OFFICE OF BH/MR SERVICES
2018,1,1,01 PERSONAL SERVICES,191,PENSION-ACTUAL                      0191,80,15,1148619,7011825842,7011825842,331533842,21482322,21482322,3995012,3653417,7011825842,080 GRANTS REVENUE FUND,15 OFFICE OF BH/MR SERVICES
2018,1,1,01 PERSONAL SERVICES,191,PENSION-ACTUAL                      0191,80,15,341595,7012167437,7012167437,331875437,21823917,21823917,3995012,3995012,7012167437,080 GRANTS REVENUE FUND,15 OFFICE OF BH/MR SERVICES
2018,1,1,01 PERSONAL SERVICES,192,FICA TAXES                          0192,80,15,202184,7012369621,7012369621,332077621,22026101,22026101,526003,202184,7012369621,080 GRANTS REVENUE FUND,15 OFFICE OF BH/MR SERVICES
2018,1,1,01 PERSONAL SERVICES,192,FICA TAXES                          0192,80,15,36459,7012406080,7012406080,332114080,22062560,22062560,526003,238643,7012406080,080 GRANTS REVENUE FUND,15 OFFICE OF BH/MR SERVICES
2018,1,1,01 PERSONAL SERVICES,192,FICA TAXES                          0192,80,15,154791,7012560871,7012560871,332268871,22217351,22217351,526003,393434,7012560871,080 GRANTS REVENUE FUND,15 OFFICE OF BH/MR SERVICES
2018,1,1,01 PERSONAL SERVICES,192,FICA TAXES                          0192,80,15,7500,7012568371,7012568371,332276371,22224851,22224851,526003,400934,7012568371,080 GRANTS REVENUE FUND,15 OFFICE OF BH/MR SERVICES
2018,1,1,01 PERSONAL SERVICES,192,FICA TAXES                          0192,80,15,125069,7012693440,7012693440,332401440,22349920,22349920,526003,526003,7012693440,080 GRANTS REVENUE FUND,15 OFFICE OF BH/MR SERVICES
2018,1,1,01 PERSONAL SERVICES,193,MEDICAL HEALTH & WELFARE CREDIT     0193,80,15,28432,7012721872,7012721872,332429872,22378352,22378352,2378815,28432,7012721872,080 GRANTS REVENUE FUND,15 OFFICE OF BH/MR SERVICES
2018,1,1,01 PERSONAL SERVICES,193,MEDICAL HEALTH & WELFARE CREDIT     0193,80,15,561758,7013283630,7013283630,332991630,22940110,22940110,2378815,590190,7013283630,080 GRANTS REVENUE FUND,15 OFFICE OF BH/MR SERVICES
2018,1,1,01 PERSONAL SERVICES,193,MEDICAL HEALTH & WELFARE CREDIT     0193,80,15,906364,7014189994,7014189994,333897994,23846474,23846474,2378815,1496554,7014189994,080 GRANTS REVENUE FUND,15 OFFICE OF BH/MR SERVICES
2018,1,1,01 PERSONAL SERVICES,193,MEDICAL HEALTH & WELFARE CREDIT     0193,80,15,2692,7014192686,7014192686,333900686,23849166,23849166,2378815,1499246,7014192686,080 GRANTS REVENUE FUND,15 OFFICE OF BH/MR SERVICES
2018,1,1,01 PERSONAL SERVICES,193,MEDICAL HEALTH & WELFARE CREDIT     0193,80,15,757336,7014950022,7014950022,334658022,24606502,24606502,2378815,2256582,7014950022,080 GRANTS REVENUE FUND,15 OFFICE OF BH/MR SERVICES
2018,1,1,01 PERSONAL SERVICES,193,MEDICAL HEALTH & WELFARE CREDIT     0193,80,15,122233,7015072255,7015072255,334780255,24728735,24728735,2378815,2378815,7015072255,080 GRANTS REVENUE FUND,15 OFFICE OF BH/MR SERVICES
2018,1,1,01 PERSONAL SERVICES,194,GROUP LIFE INSURANCE                0194,80,15,5458,7015077713,7015077713,334785713,24734193,24734193,32056,5458,7015077713,080 GRANTS REVENUE FUND,15 OFFICE OF BH/MR SERVICES
2018,1,1,01 PERSONAL SERVICES,194,GROUP LIFE INSURANCE                0194,80,15,2179,7015079892,7015079892,334787892,24736372,24736372,32056,7637,7015079892,080 GRANTS REVENUE FUND,15 OFFICE OF BH/MR SERVICES
2018,1,1,01 PERSONAL SERVICES,194,GROUP LIFE INSURANCE                0194,80,15,13402,7015093294,7015093294,334801294,24749774,24749774,32056,21039,7015093294,080 GRANTS REVENUE FUND,15 OFFICE OF BH/MR SERVICES
2018,1,1,01 PERSONAL SERVICES,194,GROUP LIFE INSURANCE                0194,80,15,11017,7015104311,7015104311,334812311,24760791,24760791,32056,32056,7015104311,080 GRANTS REVENUE FUND,15 OFFICE OF BH/MR SERVICES
2018,1,1,01 PERSONAL SERVICES,195,GROUP LEGAL INSURANCE               0195,80,15,4383,7015108694,7015108694,334816694,24765174,24765174,19714,4383,7015108694,080 GRANTS REVENUE FUND,15 OFFICE OF BH/MR SERVICES
2018,1,1,01 PERSONAL SERVICES,195,GROUP LEGAL INSURANCE               0195,80,15,944,7015109638,7015109638,334817638,24766118,24766118,19714,5327,7015109638,080 GRANTS REVENUE FUND,15 OFFICE OF BH/MR SERVICES
2018,1,1,01 PERSONAL SERVICES,195,GROUP LEGAL INSURANCE               0195,80,15,10194,7015119832,7015119832,334827832,24776312,24776312,19714,15521,7015119832,080 GRANTS REVENUE FUND,15 OFFICE OF BH/MR SERVICES
2018,1,1,01 PERSONAL SERVICES,195,GROUP LEGAL INSURANCE               0195,80,15,4193,7015124025,7015124025,334832025,24780505,24780505,19714,19714,7015124025,080 GRANTS REVENUE FUND,15 OFFICE OF BH/MR SERVICES
2018,1,2,02 PURCHASE OF SERVICES,250,PROFESSIONAL CONSULT/SPEC SERVICES  0250,80,15,200000,7015324025,7015324025,335032025,24980505,200000,12573019,200000,7015324025,080 GRANTS REVENUE FUND,15 OFFICE OF BH/MR SERVICES
2018,1,2,02 PURCHASE OF SERVICES,250,PROFESSIONAL CONSULT/SPEC SERVICES  0250,80,15,1935318,7017259343,7017259343,336967343,26915823,2135318,12573019,2135318,7017259343,080 GRANTS REVENUE FUND,15 OFFICE OF BH/MR SERVICES
2018,1,2,02 PURCHASE OF SERVICES,250,PROFESSIONAL CONSULT/SPEC SERVICES  0250,80,15,9433283,7026692626,7026692626,346400626,36349106,11568601,12573019,11568601,7026692626,080 GRANTS REVENUE FUND,15 OFFICE OF BH/MR SERVICES
2018,1,2,02 PURCHASE OF SERVICES,250,PROFESSIONAL CONSULT/SPEC SERVICES  0250,80,15,399114,7027091740,7027091740,346799740,36748220,11967715,12573019,11967715,7027091740,080 GRANTS REVENUE FUND,15 OFFICE OF BH/MR SERVICES
2018,1,2,02 PURCHASE OF SERVICES,250,PROFESSIONAL CONSULT/SPEC SERVICES  0250,80,15,605304,7027697044,7027697044,347405044,37353524,12573019,12573019,12573019,7027697044,080 GRANTS REVENUE FUND,15 OFFICE OF BH/MR SERVICES
2018,1,2,02 PURCHASE OF SERVICES,254,MENTAL HEALTH & RETARDATION SERVICE 0254,80,15,55000,7027752044,7027752044,347460044,37408524,12628019,507500,55000,7027752044,080 GRANTS REVENUE FUND,15 OFFICE OF BH/MR SERVICES
2018,1,2,02 PURCHASE OF SERVICES,254,MENTAL HEALTH & RETARDATION SERVICE 0254,80,15,62500,7027814544,7027814544,347522544,37471024,12690519,507500,117500,7027814544,080 GRANTS REVENUE FUND,15 OFFICE OF BH/MR SERVICES
2018,1,2,02 PURCHASE OF SERVICES,254,MENTAL HEALTH & RETARDATION SERVICE 0254,80,15,390000,7028204544,7028204544,347912544,37861024,13080519,507500,507500,7028204544,080 GRANTS REVENUE FUND,15 OFFICE OF BH/MR SERVICES
2018,1,2,02 PURCHASE OF SERVICES,284,GROUND AND BUILDING RENTAL          0284,80,15,610000,7028814544,7028814544,348522544,38471024,13690519,1485000,610000,7028814544,080 GRANTS REVENUE FUND,15 OFFICE OF BH/MR SERVICES
2018,1,2,02 PURCHASE OF SERVICES,284,GROUND AND BUILDING RENTAL          0284,80,15,590000,7029404544,7029404544,349112544,39061024,14280519,1485000,1200000,7029404544,080 GRANTS REVENUE FUND,15 OFFICE OF BH/MR SERVICES
2018,1,2,02 PURCHASE OF SERVICES,284,GROUND AND BUILDING RENTAL          0284,80,15,285000,7029689544,7029689544,349397544,39346024,14565519,1485000,1485000,7029689544,080 GRANTS REVENUE FUND,15 OFFICE OF BH/MR SERVICES
2018,1,2,02 PURCHASE OF SERVICES,299,OTHER EXPENSES (NOT OTHRWSE CLSSFD) 0299,80,15,1000000,7030689544,7030689544,350397544,40346024,15565519,231303569,1000000,7030689544,080 GRANTS REVENUE FUND,15 OFFICE OF BH/MR SERVICES
2018,1,2,02 PURCHASE OF SERVICES,299,OTHER EXPENSES (NOT OTHRWSE CLSSFD) 0299,80,15,13073521,7043763065,7043763065,363471065,53419545,28639040,231303569,14073521,7043763065,080 GRANTS REVENUE FUND,15 OFFICE OF BH/MR SERVICES
2018,1,2,02 PURCHASE OF SERVICES,299,OTHER EXPENSES (NOT OTHRWSE CLSSFD) 0299,80,15,21998567,7065761632,7065761632,385469632,75418112,50637607,231303569,36072088,7065761632,080 GRANTS REVENUE FUND,15 OFFICE OF BH/MR SERVICES
2018,1,2,02 PURCHASE OF SERVICES,299,OTHER EXPENSES (NOT OTHRWSE CLSSFD) 0299,80,15,134617796,7200379428,7200379428,520087428,210035908,185255403,231303569,170689884,7200379428,080 GRANTS REVENUE FUND,15 OFFICE OF BH/MR SERVICES
2018,1,2,02 PURCHASE OF SERVICES,299,OTHER EXPENSES (NOT OTHRWSE CLSSFD) 0299,80,15,9997918,7210377346,7210377346,530085346,220033826,195253321,231303569,180687802,7210377346,080 GRANTS REVENUE FUND,15 OFFICE OF BH/MR SERVICES
2018,1,2,02 PURCHASE OF SERVICES,299,OTHER EXPENSES (NOT OTHRWSE CLSSFD) 0299,80,15,13265546,7223642892,7223642892,543350892,233299372,208518867,231303569,193953348,7223642892,080 GRANTS REVENUE FUND,15 OFFICE OF BH/MR SERVICES
2018,1,2,02 PURCHASE OF SERVICES,299,OTHER EXPENSES (NOT OTHRWSE CLSSFD) 0299,80,15,3264225,7226907117,7226907117,546615117,236563597,211783092,231303569,197217573,7226907117,080 GRANTS REVENUE FUND,15 OFFICE OF BH/MR SERVICES
2018,1,2,02 PURCHASE OF SERVICES,299,OTHER EXPENSES (NOT OTHRWSE CLSSFD) 0299,80,15,9671040,7236578157,7236578157,556286157,246234637,221454132,231303569,206888613,7236578157,080 GRANTS REVENUE FUND,15 OFFICE OF BH/MR SERVICES
2018,1,2,02 PURCHASE OF SERVICES,299,OTHER EXPENSES (NOT OTHRWSE CLSSFD) 0299,80,15,3751369,7240329526,7240329526,560037526,249986006,225205501,231303569,210639982,7240329526,080 GRANTS REVENUE FUND,15 OFFICE OF BH/MR SERVICES
2018,1,2,02 PURCHASE OF SERVICES,299,OTHER EXPENSES (NOT OTHRWSE CLSSFD) 0299,80,15,6863776,7247193302,7247193302,566901302,256849782,232069277,231303569,217503758,7247193302,080 GRANTS REVENUE FUND,15 OFFICE OF BH/MR SERVICES
2018,1,2,02 PURCHASE OF SERVICES,299,OTHER EXPENSES (NOT OTHRWSE CLSSFD) 0299,80,15,1422353,7248615655,7248615655,568323655,258272135,233491630,231303569,218926111,7248615655,080 GRANTS REVENUE FUND,15 OFFICE OF BH/MR SERVICES
2018,1,2,02 PURCHASE OF SERVICES,299,OTHER EXPENSES (NOT OTHRWSE CLSSFD) 0299,80,15,6531783,7255147438,7255147438,574855438,264803918,240023413,231303569,225457894,7255147438,080 GRANTS REVENUE FUND,15 OFFICE OF BH/MR SERVICES
2018,1,2,02 PURCHASE OF SERVICES,299,OTHER EXPENSES (NOT OTHRWSE CLSSFD) 0299,80,15,783742,7255931180,7255931180,575639180,265587660,240807155,231303569,226241636,7255931180,080 GRANTS REVENUE FUND,15 OFFICE OF BH/MR SERVICES
2018,1,2,02 PURCHASE OF SERVICES,299,OTHER EXPENSES (NOT OTHRWSE CLSSFD) 0299,80,15,479078,7256410258,7256410258,576118258,266066738,241286233,231303569,226720714,7256410258,080 GRANTS REVENUE FUND,15 OFFICE OF BH/MR SERVICES
2018,1,2,02 PURCHASE OF SERVICES,299,OTHER EXPENSES (NOT OTHRWSE CLSSFD) 0299,80,15,300000,7256710258,7256710258,576418258,266366738,241586233,231303569,227020714,7256710258,080 GRANTS REVENUE FUND,15 OFFICE OF BH/MR SERVICES
2018,1,2,02 PURCHASE OF SERVICES,299,OTHER EXPENSES (NOT OTHRWSE CLSSFD) 0299,80,15,4282855,7260993113,7260993113,580701113,270649593,245869088,231303569,231303569,7260993113,080 GRANTS REVENUE FUND,15 OFFICE OF BH/MR SERVICES
2018,1,3,03 MATERIALS AND SUPPLIES,399,OTHER MATERIALS AND SUPPLIES (NOC)  0399,80,15,15000,7261008113,7261008113,580716113,270664593,15000,202500,15000,7261008113,080 GRANTS REVENUE FUND,15 OFFICE OF BH/MR SERVICES
2018,1,3,03 MATERIALS AND SUPPLIES,399,OTHER MATERIALS AND SUPPLIES (NOC)  0399,80,15,25000,7261033113,7261033113,580741113,270689593,40000,202500,40000,7261033113,080 GRANTS REVENUE FUND,15 OFFICE OF BH/MR SERVICES
2018,1,3,03 MATERIALS AND SUPPLIES,399,OTHER MATERIALS AND SUPPLIES (NOC)  0399,80,15,57500,7261090613,7261090613,580798613,270747093,97500,202500,97500,7261090613,080 GRANTS REVENUE FUND,15 OFFICE OF BH/MR SERVICES
2018,1,3,03 MATERIALS AND SUPPLIES,399,OTHER MATERIALS AND SUPPLIES (NOC)  0399,80,15,105000,7261195613,7261195613,580903613,270852093,202500,202500,202500,7261195613,080 GRANTS REVENUE FUND,15 OFFICE OF BH/MR SERVICES
2018,1,4,04 EQUIPMENT,499,OTHER EQUIPMENT (NOC)               0499,80,15,7500,7261203113,7261203113,580911113,270859593,7500,82500,7500,7261203113,080 GRANTS REVENUE FUND,15 OFFICE OF BH/MR SERVICES
2018,1,4,04 EQUIPMENT,499,OTHER EQUIPMENT (NOC)               0499,80,15,45000,7261248113,7261248113,580956113,270904593,52500,82500,52500,7261248113,080 GRANTS REVENUE FUND,15 OFFICE OF BH/MR SERVICES
2018,1,4,04 EQUIPMENT,499,OTHER EQUIPMENT (NOC)               0499,80,15,25000,7261273113,7261273113,580981113,270929593,77500,82500,77500,7261273113,080 GRANTS REVENUE FUND,15 OFFICE OF BH/MR SERVICES
2018,1,4,04 EQUIPMENT,499,OTHER EQUIPMENT (NOC)               0499,80,15,5000,7261278113,7261278113,580986113,270934593,82500,82500,82500,7261278113,080 GRANTS REVENUE FUND,15 OFFICE OF BH/MR SERVICES
2018,1,8,08 PAYMENTS TO OTHER FUNDS,801,PAYMENTS TO GENERAL FUND            0801,80,15,6445,7261284558,7261284558,580992558,270941038,6445,83081,6445,7261284558,080 GRANTS REVENUE FUND,15 OFFICE OF BH/MR SERVICES
2018,1,8,08 PAYMENTS TO OTHER FUNDS,801,PAYMENTS TO GENERAL FUND            0801,80,15,38,7261284596,7261284596,580992596,270941076,6483,83081,6483,7261284596,080 GRANTS REVENUE FUND,15 OFFICE OF BH/MR SERVICES
2018,1,8,08 PAYMENTS TO OTHER FUNDS,801,PAYMENTS TO GENERAL FUND            0801,80,15,30849,7261315445,7261315445,581023445,270971925,37332,83081,37332,7261315445,080 GRANTS REVENUE FUND,15 OFFICE OF BH/MR SERVICES
2018,1,8,08 PAYMENTS TO OTHER FUNDS,801,PAYMENTS TO GENERAL FUND            0801,80,15,20971,7261336416,7261336416,581044416,270992896,58303,83081,58303,7261336416,080 GRANTS REVENUE FUND,15 OFFICE OF BH/MR SERVICES
2018,1,8,08 PAYMENTS TO OTHER FUNDS,801,PAYMENTS TO GENERAL FUND            0801,80,15,24778,7261361194,7261361194,581069194,271017674,83081,83081,83081,7261361194,080 GRANTS REVENUE FUND,15 OFFICE OF BH/MR SERVICES
2018,1,1,01 PERSONAL SERVICES,101,PERM FULL TIME-CIVILIAN             0101,80,16,450000,7261811194,7261811194,581519194,450000,450000,1542342,450000,7261811194,080 GRANTS REVENUE FUND,16 RECREATION
2018,1,1,01 PERSONAL SERVICES,101,PERM FULL TIME-CIVILIAN             0101,80,16,2000,7261813194,7261813194,581521194,452000,452000,1542342,452000,7261813194,080 GRANTS REVENUE FUND,16 RECREATION
2018,1,1,01 PERSONAL SERVICES,101,PERM FULL TIME-CIVILIAN             0101,80,16,602617,7262415811,7262415811,582123811,1054617,1054617,1542342,1054617,7262415811,080 GRANTS REVENUE FUND,16 RECREATION
2018,1,1,01 PERSONAL SERVICES,101,PERM FULL TIME-CIVILIAN             0101,80,16,487725,7262903536,7262903536,582611536,1542342,1542342,1542342,1542342,7262903536,080 GRANTS REVENUE FUND,16 RECREATION
2018,1,1,01 PERSONAL SERVICES,121,TEMPORARY/SEASONAL                  0121,80,16,186134,7263089670,7263089670,582797670,1728476,1728476,1632589,186134,7263089670,080 GRANTS REVENUE FUND,16 RECREATION
2018,1,1,01 PERSONAL SERVICES,121,TEMPORARY/SEASONAL                  0121,80,16,275000,7263364670,7263364670,583072670,2003476,2003476,1632589,461134,7263364670,080 GRANTS REVENUE FUND,16 RECREATION
2018,1,1,01 PERSONAL SERVICES,121,TEMPORARY/SEASONAL                  0121,80,16,840705,7264205375,7264205375,583913375,2844181,2844181,1632589,1301839,7264205375,080 GRANTS REVENUE FUND,16 RECREATION
2018,1,1,01 PERSONAL SERVICES,121,TEMPORARY/SEASONAL                  0121,80,16,330750,7264536125,7264536125,584244125,3174931,3174931,1632589,1632589,7264536125,080 GRANTS REVENUE FUND,16 RECREATION
2018,1,1,01 PERSONAL SERVICES,187,WORKER'S COMP-DISABILITY COMP       0187,80,16,3963,7264540088,7264540088,584248088,3178894,3178894,133705,3963,7264540088,080 GRANTS REVENUE FUND,16 RECREATION
2018,1,1,01 PERSONAL SERVICES,187,WORKER'S COMP-DISABILITY COMP       0187,80,16,10743,7264550831,7264550831,584258831,3189637,3189637,133705,14706,7264550831,080 GRANTS REVENUE FUND,16 RECREATION
2018,1,1,01 PERSONAL SERVICES,187,WORKER'S COMP-DISABILITY COMP       0187,80,16,19646,7264570477,7264570477,584278477,3209283,3209283,133705,34352,7264570477,080 GRANTS REVENUE FUND,16 RECREATION
2018,1,1,01 PERSONAL SERVICES,187,WORKER'S COMP-DISABILITY COMP       0187,80,16,38313,7264608790,7264608790,584316790,3247596,3247596,133705,72665,7264608790,080 GRANTS REVENUE FUND,16 RECREATION
2018,1,1,01 PERSONAL SERVICES,187,WORKER'S COMP-DISABILITY COMP       0187,80,16,42313,7264651103,7264651103,584359103,3289909,3289909,133705,114978,7264651103,080 GRANTS REVENUE FUND,16 RECREATION
2018,1,1,01 PERSONAL SERVICES,187,WORKER'S COMP-DISABILITY COMP       0187,80,16,18727,7264669830,7264669830,584377830,3308636,3308636,133705,133705,7264669830,080 GRANTS REVENUE FUND,16 RECREATION
2018,1,1,01 PERSONAL SERVICES,189,MEDICARE TAX                        0189,80,16,3987,7264673817,7264673817,584381817,3312623,3312623,35531,3987,7264673817,080 GRANTS REVENUE FUND,16 RECREATION
2018,1,1,01 PERSONAL SERVICES,189,MEDICARE TAX                        0189,80,16,2184,7264676001,7264676001,584384001,3314807,3314807,35531,6171,7264676001,080 GRANTS REVENUE FUND,16 RECREATION
2018,1,1,01 PERSONAL SERVICES,189,MEDICARE TAX                        0189,80,16,6661,7264682662,7264682662,584390662,3321468,3321468,35531,12832,7264682662,080 GRANTS REVENUE FUND,16 RECREATION
2018,1,1,01 PERSONAL SERVICES,189,MEDICARE TAX                        0189,80,16,6676,7264689338,7264689338,584397338,3328144,3328144,35531,19508,7264689338,080 GRANTS REVENUE FUND,16 RECREATION
2018,1,1,01 PERSONAL SERVICES,189,MEDICARE TAX                        0189,80,16,11858,7264701196,7264701196,584409196,3340002,3340002,35531,31366,7264701196,080 GRANTS REVENUE FUND,16 RECREATION
2018,1,1,01 PERSONAL SERVICES,189,MEDICARE TAX                        0189,80,16,4165,7264705361,7264705361,584413361,3344167,3344167,35531,35531,7264705361,080 GRANTS REVENUE FUND,16 RECREATION
2018,1,1,01 PERSONAL SERVICES,190,PENSION-OBLIGATION BOND PAYMENTS    0190,80,16,44001,7264749362,7264749362,584457362,3388168,3388168,44001,44001,7264749362,080 GRANTS REVENUE FUND,16 RECREATION
2018,1,1,01 PERSONAL SERVICES,191,PENSION-ACTUAL                      0191,80,16,10454,7264759816,7264759816,584467816,3398622,3398622,69535,10454,7264759816,080 GRANTS REVENUE FUND,16 RECREATION
2018,1,1,01 PERSONAL SERVICES,191,PENSION-ACTUAL                      0191,80,16,26003,7264785819,7264785819,584493819,3424625,3424625,69535,36457,7264785819,080 GRANTS REVENUE FUND,16 RECREATION
2018,1,1,01 PERSONAL SERVICES,191,PENSION-ACTUAL                      0191,80,16,29476,7264815295,7264815295,584523295,3454101,3454101,69535,65933,7264815295,080 GRANTS REVENUE FUND,16 RECREATION
2018,1,1,01 PERSONAL SERVICES,191,PENSION-ACTUAL                      0191,80,16,3602,7264818897,7264818897,584526897,3457703,3457703,69535,69535,7264818897,080 GRANTS REVENUE FUND,16 RECREATION
2018,1,1,01 PERSONAL SERVICES,192,FICA TAXES                          0192,80,16,17796,7264836693,7264836693,584544693,3475499,3475499,156735,17796,7264836693,080 GRANTS REVENUE FUND,16 RECREATION
2018,1,1,01 PERSONAL SERVICES,192,FICA TAXES                          0192,80,16,56061,7264892754,7264892754,584600754,3531560,3531560,156735,73857,7264892754,080 GRANTS REVENUE FUND,16 RECREATION
2018,1,1,01 PERSONAL SERVICES,192,FICA TAXES                          0192,80,16,28544,7264921298,7264921298,584629298,3560104,3560104,156735,102401,7264921298,080 GRANTS REVENUE FUND,16 RECREATION
2018,1,1,01 PERSONAL SERVICES,192,FICA TAXES                          0192,80,16,27947,7264949245,7264949245,584657245,3588051,3588051,156735,130348,7264949245,080 GRANTS REVENUE FUND,16 RECREATION
2018,1,1,01 PERSONAL SERVICES,192,FICA TAXES                          0192,80,16,17050,7264966295,7264966295,584674295,3605101,3605101,156735,147398,7264966295,080 GRANTS REVENUE FUND,16 RECREATION
2018,1,1,01 PERSONAL SERVICES,192,FICA TAXES                          0192,80,16,9337,7264975632,7264975632,584683632,3614438,3614438,156735,156735,7264975632,080 GRANTS REVENUE FUND,16 RECREATION
2018,1,1,01 PERSONAL SERVICES,193,MEDICAL HEALTH & WELFARE CREDIT     0193,80,16,3037,7264978669,7264978669,584686669,3617475,3617475,88698,3037,7264978669,080 GRANTS REVENUE FUND,16 RECREATION
2018,1,1,01 PERSONAL SERVICES,193,MEDICAL HEALTH & WELFARE CREDIT     0193,80,16,85661,7265064330,7265064330,584772330,3703136,3703136,88698,88698,7265064330,080 GRANTS REVENUE FUND,16 RECREATION
2018,1,1,01 PERSONAL SERVICES,194,GROUP LIFE INSURANCE                0194,80,16,306,7265064636,7265064636,584772636,3703442,3703442,314,306,7265064636,080 GRANTS REVENUE FUND,16 RECREATION
2018,1,1,01 PERSONAL SERVICES,194,GROUP LIFE INSURANCE                0194,80,16,8,7265064644,7265064644,584772644,3703450,3703450,314,314,7265064644,080 GRANTS REVENUE FUND,16 RECREATION
2018,1,1,01 PERSONAL SERVICES,195,GROUP LEGAL INSURANCE               0195,80,16,33,7265064677,7265064677,584772677,3703483,3703483,1235,33,7265064677,080 GRANTS REVENUE FUND,16 RECREATION
2018,1,1,01 PERSONAL SERVICES,195,GROUP LEGAL INSURANCE               0195,80,16,1202,7265065879,7265065879,584773879,3704685,3704685,1235,1235,7265065879,080 GRANTS REVENUE FUND,16 RECREATION
2018,1,2,02 PURCHASE OF SERVICES,299,OTHER EXPENSES (NOT OTHRWSE CLSSFD) 0299,80,16,356478,7265422357,7265422357,585130357,4061163,356478,1580486,356478,7265422357,080 GRANTS REVENUE FUND,16 RECREATION
2018,1,2,02 PURCHASE OF SERVICES,299,OTHER EXPENSES (NOT OTHRWSE CLSSFD) 0299,80,16,23674,7265446031,7265446031,585154031,4084837,380152,1580486,380152,7265446031,080 GRANTS REVENUE FUND,16 RECREATION
2018,1,2,02 PURCHASE OF SERVICES,299,OTHER EXPENSES (NOT OTHRWSE CLSSFD) 0299,80,16,15484,7265461515,7265461515,585169515,4100321,395636,1580486,395636,7265461515,080 GRANTS REVENUE FUND,16 RECREATION
2018,1,2,02 PURCHASE OF SERVICES,299,OTHER EXPENSES (NOT OTHRWSE CLSSFD) 0299,80,16,50000,7265511515,7265511515,585219515,4150321,445636,1580486,445636,7265511515,080 GRANTS REVENUE FUND,16 RECREATION
2018,1,2,02 PURCHASE OF SERVICES,299,OTHER EXPENSES (NOT OTHRWSE CLSSFD) 0299,80,16,32500,7265544015,7265544015,585252015,4182821,478136,1580486,478136,7265544015,080 GRANTS REVENUE FUND,16 RECREATION
2018,1,2,02 PURCHASE OF SERVICES,299,OTHER EXPENSES (NOT OTHRWSE CLSSFD) 0299,80,16,192350,7265736365,7265736365,585444365,4375171,670486,1580486,670486,7265736365,080 GRANTS REVENUE FUND,16 RECREATION
2018,1,2,02 PURCHASE OF SERVICES,299,OTHER EXPENSES (NOT OTHRWSE CLSSFD) 0299,80,16,10000,7265746365,7265746365,585454365,4385171,680486,1580486,680486,7265746365,080 GRANTS REVENUE FUND,16 RECREATION
2018,1,2,02 PURCHASE OF SERVICES,299,OTHER EXPENSES (NOT OTHRWSE CLSSFD) 0299,80,16,900000,7266646365,7266646365,586354365,5285171,1580486,1580486,1580486,7266646365,080 GRANTS REVENUE FUND,16 RECREATION
2018,1,3,03 MATERIALS AND SUPPLIES,313,FOOD                                0313,80,16,1500000,7268146365,7268146365,587854365,6785171,1500000,1500000,1500000,7268146365,080 GRANTS REVENUE FUND,16 RECREATION
2018,1,3,03 MATERIALS AND SUPPLIES,399,OTHER MATERIALS AND SUPPLIES (NOC)  0399,80,16,100000,7268246365,7268246365,587954365,6885171,1600000,5590439,100000,7268246365,080 GRANTS REVENUE FUND,16 RECREATION
2018,1,3,03 MATERIALS AND SUPPLIES,399,OTHER MATERIALS AND SUPPLIES (NOC)  0399,80,16,172268,7268418633,7268418633,588126633,7057439,1772268,5590439,272268,7268418633,080 GRANTS REVENUE FUND,16 RECREATION
2018,1,3,03 MATERIALS AND SUPPLIES,399,OTHER MATERIALS AND SUPPLIES (NOC)  0399,80,16,4800000,7273218633,7273218633,592926633,11857439,6572268,5590439,5072268,7273218633,080 GRANTS REVENUE FUND,16 RECREATION
2018,1,3,03 MATERIALS AND SUPPLIES,399,OTHER MATERIALS AND SUPPLIES (NOC)  0399,80,16,32171,7273250804,7273250804,592958804,11889610,6604439,5590439,5104439,7273250804,080 GRANTS REVENUE FUND,16 RECREATION
2018,1,3,03 MATERIALS AND SUPPLIES,399,OTHER MATERIALS AND SUPPLIES (NOC)  0399,80,16,36000,7273286804,7273286804,592994804,11925610,6640439,5590439,5140439,7273286804,080 GRANTS REVENUE FUND,16 RECREATION
2018,1,3,03 MATERIALS AND SUPPLIES,399,OTHER MATERIALS AND SUPPLIES (NOC)  0399,80,16,450000,7273736804,7273736804,593444804,12375610,7090439,5590439,5590439,7273736804,080 GRANTS REVENUE FUND,16 RECREATION
2018,1,4,04 EQUIPMENT,499,OTHER EQUIPMENT (NOC)               0499,80,16,23944,7273760748,7273760748,593468748,12399554,23944,55944,23944,7273760748,080 GRANTS REVENUE FUND,16 RECREATION
2018,1,4,04 EQUIPMENT,499,OTHER EQUIPMENT (NOC)               0499,80,16,32000,7273792748,7273792748,593500748,12431554,55944,55944,55944,7273792748,080 GRANTS REVENUE FUND,16 RECREATION
2018,1,5,"05 CONTRIBUTIONS,INDEMNITIES,REFDS,TAXES",505,CONTRIBUTIONS-ED & NON-PROF REC ORG 0505,80,16,100000,7273892748,7273892748,593600748,12531554,100000,100000,100000,7273892748,080 GRANTS REVENUE FUND,16 RECREATION
2018,1,1,01 PERSONAL SERVICES,100,SALARY CONTROL                      0100,80,22,86445,7273979193,7273979193,593687193,86445,86445,633198,86445,7273979193,080 GRANTS REVENUE FUND,22 HUMAN SERVICES
2018,1,1,01 PERSONAL SERVICES,100,SALARY CONTROL                      0100,80,22,337406,7274316599,7274316599,594024599,423851,423851,633198,423851,7274316599,080 GRANTS REVENUE FUND,22 HUMAN SERVICES
2018,1,1,01 PERSONAL SERVICES,100,SALARY CONTROL                      0100,80,22,66999,7274383598,7274383598,594091598,490850,490850,633198,490850,7274383598,080 GRANTS REVENUE FUND,22 HUMAN SERVICES
2018,1,1,01 PERSONAL SERVICES,100,SALARY CONTROL                      0100,80,22,31973,7274415571,7274415571,594123571,522823,522823,633198,522823,7274415571,080 GRANTS REVENUE FUND,22 HUMAN SERVICES
2018,1,1,01 PERSONAL SERVICES,100,SALARY CONTROL                      0100,80,22,80606,7274496177,7274496177,594204177,603429,603429,633198,603429,7274496177,080 GRANTS REVENUE FUND,22 HUMAN SERVICES
2018,1,1,01 PERSONAL SERVICES,100,SALARY CONTROL                      0100,80,22,29769,7274525946,7274525946,594233946,633198,633198,633198,633198,7274525946,080 GRANTS REVENUE FUND,22 HUMAN SERVICES
2018,1,1,01 PERSONAL SERVICES,101,PERM FULL TIME-CIVILIAN             0101,80,22,4319785,7278845731,7278845731,598553731,4952983,4952983,69994078,4319785,7278845731,080 GRANTS REVENUE FUND,22 HUMAN SERVICES
2018,1,1,01 PERSONAL SERVICES,101,PERM FULL TIME-CIVILIAN             0101,80,22,2888308,7281734039,7281734039,601442039,7841291,7841291,69994078,7208093,7281734039,080 GRANTS REVENUE FUND,22 HUMAN SERVICES
2018,1,1,01 PERSONAL SERVICES,101,PERM FULL TIME-CIVILIAN             0101,80,22,726166,7282460205,7282460205,602168205,8567457,8567457,69994078,7934259,7282460205,080 GRANTS REVENUE FUND,22 HUMAN SERVICES
2018,1,1,01 PERSONAL SERVICES,101,PERM FULL TIME-CIVILIAN             0101,80,22,4763737,7287223942,7287223942,606931942,13331194,13331194,69994078,12697996,7287223942,080 GRANTS REVENUE FUND,22 HUMAN SERVICES
2018,1,1,01 PERSONAL SERVICES,101,PERM FULL TIME-CIVILIAN             0101,80,22,5886496,7293110438,7293110438,612818438,19217690,19217690,69994078,18584492,7293110438,080 GRANTS REVENUE FUND,22 HUMAN SERVICES
2018,1,1,01 PERSONAL SERVICES,101,PERM FULL TIME-CIVILIAN             0101,80,22,4316569,7297427007,7297427007,617135007,23534259,23534259,69994078,22901061,7297427007,080 GRANTS REVENUE FUND,22 HUMAN SERVICES
2018,1,1,01 PERSONAL SERVICES,101,PERM FULL TIME-CIVILIAN             0101,80,22,38462388,7335889395,7335889395,655597395,61996647,61996647,69994078,61363449,7335889395,080 GRANTS REVENUE FUND,22 HUMAN SERVICES
2018,1,1,01 PERSONAL SERVICES,101,PERM FULL TIME-CIVILIAN             0101,80,22,8630629,7344520024,7344520024,664228024,70627276,70627276,69994078,69994078,7344520024,080 GRANTS REVENUE FUND,22 HUMAN SERVICES
2018,1,1,01 PERSONAL SERVICES,161,OVERTIME-CIVILIAN                   0161,80,22,503051,7345023075,7345023075,664731075,71130327,71130327,8568063,503051,7345023075,080 GRANTS REVENUE FUND,22 HUMAN SERVICES
2018,1,1,01 PERSONAL SERVICES,161,OVERTIME-CIVILIAN                   0161,80,22,85623,7345108698,7345108698,664816698,71215950,71215950,8568063,588674,7345108698,080 GRANTS REVENUE FUND,22 HUMAN SERVICES
2018,1,1,01 PERSONAL SERVICES,161,OVERTIME-CIVILIAN                   0161,80,22,171202,7345279900,7345279900,664987900,71387152,71387152,8568063,759876,7345279900,080 GRANTS REVENUE FUND,22 HUMAN SERVICES
2018,1,1,01 PERSONAL SERVICES,161,OVERTIME-CIVILIAN                   0161,80,22,5704927,7350984827,7350984827,670692827,77092079,77092079,8568063,6464803,7350984827,080 GRANTS REVENUE FUND,22 HUMAN SERVICES
2018,1,1,01 PERSONAL SERVICES,161,OVERTIME-CIVILIAN                   0161,80,22,2011338,7352996165,7352996165,672704165,79103417,79103417,8568063,8476141,7352996165,080 GRANTS REVENUE FUND,22 HUMAN SERVICES
2018,1,1,01 PERSONAL SERVICES,161,OVERTIME-CIVILIAN                   0161,80,22,91922,7353088087,7353088087,672796087,79195339,79195339,8568063,8568063,7353088087,080 GRANTS REVENUE FUND,22 HUMAN SERVICES
2018,1,1,01 PERSONAL SERVICES,171,"HOLIDAY ""G""(2/3 SHIFTS)             0171",80,22,2482,7353090569,7353090569,672798569,79197821,79197821,235851,2482,7353090569,080 GRANTS REVENUE FUND,22 HUMAN SERVICES
2018,1,1,01 PERSONAL SERVICES,171,"HOLIDAY ""G""(2/3 SHIFTS)             0171",80,22,207,7353090776,7353090776,672798776,79198028,79198028,235851,2689,7353090776,080 GRANTS REVENUE FUND,22 HUMAN SERVICES
2018,1,1,01 PERSONAL SERVICES,171,"HOLIDAY ""G""(2/3 SHIFTS)             0171",80,22,162939,7353253715,7353253715,672961715,79360967,79360967,235851,165628,7353253715,080 GRANTS REVENUE FUND,22 HUMAN SERVICES
2018,1,1,01 PERSONAL SERVICES,171,"HOLIDAY ""G""(2/3 SHIFTS)             0171",80,22,1683,7353255398,7353255398,672963398,79362650,79362650,235851,167311,7353255398,080 GRANTS REVENUE FUND,22 HUMAN SERVICES
2018,1,1,01 PERSONAL SERVICES,171,"HOLIDAY ""G""(2/3 SHIFTS)             0171",80,22,1537,7353256935,7353256935,672964935,79364187,79364187,235851,168848,7353256935,080 GRANTS REVENUE FUND,22 HUMAN SERVICES
2018,1,1,01 PERSONAL SERVICES,171,"HOLIDAY ""G""(2/3 SHIFTS)             0171",80,22,67003,7353323938,7353323938,673031938,79431190,79431190,235851,235851,7353323938,080 GRANTS REVENUE FUND,22 HUMAN SERVICES
2018,1,1,01 PERSONAL SERVICES,181,SHIFT                               0181,80,22,2612,7353326550,7353326550,673034550,79433802,79433802,107529,2612,7353326550,080 GRANTS REVENUE FUND,22 HUMAN SERVICES
2018,1,1,01 PERSONAL SERVICES,181,SHIFT                               0181,80,22,476,7353327026,7353327026,673035026,79434278,79434278,107529,3088,7353327026,080 GRANTS REVENUE FUND,22 HUMAN SERVICES
2018,1,1,01 PERSONAL SERVICES,181,SHIFT                               0181,80,22,47431,7353374457,7353374457,673082457,79481709,79481709,107529,50519,7353374457,080 GRANTS REVENUE FUND,22 HUMAN SERVICES
2018,1,1,01 PERSONAL SERVICES,181,SHIFT                               0181,80,22,339,7353374796,7353374796,673082796,79482048,79482048,107529,50858,7353374796,080 GRANTS REVENUE FUND,22 HUMAN SERVICES
2018,1,1,01 PERSONAL SERVICES,181,SHIFT                               0181,80,22,55662,7353430458,7353430458,673138458,79537710,79537710,107529,106520,7353430458,080 GRANTS REVENUE FUND,22 HUMAN SERVICES
2018,1,1,01 PERSONAL SERVICES,181,SHIFT                               0181,80,22,1009,7353431467,7353431467,673139467,79538719,79538719,107529,107529,7353431467,080 GRANTS REVENUE FUND,22 HUMAN SERVICES
2018,1,1,01 PERSONAL SERVICES,187,WORKER'S COMP-DISABILITY COMP       0187,80,22,142300,7353573767,7353573767,673281767,79681019,79681019,959036,142300,7353573767,080 GRANTS REVENUE FUND,22 HUMAN SERVICES
2018,1,1,01 PERSONAL SERVICES,187,WORKER'S COMP-DISABILITY COMP       0187,80,22,57612,7353631379,7353631379,673339379,79738631,79738631,959036,199912,7353631379,080 GRANTS REVENUE FUND,22 HUMAN SERVICES
2018,1,1,01 PERSONAL SERVICES,187,WORKER'S COMP-DISABILITY COMP       0187,80,22,84312,7353715691,7353715691,673423691,79822943,79822943,959036,284224,7353715691,080 GRANTS REVENUE FUND,22 HUMAN SERVICES
2018,1,1,01 PERSONAL SERVICES,187,WORKER'S COMP-DISABILITY COMP       0187,80,22,63380,7353779071,7353779071,673487071,79886323,79886323,959036,347604,7353779071,080 GRANTS REVENUE FUND,22 HUMAN SERVICES
2018,1,1,01 PERSONAL SERVICES,187,WORKER'S COMP-DISABILITY COMP       0187,80,22,59341,7353838412,7353838412,673546412,79945664,79945664,959036,406945,7353838412,080 GRANTS REVENUE FUND,22 HUMAN SERVICES
2018,1,1,01 PERSONAL SERVICES,187,WORKER'S COMP-DISABILITY COMP       0187,80,22,14669,7353853081,7353853081,673561081,79960333,79960333,959036,421614,7353853081,080 GRANTS REVENUE FUND,22 HUMAN SERVICES
2018,1,1,01 PERSONAL SERVICES,187,WORKER'S COMP-DISABILITY COMP       0187,80,22,537422,7354390503,7354390503,674098503,80497755,80497755,959036,959036,7354390503,080 GRANTS REVENUE FUND,22 HUMAN SERVICES
2018,1,1,01 PERSONAL SERVICES,189,MEDICARE TAX                        0189,80,22,116543,7354507046,7354507046,674215046,80614298,80614298,783321,116543,7354507046,080 GRANTS REVENUE FUND,22 HUMAN SERVICES
2018,1,1,01 PERSONAL SERVICES,189,MEDICARE TAX                        0189,80,22,440145,7354947191,7354947191,674655191,81054443,81054443,783321,556688,7354947191,080 GRANTS REVENUE FUND,22 HUMAN SERVICES
2018,1,1,01 PERSONAL SERVICES,189,MEDICARE TAX                        0189,80,22,48600,7354995791,7354995791,674703791,81103043,81103043,783321,605288,7354995791,080 GRANTS REVENUE FUND,22 HUMAN SERVICES
2018,1,1,01 PERSONAL SERVICES,189,MEDICARE TAX                        0189,80,22,9890,7355005681,7355005681,674713681,81112933,81112933,783321,615178,7355005681,080 GRANTS REVENUE FUND,22 HUMAN SERVICES
2018,1,1,01 PERSONAL SERVICES,189,MEDICARE TAX                        0189,80,22,51908,7355057589,7355057589,674765589,81164841,81164841,783321,667086,7355057589,080 GRANTS REVENUE FUND,22 HUMAN SERVICES
2018,1,1,01 PERSONAL SERVICES,189,MEDICARE TAX                        0189,80,22,69051,7355126640,7355126640,674834640,81233892,81233892,783321,736137,7355126640,080 GRANTS REVENUE FUND,22 HUMAN SERVICES
2018,1,1,01 PERSONAL SERVICES,189,MEDICARE TAX                        0189,80,22,47184,7355173824,7355173824,674881824,81281076,81281076,783321,783321,7355173824,080 GRANTS REVENUE FUND,22 HUMAN SERVICES
2018,1,1,01 PERSONAL SERVICES,190,PENSION-OBLIGATION BOND PAYMENTS    0190,80,22,1324910,7356498734,7356498734,676206734,82605986,82605986,2328154,1324910,7356498734,080 GRANTS REVENUE FUND,22 HUMAN SERVICES
2018,1,1,01 PERSONAL SERVICES,190,PENSION-OBLIGATION BOND PAYMENTS    0190,80,22,146293,7356645027,7356645027,676353027,82752279,82752279,2328154,1471203,7356645027,080 GRANTS REVENUE FUND,22 HUMAN SERVICES
2018,1,1,01 PERSONAL SERVICES,190,PENSION-OBLIGATION BOND PAYMENTS    0190,80,22,156251,7356801278,7356801278,676509278,82908530,82908530,2328154,1627454,7356801278,080 GRANTS REVENUE FUND,22 HUMAN SERVICES
2018,1,1,01 PERSONAL SERVICES,190,PENSION-OBLIGATION BOND PAYMENTS    0190,80,22,207856,7357009134,7357009134,676717134,83116386,83116386,2328154,1835310,7357009134,080 GRANTS REVENUE FUND,22 HUMAN SERVICES
2018,1,1,01 PERSONAL SERVICES,190,PENSION-OBLIGATION BOND PAYMENTS    0190,80,22,142031,7357151165,7357151165,676859165,83258417,83258417,2328154,1977341,7357151165,080 GRANTS REVENUE FUND,22 HUMAN SERVICES
2018,1,1,01 PERSONAL SERVICES,190,PENSION-OBLIGATION BOND PAYMENTS    0190,80,22,350813,7357501978,7357501978,677209978,83609230,83609230,2328154,2328154,7357501978,080 GRANTS REVENUE FUND,22 HUMAN SERVICES
2018,1,1,01 PERSONAL SERVICES,191,PENSION-ACTUAL                      0191,80,22,2831039,7360333017,7360333017,680041017,86440269,86440269,18893157,2831039,7360333017,080 GRANTS REVENUE FUND,22 HUMAN SERVICES
2018,1,1,01 PERSONAL SERVICES,191,PENSION-ACTUAL                      0191,80,22,1146182,7361479199,7361479199,681187199,87586451,87586451,18893157,3977221,7361479199,080 GRANTS REVENUE FUND,22 HUMAN SERVICES
2018,1,1,01 PERSONAL SERVICES,191,PENSION-ACTUAL                      0191,80,22,1677385,7363156584,7363156584,682864584,89263836,89263836,18893157,5654606,7363156584,080 GRANTS REVENUE FUND,22 HUMAN SERVICES
2018,1,1,01 PERSONAL SERVICES,191,PENSION-ACTUAL                      0191,80,22,1260935,7364417519,7364417519,684125519,90524771,90524771,18893157,6915541,7364417519,080 GRANTS REVENUE FUND,22 HUMAN SERVICES
2018,1,1,01 PERSONAL SERVICES,191,PENSION-ACTUAL                      0191,80,22,105086,7364522605,7364522605,684230605,90629857,90629857,18893157,7020627,7364522605,080 GRANTS REVENUE FUND,22 HUMAN SERVICES
2018,1,1,01 PERSONAL SERVICES,191,PENSION-ACTUAL                      0191,80,22,10691952,7375214557,7375214557,694922557,101321809,101321809,18893157,17712579,7375214557,080 GRANTS REVENUE FUND,22 HUMAN SERVICES
2018,1,1,01 PERSONAL SERVICES,191,PENSION-ACTUAL                      0191,80,22,1180578,7376395135,7376395135,696103135,102502387,102502387,18893157,18893157,7376395135,080 GRANTS REVENUE FUND,22 HUMAN SERVICES
2018,1,1,01 PERSONAL SERVICES,192,FICA TAXES                          0192,80,22,201981,7376597116,7376597116,696305116,102704368,102704368,3353134,201981,7376597116,080 GRANTS REVENUE FUND,22 HUMAN SERVICES
2018,1,1,01 PERSONAL SERVICES,192,FICA TAXES                          0192,80,22,295590,7376892706,7376892706,696600706,102999958,102999958,3353134,497571,7376892706,080 GRANTS REVENUE FUND,22 HUMAN SERVICES
2018,1,1,01 PERSONAL SERVICES,192,FICA TAXES                          0192,80,22,222203,7377114909,7377114909,696822909,103222161,103222161,3353134,719774,7377114909,080 GRANTS REVENUE FUND,22 HUMAN SERVICES
2018,1,1,01 PERSONAL SERVICES,192,FICA TAXES                          0192,80,22,42289,7377157198,7377157198,696865198,103264450,103264450,3353134,762063,7377157198,080 GRANTS REVENUE FUND,22 HUMAN SERVICES
2018,1,1,01 PERSONAL SERVICES,192,FICA TAXES                          0192,80,22,208042,7377365240,7377365240,697073240,103472492,103472492,3353134,970105,7377365240,080 GRANTS REVENUE FUND,22 HUMAN SERVICES
2018,1,1,01 PERSONAL SERVICES,192,FICA TAXES                          0192,80,22,1884142,7379249382,7379249382,698957382,105356634,105356634,3353134,2854247,7379249382,080 GRANTS REVENUE FUND,22 HUMAN SERVICES
2018,1,1,01 PERSONAL SERVICES,192,FICA TAXES                          0192,80,22,498887,7379748269,7379748269,699456269,105855521,105855521,3353134,3353134,7379748269,080 GRANTS REVENUE FUND,22 HUMAN SERVICES
2018,1,1,01 PERSONAL SERVICES,193,MEDICAL HEALTH & WELFARE CREDIT     0193,80,22,6657596,7386405865,7386405865,706113865,112513117,112513117,11879045,6657596,7386405865,080 GRANTS REVENUE FUND,22 HUMAN SERVICES
2018,1,1,01 PERSONAL SERVICES,193,MEDICAL HEALTH & WELFARE CREDIT     0193,80,22,1762813,7388168678,7388168678,707876678,114275930,114275930,11879045,8420409,7388168678,080 GRANTS REVENUE FUND,22 HUMAN SERVICES
2018,1,1,01 PERSONAL SERVICES,193,MEDICAL HEALTH & WELFARE CREDIT     0193,80,22,713697,7388882375,7388882375,708590375,114989627,114989627,11879045,9134106,7388882375,080 GRANTS REVENUE FUND,22 HUMAN SERVICES
2018,1,1,01 PERSONAL SERVICES,193,MEDICAL HEALTH & WELFARE CREDIT     0193,80,22,1044462,7389926837,7389926837,709634837,116034089,116034089,11879045,10178568,7389926837,080 GRANTS REVENUE FUND,22 HUMAN SERVICES
2018,1,1,01 PERSONAL SERVICES,193,MEDICAL HEALTH & WELFARE CREDIT     0193,80,22,785150,7390711987,7390711987,710419987,116819239,116819239,11879045,10963718,7390711987,080 GRANTS REVENUE FUND,22 HUMAN SERVICES
2018,1,1,01 PERSONAL SERVICES,193,MEDICAL HEALTH & WELFARE CREDIT     0193,80,22,180212,7390892199,7390892199,710600199,116999451,116999451,11879045,11143930,7390892199,080 GRANTS REVENUE FUND,22 HUMAN SERVICES
2018,1,1,01 PERSONAL SERVICES,193,MEDICAL HEALTH & WELFARE CREDIT     0193,80,22,735115,7391627314,7391627314,711335314,117734566,117734566,11879045,11879045,7391627314,080 GRANTS REVENUE FUND,22 HUMAN SERVICES
2018,1,1,01 PERSONAL SERVICES,194,GROUP LIFE INSURANCE                0194,80,22,6331,7391633645,7391633645,711341645,117740897,117740897,95190,6331,7391633645,080 GRANTS REVENUE FUND,22 HUMAN SERVICES
2018,1,1,01 PERSONAL SERVICES,194,GROUP LIFE INSURANCE                0194,80,22,53682,7391687327,7391687327,711395327,117794579,117794579,95190,60013,7391687327,080 GRANTS REVENUE FUND,22 HUMAN SERVICES
2018,1,1,01 PERSONAL SERVICES,194,GROUP LIFE INSURANCE                0194,80,22,5927,7391693254,7391693254,711401254,117800506,117800506,95190,65940,7391693254,080 GRANTS REVENUE FUND,22 HUMAN SERVICES
2018,1,1,01 PERSONAL SERVICES,194,GROUP LIFE INSURANCE                0194,80,22,859,7391694113,7391694113,711402113,117801365,117801365,95190,66799,7391694113,080 GRANTS REVENUE FUND,22 HUMAN SERVICES
2018,1,1,01 PERSONAL SERVICES,194,GROUP LIFE INSURANCE                0194,80,22,8422,7391702535,7391702535,711410535,117809787,117809787,95190,75221,7391702535,080 GRANTS REVENUE FUND,22 HUMAN SERVICES
2018,1,1,01 PERSONAL SERVICES,194,GROUP LIFE INSURANCE                0194,80,22,5755,7391708290,7391708290,711416290,117815542,117815542,95190,80976,7391708290,080 GRANTS REVENUE FUND,22 HUMAN SERVICES
2018,1,1,01 PERSONAL SERVICES,194,GROUP LIFE INSURANCE                0194,80,22,14214,7391722504,7391722504,711430504,117829756,117829756,95190,95190,7391722504,080 GRANTS REVENUE FUND,22 HUMAN SERVICES
2018,1,1,01 PERSONAL SERVICES,195,GROUP LEGAL INSURANCE               0195,80,22,7338,7391729842,7391729842,711437842,117837094,117837094,118742,7338,7391729842,080 GRANTS REVENUE FUND,22 HUMAN SERVICES
2018,1,1,01 PERSONAL SERVICES,195,GROUP LEGAL INSURANCE               0195,80,22,10426,7391740268,7391740268,711448268,117847520,117847520,118742,17764,7391740268,080 GRANTS REVENUE FUND,22 HUMAN SERVICES
2018,1,1,01 PERSONAL SERVICES,195,GROUP LEGAL INSURANCE               0195,80,22,7837,7391748105,7391748105,711456105,117855357,117855357,118742,25601,7391748105,080 GRANTS REVENUE FUND,22 HUMAN SERVICES
2018,1,1,01 PERSONAL SERVICES,195,GROUP LEGAL INSURANCE               0195,80,22,17596,7391765701,7391765701,711473701,117872953,117872953,118742,43197,7391765701,080 GRANTS REVENUE FUND,22 HUMAN SERVICES
2018,1,1,01 PERSONAL SERVICES,195,GROUP LEGAL INSURANCE               0195,80,22,7124,7391772825,7391772825,711480825,117880077,117880077,118742,50321,7391772825,080 GRANTS REVENUE FUND,22 HUMAN SERVICES
2018,1,1,01 PERSONAL SERVICES,195,GROUP LEGAL INSURANCE               0195,80,22,66455,7391839280,7391839280,711547280,117946532,117946532,118742,116776,7391839280,080 GRANTS REVENUE FUND,22 HUMAN SERVICES
2018,1,1,01 PERSONAL SERVICES,195,GROUP LEGAL INSURANCE               0195,80,22,1966,7391841246,7391841246,711549246,117948498,117948498,118742,118742,7391841246,080 GRANTS REVENUE FUND,22 HUMAN SERVICES
2018,1,1,01 PERSONAL SERVICES,199,SICK PAY(B TIME)-CIVILIAN           0199,80,22,11617,7391852863,7391852863,711560863,117960115,117960115,57834,11617,7391852863,080 GRANTS REVENUE FUND,22 HUMAN SERVICES
2018,1,1,01 PERSONAL SERVICES,199,SICK PAY(B TIME)-CIVILIAN           0199,80,22,20936,7391873799,7391873799,711581799,117981051,117981051,57834,32553,7391873799,080 GRANTS REVENUE FUND,22 HUMAN SERVICES
2018,1,1,01 PERSONAL SERVICES,199,SICK PAY(B TIME)-CIVILIAN           0199,80,22,25281,7391899080,7391899080,711607080,118006332,118006332,57834,57834,7391899080,080 GRANTS REVENUE FUND,22 HUMAN SERVICES
2018,1,2,02 PURCHASE OF SERVICES,205,REFUSE/GARBAGE/SILT/SLUDGE REMOVAL  0205,80,22,33543,7391932623,7391932623,711640623,118039875,33543,38509,33543,7391932623,080 GRANTS REVENUE FUND,22 HUMAN SERVICES
2018,1,2,02 PURCHASE OF SERVICES,205,REFUSE/GARBAGE/SILT/SLUDGE REMOVAL  0205,80,22,4966,7391937589,7391937589,711645589,118044841,38509,38509,38509,7391937589,080 GRANTS REVENUE FUND,22 HUMAN SERVICES
2018,1,2,02 PURCHASE OF SERVICES,250,PROFESSIONAL CONSULT/SPEC SERVICES  0250,80,22,22259454,7414197043,7414197043,733905043,140304295,22297963,255990701,22259454,7414197043,080 GRANTS REVENUE FUND,22 HUMAN SERVICES
2018,1,2,02 PURCHASE OF SERVICES,250,PROFESSIONAL CONSULT/SPEC SERVICES  0250,80,22,19928804,7434125847,7434125847,753833847,160233099,42226767,255990701,42188258,7434125847,080 GRANTS REVENUE FUND,22 HUMAN SERVICES
2018,1,2,02 PURCHASE OF SERVICES,250,PROFESSIONAL CONSULT/SPEC SERVICES  0250,80,22,31250821,7465376668,7465376668,785084668,191483920,73477588,255990701,73439079,7465376668,080 GRANTS REVENUE FUND,22 HUMAN SERVICES
2018,1,2,02 PURCHASE OF SERVICES,250,PROFESSIONAL CONSULT/SPEC SERVICES  0250,80,22,171257115,7636633783,7636633783,956341783,362741035,244734703,255990701,244696194,7636633783,080 GRANTS REVENUE FUND,22 HUMAN SERVICES
2018,1,2,02 PURCHASE OF SERVICES,250,PROFESSIONAL CONSULT/SPEC SERVICES  0250,80,22,11294507,7647928290,7647928290,967636290,374035542,256029210,255990701,255990701,7647928290,080 GRANTS REVENUE FUND,22 HUMAN SERVICES
2018,1,2,02 PURCHASE OF SERVICES,284,GROUND AND BUILDING RENTAL          0284,80,22,794113,7648722403,7648722403,968430403,374829655,256823323,794113,794113,7648722403,080 GRANTS REVENUE FUND,22 HUMAN SERVICES
2018,1,2,02 PURCHASE OF SERVICES,290,PAYMENTS FOR CARE OF INDIVIDUALS    0290,80,22,4500000,7653222403,7653222403,972930403,379329655,261323323,126976918,4500000,7653222403,080 GRANTS REVENUE FUND,22 HUMAN SERVICES
2018,1,2,02 PURCHASE OF SERVICES,290,PAYMENTS FOR CARE OF INDIVIDUALS    0290,80,22,800000,7654022403,7654022403,973730403,380129655,262123323,126976918,5300000,7654022403,080 GRANTS REVENUE FUND,22 HUMAN SERVICES
2018,1,2,02 PURCHASE OF SERVICES,290,PAYMENTS FOR CARE OF INDIVIDUALS    0290,80,22,11520741,7665543144,7665543144,985251144,391650396,273644064,126976918,16820741,7665543144,080 GRANTS REVENUE FUND,22 HUMAN SERVICES
2018,1,2,02 PURCHASE OF SERVICES,290,PAYMENTS FOR CARE OF INDIVIDUALS    0290,80,22,1905000,7667448144,7667448144,987156144,393555396,275549064,126976918,18725741,7667448144,080 GRANTS REVENUE FUND,22 HUMAN SERVICES
2018,1,2,02 PURCHASE OF SERVICES,290,PAYMENTS FOR CARE OF INDIVIDUALS    0290,80,22,4200000,7671648144,7671648144,991356144,397755396,279749064,126976918,22925741,7671648144,080 GRANTS REVENUE FUND,22 HUMAN SERVICES
2018,1,2,02 PURCHASE OF SERVICES,290,PAYMENTS FOR CARE OF INDIVIDUALS    0290,80,22,19000000,7690648144,7690648144,1010356144,416755396,298749064,126976918,41925741,7690648144,080 GRANTS REVENUE FUND,22 HUMAN SERVICES
2018,1,2,02 PURCHASE OF SERVICES,290,PAYMENTS FOR CARE OF INDIVIDUALS    0290,80,22,37314290,7727962434,7727962434,1047670434,454069686,336063354,126976918,79240031,7727962434,080 GRANTS REVENUE FUND,22 HUMAN SERVICES
2018,1,2,02 PURCHASE OF SERVICES,290,PAYMENTS FOR CARE OF INDIVIDUALS    0290,80,22,5501,7727967935,7727967935,1047675935,454075187,336068855,126976918,79245532,7727967935,080 GRANTS REVENUE FUND,22 HUMAN SERVICES
2018,1,2,02 PURCHASE OF SERVICES,290,PAYMENTS FOR CARE OF INDIVIDUALS    0290,80,22,5500000,7733467935,7733467935,1053175935,459575187,341568855,126976918,84745532,7733467935,080 GRANTS REVENUE FUND,22 HUMAN SERVICES
2018,1,2,02 PURCHASE OF SERVICES,290,PAYMENTS FOR CARE OF INDIVIDUALS    0290,80,22,42231386,7775699321,7775699321,1095407321,501806573,383800241,126976918,126976918,7775699321,080 GRANTS REVENUE FUND,22 HUMAN SERVICES
2018,1,2,02 PURCHASE OF SERVICES,299,OTHER EXPENSES (NOT OTHRWSE CLSSFD) 0299,80,22,8946243,7784645564,7784645564,1104353564,510752816,392746484,86145613,8946243,7784645564,080 GRANTS REVENUE FUND,22 HUMAN SERVICES
2018,1,2,02 PURCHASE OF SERVICES,299,OTHER EXPENSES (NOT OTHRWSE CLSSFD) 0299,80,22,1088,7784646652,7784646652,1104354652,510753904,392747572,86145613,8947331,7784646652,080 GRANTS REVENUE FUND,22 HUMAN SERVICES
2018,1,2,02 PURCHASE OF SERVICES,299,OTHER EXPENSES (NOT OTHRWSE CLSSFD) 0299,80,22,859,7784647511,7784647511,1104355511,510754763,392748431,86145613,8948190,7784647511,080 GRANTS REVENUE FUND,22 HUMAN SERVICES
2018,1,2,02 PURCHASE OF SERVICES,299,OTHER EXPENSES (NOT OTHRWSE CLSSFD) 0299,80,22,7497,7784655008,7784655008,1104363008,510762260,392755928,86145613,8955687,7784655008,080 GRANTS REVENUE FUND,22 HUMAN SERVICES
2018,1,2,02 PURCHASE OF SERVICES,299,OTHER EXPENSES (NOT OTHRWSE CLSSFD) 0299,80,22,9535,7784664543,7784664543,1104372543,510771795,392765463,86145613,8965222,7784664543,080 GRANTS REVENUE FUND,22 HUMAN SERVICES
2018,1,2,02 PURCHASE OF SERVICES,299,OTHER EXPENSES (NOT OTHRWSE CLSSFD) 0299,80,22,8435,7784672978,7784672978,1104380978,510780230,392773898,86145613,8973657,7784672978,080 GRANTS REVENUE FUND,22 HUMAN SERVICES
2018,1,2,02 PURCHASE OF SERVICES,299,OTHER EXPENSES (NOT OTHRWSE CLSSFD) 0299,80,22,962,7784673940,7784673940,1104381940,510781192,392774860,86145613,8974619,7784673940,080 GRANTS REVENUE FUND,22 HUMAN SERVICES
2018,1,2,02 PURCHASE OF SERVICES,299,OTHER EXPENSES (NOT OTHRWSE CLSSFD) 0299,80,22,220000,7784893940,7784893940,1104601940,511001192,392994860,86145613,9194619,7784893940,080 GRANTS REVENUE FUND,22 HUMAN SERVICES
2018,1,2,02 PURCHASE OF SERVICES,299,OTHER EXPENSES (NOT OTHRWSE CLSSFD) 0299,80,22,760,7784894700,7784894700,1104602700,511001952,392995620,86145613,9195379,7784894700,080 GRANTS REVENUE FUND,22 HUMAN SERVICES
2018,1,2,02 PURCHASE OF SERVICES,299,OTHER EXPENSES (NOT OTHRWSE CLSSFD) 0299,80,22,6632,7784901332,7784901332,1104609332,511008584,393002252,86145613,9202011,7784901332,080 GRANTS REVENUE FUND,22 HUMAN SERVICES
2018,1,2,02 PURCHASE OF SERVICES,299,OTHER EXPENSES (NOT OTHRWSE CLSSFD) 0299,80,22,52938547,7837839879,7837839879,1157547879,563947131,445940799,86145613,62140558,7837839879,080 GRANTS REVENUE FUND,22 HUMAN SERVICES
2018,1,2,02 PURCHASE OF SERVICES,299,OTHER EXPENSES (NOT OTHRWSE CLSSFD) 0299,80,22,4129545,7841969424,7841969424,1161677424,568076676,450070344,86145613,66270103,7841969424,080 GRANTS REVENUE FUND,22 HUMAN SERVICES
2018,1,2,02 PURCHASE OF SERVICES,299,OTHER EXPENSES (NOT OTHRWSE CLSSFD) 0299,80,22,1371686,7843341110,7843341110,1163049110,569448362,451442030,86145613,67641789,7843341110,080 GRANTS REVENUE FUND,22 HUMAN SERVICES
2018,1,2,02 PURCHASE OF SERVICES,299,OTHER EXPENSES (NOT OTHRWSE CLSSFD) 0299,80,22,157103,7843498213,7843498213,1163206213,569605465,451599133,86145613,67798892,7843498213,080 GRANTS REVENUE FUND,22 HUMAN SERVICES
2018,1,2,02 PURCHASE OF SERVICES,299,OTHER EXPENSES (NOT OTHRWSE CLSSFD) 0299,80,22,5480168,7848978381,7848978381,1168686381,575085633,457079301,86145613,73279060,7848978381,080 GRANTS REVENUE FUND,22 HUMAN SERVICES
2018,1,2,02 PURCHASE OF SERVICES,299,OTHER EXPENSES (NOT OTHRWSE CLSSFD) 0299,80,22,628,7848979009,7848979009,1168687009,575086261,457079929,86145613,73279688,7848979009,080 GRANTS REVENUE FUND,22 HUMAN SERVICES
2018,1,2,02 PURCHASE OF SERVICES,299,OTHER EXPENSES (NOT OTHRWSE CLSSFD) 0299,80,22,1381475,7850360484,7850360484,1170068484,576467736,458461404,86145613,74661163,7850360484,080 GRANTS REVENUE FUND,22 HUMAN SERVICES
2018,1,2,02 PURCHASE OF SERVICES,299,OTHER EXPENSES (NOT OTHRWSE CLSSFD) 0299,80,22,66011,7850426495,7850426495,1170134495,576533747,458527415,86145613,74727174,7850426495,080 GRANTS REVENUE FUND,22 HUMAN SERVICES
2018,1,2,02 PURCHASE OF SERVICES,299,OTHER EXPENSES (NOT OTHRWSE CLSSFD) 0299,80,22,7531,7850434026,7850434026,1170142026,576541278,458534946,86145613,74734705,7850434026,080 GRANTS REVENUE FUND,22 HUMAN SERVICES
2018,1,2,02 PURCHASE OF SERVICES,299,OTHER EXPENSES (NOT OTHRWSE CLSSFD) 0299,80,22,5945,7850439971,7850439971,1170147971,576547223,458540891,86145613,74740650,7850439971,080 GRANTS REVENUE FUND,22 HUMAN SERVICES
2018,1,2,02 PURCHASE OF SERVICES,299,OTHER EXPENSES (NOT OTHRWSE CLSSFD) 0299,80,22,495,7850440466,7850440466,1170148466,576547718,458541386,86145613,74741145,7850440466,080 GRANTS REVENUE FUND,22 HUMAN SERVICES
2018,1,2,02 PURCHASE OF SERVICES,299,OTHER EXPENSES (NOT OTHRWSE CLSSFD) 0299,80,22,4325,7850444791,7850444791,1170152791,576552043,458545711,86145613,74745470,7850444791,080 GRANTS REVENUE FUND,22 HUMAN SERVICES
2018,1,2,02 PURCHASE OF SERVICES,299,OTHER EXPENSES (NOT OTHRWSE CLSSFD) 0299,80,22,1044895,7851489686,7851489686,1171197686,577596938,459590606,86145613,75790365,7851489686,080 GRANTS REVENUE FUND,22 HUMAN SERVICES
2018,1,2,02 PURCHASE OF SERVICES,299,OTHER EXPENSES (NOT OTHRWSE CLSSFD) 0299,80,22,51905,7851541591,7851541591,1171249591,577648843,459642511,86145613,75842270,7851541591,080 GRANTS REVENUE FUND,22 HUMAN SERVICES
2018,1,2,02 PURCHASE OF SERVICES,299,OTHER EXPENSES (NOT OTHRWSE CLSSFD) 0299,80,22,1668234,7853209825,7853209825,1172917825,579317077,461310745,86145613,77510504,7853209825,080 GRANTS REVENUE FUND,22 HUMAN SERVICES
2018,1,2,02 PURCHASE OF SERVICES,299,OTHER EXPENSES (NOT OTHRWSE CLSSFD) 0299,80,22,670375,7853880200,7853880200,1173588200,579987452,461981120,86145613,78180879,7853880200,080 GRANTS REVENUE FUND,22 HUMAN SERVICES
2018,1,2,02 PURCHASE OF SERVICES,299,OTHER EXPENSES (NOT OTHRWSE CLSSFD) 0299,80,22,76478,7853956678,7853956678,1173664678,580063930,462057598,86145613,78257357,7853956678,080 GRANTS REVENUE FUND,22 HUMAN SERVICES
2018,1,2,02 PURCHASE OF SERVICES,299,OTHER EXPENSES (NOT OTHRWSE CLSSFD) 0299,80,22,60374,7854017052,7854017052,1173725052,580124304,462117972,86145613,78317731,7854017052,080 GRANTS REVENUE FUND,22 HUMAN SERVICES
2018,1,2,02 PURCHASE OF SERVICES,299,OTHER EXPENSES (NOT OTHRWSE CLSSFD) 0299,80,22,527128,7854544180,7854544180,1174252180,580651432,462645100,86145613,78844859,7854544180,080 GRANTS REVENUE FUND,22 HUMAN SERVICES
2018,1,2,02 PURCHASE OF SERVICES,299,OTHER EXPENSES (NOT OTHRWSE CLSSFD) 0299,80,22,211911,7854756091,7854756091,1174464091,580863343,462857011,86145613,79056770,7854756091,080 GRANTS REVENUE FUND,22 HUMAN SERVICES
2018,1,2,02 PURCHASE OF SERVICES,299,OTHER EXPENSES (NOT OTHRWSE CLSSFD) 0299,80,22,142500,7854898591,7854898591,1174606591,581005843,462999511,86145613,79199270,7854898591,080 GRANTS REVENUE FUND,22 HUMAN SERVICES
2018,1,2,02 PURCHASE OF SERVICES,299,OTHER EXPENSES (NOT OTHRWSE CLSSFD) 0299,80,22,2460059,7857358650,7857358650,1177066650,583465902,465459570,86145613,81659329,7857358650,080 GRANTS REVENUE FUND,22 HUMAN SERVICES
2018,1,2,02 PURCHASE OF SERVICES,299,OTHER EXPENSES (NOT OTHRWSE CLSSFD) 0299,80,22,180000,7857538650,7857538650,1177246650,583645902,465639570,86145613,81839329,7857538650,080 GRANTS REVENUE FUND,22 HUMAN SERVICES
2018,1,2,02 PURCHASE OF SERVICES,299,OTHER EXPENSES (NOT OTHRWSE CLSSFD) 0299,80,22,455015,7857993665,7857993665,1177701665,584100917,466094585,86145613,82294344,7857993665,080 GRANTS REVENUE FUND,22 HUMAN SERVICES
2018,1,2,02 PURCHASE OF SERVICES,299,OTHER EXPENSES (NOT OTHRWSE CLSSFD) 0299,80,22,314032,7858307697,7858307697,1178015697,584414949,466408617,86145613,82608376,7858307697,080 GRANTS REVENUE FUND,22 HUMAN SERVICES
2018,1,2,02 PURCHASE OF SERVICES,299,OTHER EXPENSES (NOT OTHRWSE CLSSFD) 0299,80,22,8000,7858315697,7858315697,1178023697,584422949,466416617,86145613,82616376,7858315697,080 GRANTS REVENUE FUND,22 HUMAN SERVICES
2018,1,2,02 PURCHASE OF SERVICES,299,OTHER EXPENSES (NOT OTHRWSE CLSSFD) 0299,80,22,351612,7858667309,7858667309,1178375309,584774561,466768229,86145613,82967988,7858667309,080 GRANTS REVENUE FUND,22 HUMAN SERVICES
2018,1,2,02 PURCHASE OF SERVICES,299,OTHER EXPENSES (NOT OTHRWSE CLSSFD) 0299,80,22,226005,7858893314,7858893314,1178601314,585000566,466994234,86145613,83193993,7858893314,080 GRANTS REVENUE FUND,22 HUMAN SERVICES
2018,1,2,02 PURCHASE OF SERVICES,299,OTHER EXPENSES (NOT OTHRWSE CLSSFD) 0299,80,22,2451620,7861344934,7861344934,1181052934,587452186,469445854,86145613,85645613,7861344934,080 GRANTS REVENUE FUND,22 HUMAN SERVICES
2018,1,2,02 PURCHASE OF SERVICES,299,OTHER EXPENSES (NOT OTHRWSE CLSSFD) 0299,80,22,500000,7861844934,7861844934,1181552934,587952186,469945854,86145613,86145613,7861844934,080 GRANTS REVENUE FUND,22 HUMAN SERVICES
2018,1,3,03 MATERIALS AND SUPPLIES,313,FOOD                                0313,80,22,224400,7862069334,7862069334,1181777334,588176586,224400,224400,224400,7862069334,080 GRANTS REVENUE FUND,22 HUMAN SERVICES
2018,1,3,03 MATERIALS AND SUPPLIES,399,OTHER MATERIALS AND SUPPLIES (NOC)  0399,80,22,12,7862069346,7862069346,1181777346,588176598,224412,1220698,12,7862069346,080 GRANTS REVENUE FUND,22 HUMAN SERVICES
2018,1,3,03 MATERIALS AND SUPPLIES,399,OTHER MATERIALS AND SUPPLIES (NOC)  0399,80,22,108,7862069454,7862069454,1181777454,588176706,224520,1220698,120,7862069454,080 GRANTS REVENUE FUND,22 HUMAN SERVICES
2018,1,3,03 MATERIALS AND SUPPLIES,399,OTHER MATERIALS AND SUPPLIES (NOC)  0399,80,22,1712,7862071166,7862071166,1181779166,588178418,226232,1220698,1832,7862071166,080 GRANTS REVENUE FUND,22 HUMAN SERVICES
2018,1,3,03 MATERIALS AND SUPPLIES,399,OTHER MATERIALS AND SUPPLIES (NOC)  0399,80,22,2175,7862073341,7862073341,1181781341,588180593,228407,1220698,4007,7862073341,080 GRANTS REVENUE FUND,22 HUMAN SERVICES
2018,1,3,03 MATERIALS AND SUPPLIES,399,OTHER MATERIALS AND SUPPLIES (NOC)  0399,80,22,1935,7862075276,7862075276,1181783276,588182528,230342,1220698,5942,7862075276,080 GRANTS REVENUE FUND,22 HUMAN SERVICES
2018,1,3,03 MATERIALS AND SUPPLIES,399,OTHER MATERIALS AND SUPPLIES (NOC)  0399,80,22,122,7862075398,7862075398,1181783398,588182650,230464,1220698,6064,7862075398,080 GRANTS REVENUE FUND,22 HUMAN SERVICES
2018,1,3,03 MATERIALS AND SUPPLIES,399,OTHER MATERIALS AND SUPPLIES (NOC)  0399,80,22,14,7862075412,7862075412,1181783412,588182664,230478,1220698,6078,7862075412,080 GRANTS REVENUE FUND,22 HUMAN SERVICES
2018,1,3,03 MATERIALS AND SUPPLIES,399,OTHER MATERIALS AND SUPPLIES (NOC)  0399,80,22,2459,7862077871,7862077871,1181785871,588185123,232937,1220698,8537,7862077871,080 GRANTS REVENUE FUND,22 HUMAN SERVICES
2018,1,3,03 MATERIALS AND SUPPLIES,399,OTHER MATERIALS AND SUPPLIES (NOC)  0399,80,22,17430,7862095301,7862095301,1181803301,588202553,250367,1220698,25967,7862095301,080 GRANTS REVENUE FUND,22 HUMAN SERVICES
2018,1,3,03 MATERIALS AND SUPPLIES,399,OTHER MATERIALS AND SUPPLIES (NOC)  0399,80,22,8561,7862103862,7862103862,1181811862,588211114,258928,1220698,34528,7862103862,080 GRANTS REVENUE FUND,22 HUMAN SERVICES
2018,1,3,03 MATERIALS AND SUPPLIES,399,OTHER MATERIALS AND SUPPLIES (NOC)  0399,80,22,988,7862104850,7862104850,1181812850,588212102,259916,1220698,35516,7862104850,080 GRANTS REVENUE FUND,22 HUMAN SERVICES
2018,1,3,03 MATERIALS AND SUPPLIES,399,OTHER MATERIALS AND SUPPLIES (NOC)  0399,80,22,172894,7862277744,7862277744,1181985744,588384996,432810,1220698,208410,7862277744,080 GRANTS REVENUE FUND,22 HUMAN SERVICES
2018,1,3,03 MATERIALS AND SUPPLIES,399,OTHER MATERIALS AND SUPPLIES (NOC)  0399,80,22,136041,7862413785,7862413785,1182121785,588521037,568851,1220698,344451,7862413785,080 GRANTS REVENUE FUND,22 HUMAN SERVICES
2018,1,3,03 MATERIALS AND SUPPLIES,399,OTHER MATERIALS AND SUPPLIES (NOC)  0399,80,22,843,7862414628,7862414628,1182122628,588521880,569694,1220698,345294,7862414628,080 GRANTS REVENUE FUND,22 HUMAN SERVICES
2018,1,3,03 MATERIALS AND SUPPLIES,399,OTHER MATERIALS AND SUPPLIES (NOC)  0399,80,22,70,7862414698,7862414698,1182122698,588521950,569764,1220698,345364,7862414698,080 GRANTS REVENUE FUND,22 HUMAN SERVICES
2018,1,3,03 MATERIALS AND SUPPLIES,399,OTHER MATERIALS AND SUPPLIES (NOC)  0399,80,22,8,7862414706,7862414706,1182122706,588521958,569772,1220698,345372,7862414706,080 GRANTS REVENUE FUND,22 HUMAN SERVICES
2018,1,3,03 MATERIALS AND SUPPLIES,399,OTHER MATERIALS AND SUPPLIES (NOC)  0399,80,22,97,7862414803,7862414803,1182122803,588522055,569869,1220698,345469,7862414803,080 GRANTS REVENUE FUND,22 HUMAN SERVICES
2018,1,3,03 MATERIALS AND SUPPLIES,399,OTHER MATERIALS AND SUPPLIES (NOC)  0399,80,22,17025,7862431828,7862431828,1182139828,588539080,586894,1220698,362494,7862431828,080 GRANTS REVENUE FUND,22 HUMAN SERVICES
2018,1,3,03 MATERIALS AND SUPPLIES,399,OTHER MATERIALS AND SUPPLIES (NOC)  0399,80,22,13396,7862445224,7862445224,1182153224,588552476,600290,1220698,375890,7862445224,080 GRANTS REVENUE FUND,22 HUMAN SERVICES
2018,1,3,03 MATERIALS AND SUPPLIES,399,OTHER MATERIALS AND SUPPLIES (NOC)  0399,80,22,442505,7862887729,7862887729,1182595729,588994981,1042795,1220698,818395,7862887729,080 GRANTS REVENUE FUND,22 HUMAN SERVICES
2018,1,3,03 MATERIALS AND SUPPLIES,399,OTHER MATERIALS AND SUPPLIES (NOC)  0399,80,22,1419,7862889148,7862889148,1182597148,588996400,1044214,1220698,819814,7862889148,080 GRANTS REVENUE FUND,22 HUMAN SERVICES
2018,1,3,03 MATERIALS AND SUPPLIES,399,OTHER MATERIALS AND SUPPLIES (NOC)  0399,80,22,1116,7862890264,7862890264,1182598264,588997516,1045330,1220698,820930,7862890264,080 GRANTS REVENUE FUND,22 HUMAN SERVICES
2018,1,3,03 MATERIALS AND SUPPLIES,399,OTHER MATERIALS AND SUPPLIES (NOC)  0399,80,22,2571,7862892835,7862892835,1182600835,589000087,1047901,1220698,823501,7862892835,080 GRANTS REVENUE FUND,22 HUMAN SERVICES
2018,1,3,03 MATERIALS AND SUPPLIES,399,OTHER MATERIALS AND SUPPLIES (NOC)  0399,80,22,22279,7862915114,7862915114,1182623114,589022366,1070180,1220698,845780,7862915114,080 GRANTS REVENUE FUND,22 HUMAN SERVICES
2018,1,3,03 MATERIALS AND SUPPLIES,399,OTHER MATERIALS AND SUPPLIES (NOC)  0399,80,22,374918,7863290032,7863290032,1182998032,589397284,1445098,1220698,1220698,7863290032,080 GRANTS REVENUE FUND,22 HUMAN SERVICES
2018,1,4,04 EQUIPMENT,499,OTHER EQUIPMENT (NOC)               0499,80,22,415,7863290447,7863290447,1182998447,589397699,415,637016,415,7863290447,080 GRANTS REVENUE FUND,22 HUMAN SERVICES
2018,1,4,04 EQUIPMENT,499,OTHER EQUIPMENT (NOC)               0499,80,22,71607,7863362054,7863362054,1183070054,589469306,72022,637016,72022,7863362054,080 GRANTS REVENUE FUND,22 HUMAN SERVICES
2018,1,4,04 EQUIPMENT,499,OTHER EQUIPMENT (NOC)               0499,80,22,138,7863362192,7863362192,1183070192,589469444,72160,637016,72160,7863362192,080 GRANTS REVENUE FUND,22 HUMAN SERVICES
2018,1,4,04 EQUIPMENT,499,OTHER EQUIPMENT (NOC)               0499,80,22,12,7863362204,7863362204,1183070204,589469456,72172,637016,72172,7863362204,080 GRANTS REVENUE FUND,22 HUMAN SERVICES
2018,1,4,04 EQUIPMENT,499,OTHER EQUIPMENT (NOC)               0499,80,22,508,7863362712,7863362712,1183070712,589469964,72680,637016,72680,7863362712,080 GRANTS REVENUE FUND,22 HUMAN SERVICES
2018,1,4,04 EQUIPMENT,499,OTHER EQUIPMENT (NOC)               0499,80,22,574,7863363286,7863363286,1183071286,589470538,73254,637016,73254,7863363286,080 GRANTS REVENUE FUND,22 HUMAN SERVICES
2018,1,4,04 EQUIPMENT,499,OTHER EQUIPMENT (NOC)               0499,80,22,156,7863363442,7863363442,1183071442,589470694,73410,637016,73410,7863363442,080 GRANTS REVENUE FUND,22 HUMAN SERVICES
2018,1,4,04 EQUIPMENT,499,OTHER EQUIPMENT (NOC)               0499,80,22,13,7863363455,7863363455,1183071455,589470707,73423,637016,73423,7863363455,080 GRANTS REVENUE FUND,22 HUMAN SERVICES
2018,1,4,04 EQUIPMENT,499,OTHER EQUIPMENT (NOC)               0499,80,22,470,7863363925,7863363925,1183071925,589471177,73893,637016,73893,7863363925,080 GRANTS REVENUE FUND,22 HUMAN SERVICES
2018,1,4,04 EQUIPMENT,499,OTHER EQUIPMENT (NOC)               0499,80,22,306497,7863670422,7863670422,1183378422,589777674,380390,637016,380390,7863670422,080 GRANTS REVENUE FUND,22 HUMAN SERVICES
2018,1,4,04 EQUIPMENT,499,OTHER EQUIPMENT (NOC)               0499,80,22,10968,7863681390,7863681390,1183389390,589788642,391358,637016,391358,7863681390,080 GRANTS REVENUE FUND,22 HUMAN SERVICES
2018,1,4,04 EQUIPMENT,499,OTHER EQUIPMENT (NOC)               0499,80,22,914,7863682304,7863682304,1183390304,589789556,392272,637016,392272,7863682304,080 GRANTS REVENUE FUND,22 HUMAN SERVICES
2018,1,4,04 EQUIPMENT,499,OTHER EQUIPMENT (NOC)               0499,80,22,33021,7863715325,7863715325,1183423325,589822577,425293,637016,425293,7863715325,080 GRANTS REVENUE FUND,22 HUMAN SERVICES
2018,1,4,04 EQUIPMENT,499,OTHER EQUIPMENT (NOC)               0499,80,22,40375,7863755700,7863755700,1183463700,589862952,465668,637016,465668,7863755700,080 GRANTS REVENUE FUND,22 HUMAN SERVICES
2018,1,4,04 EQUIPMENT,499,OTHER EQUIPMENT (NOC)               0499,80,22,1080,7863756780,7863756780,1183464780,589864032,466748,637016,466748,7863756780,080 GRANTS REVENUE FUND,22 HUMAN SERVICES
2018,1,4,04 EQUIPMENT,499,OTHER EQUIPMENT (NOC)               0499,80,22,90,7863756870,7863756870,1183464870,589864122,466838,637016,466838,7863756870,080 GRANTS REVENUE FUND,22 HUMAN SERVICES
2018,1,4,04 EQUIPMENT,499,OTHER EQUIPMENT (NOC)               0499,80,22,90,7863756960,7863756960,1183464960,589864212,466928,637016,466928,7863756960,080 GRANTS REVENUE FUND,22 HUMAN SERVICES
2018,1,4,04 EQUIPMENT,499,OTHER EQUIPMENT (NOC)               0499,80,22,3252,7863760212,7863760212,1183468212,589867464,470180,637016,470180,7863760212,080 GRANTS REVENUE FUND,22 HUMAN SERVICES
2018,1,4,04 EQUIPMENT,499,OTHER EQUIPMENT (NOC)               0499,80,22,3976,7863764188,7863764188,1183472188,589871440,474156,637016,474156,7863764188,080 GRANTS REVENUE FUND,22 HUMAN SERVICES
2018,1,4,04 EQUIPMENT,499,OTHER EQUIPMENT (NOC)               0499,80,22,131331,7863895519,7863895519,1183603519,590002771,605487,637016,605487,7863895519,080 GRANTS REVENUE FUND,22 HUMAN SERVICES
2018,1,4,04 EQUIPMENT,499,OTHER EQUIPMENT (NOC)               0499,80,22,8,7863895527,7863895527,1183603527,590002779,605495,637016,605495,7863895527,080 GRANTS REVENUE FUND,22 HUMAN SERVICES
2018,1,4,04 EQUIPMENT,499,OTHER EQUIPMENT (NOC)               0499,80,22,271,7863895798,7863895798,1183603798,590003050,605766,637016,605766,7863895798,080 GRANTS REVENUE FUND,22 HUMAN SERVICES
2018,1,4,04 EQUIPMENT,499,OTHER EQUIPMENT (NOC)               0499,80,22,331,7863896129,7863896129,1183604129,590003381,606097,637016,606097,7863896129,080 GRANTS REVENUE FUND,22 HUMAN SERVICES
2018,1,4,04 EQUIPMENT,499,OTHER EQUIPMENT (NOC)               0499,80,22,2378,7863898507,7863898507,1183606507,590005759,608475,637016,608475,7863898507,080 GRANTS REVENUE FUND,22 HUMAN SERVICES
2018,1,4,04 EQUIPMENT,499,OTHER EQUIPMENT (NOC)               0499,80,22,28541,7863927048,7863927048,1183635048,590034300,637016,637016,637016,7863927048,080 GRANTS REVENUE FUND,22 HUMAN SERVICES
2018,1,2,02 PURCHASE OF SERVICES,250,PROFESSIONAL CONSULT/SPEC SERVICES  0250,80,23,250000,7864177048,7864177048,1183885048,250000,250000,250000,250000,7864177048,080 GRANTS REVENUE FUND,23 PRISONS
2018,1,1,01 PERSONAL SERVICES,101,PERM FULL TIME-CIVILIAN             0101,80,24,44397,7864221445,7864221445,1183929445,44397,44397,1228201,44397,7864221445,080 GRANTS REVENUE FUND,24 OFFICE OF SUPPORTIVE HOUSING
2018,1,1,01 PERSONAL SERVICES,101,PERM FULL TIME-CIVILIAN             0101,80,24,153867,7864375312,7864375312,1184083312,198264,198264,1228201,198264,7864375312,080 GRANTS REVENUE FUND,24 OFFICE OF SUPPORTIVE HOUSING
2018,1,1,01 PERSONAL SERVICES,101,PERM FULL TIME-CIVILIAN             0101,80,24,122577,7864497889,7864497889,1184205889,320841,320841,1228201,320841,7864497889,080 GRANTS REVENUE FUND,24 OFFICE OF SUPPORTIVE HOUSING
2018,1,1,01 PERSONAL SERVICES,101,PERM FULL TIME-CIVILIAN             0101,80,24,180000,7864677889,7864677889,1184385889,500841,500841,1228201,500841,7864677889,080 GRANTS REVENUE FUND,24 OFFICE OF SUPPORTIVE HOUSING
2018,1,1,01 PERSONAL SERVICES,101,PERM FULL TIME-CIVILIAN             0101,80,24,663680,7865341569,7865341569,1185049569,1164521,1164521,1228201,1164521,7865341569,080 GRANTS REVENUE FUND,24 OFFICE OF SUPPORTIVE HOUSING
2018,1,1,01 PERSONAL SERVICES,101,PERM FULL TIME-CIVILIAN             0101,80,24,63680,7865405249,7865405249,1185113249,1228201,1228201,1228201,1228201,7865405249,080 GRANTS REVENUE FUND,24 OFFICE OF SUPPORTIVE HOUSING
2018,1,2,02 PURCHASE OF SERVICES,250,PROFESSIONAL CONSULT/SPEC SERVICES  0250,80,24,7816504,7873221753,7873221753,1192929753,9044705,7816504,35896504,7816504,7873221753,080 GRANTS REVENUE FUND,24 OFFICE OF SUPPORTIVE HOUSING
2018,1,2,02 PURCHASE OF SERVICES,250,PROFESSIONAL CONSULT/SPEC SERVICES  0250,80,24,28080000,7901301753,7901301753,1221009753,37124705,35896504,35896504,35896504,7901301753,080 GRANTS REVENUE FUND,24 OFFICE OF SUPPORTIVE HOUSING
2018,1,2,02 PURCHASE OF SERVICES,299,OTHER EXPENSES (NOT OTHRWSE CLSSFD) 0299,80,24,3203733,7904505486,7904505486,1224213486,40328438,39100237,8755603,3203733,7904505486,080 GRANTS REVENUE FUND,24 OFFICE OF SUPPORTIVE HOUSING
2018,1,2,02 PURCHASE OF SERVICES,299,OTHER EXPENSES (NOT OTHRWSE CLSSFD) 0299,80,24,787182,7905292668,7905292668,1225000668,41115620,39887419,8755603,3990915,7905292668,080 GRANTS REVENUE FUND,24 OFFICE OF SUPPORTIVE HOUSING
2018,1,2,02 PURCHASE OF SERVICES,299,OTHER EXPENSES (NOT OTHRWSE CLSSFD) 0299,80,24,41250,7905333918,7905333918,1225041918,41156870,39928669,8755603,4032165,7905333918,080 GRANTS REVENUE FUND,24 OFFICE OF SUPPORTIVE HOUSING
2018,1,2,02 PURCHASE OF SERVICES,299,OTHER EXPENSES (NOT OTHRWSE CLSSFD) 0299,80,24,411573,7905745491,7905745491,1225453491,41568443,40340242,8755603,4443738,7905745491,080 GRANTS REVENUE FUND,24 OFFICE OF SUPPORTIVE HOUSING
2018,1,2,02 PURCHASE OF SERVICES,299,OTHER EXPENSES (NOT OTHRWSE CLSSFD) 0299,80,24,3801865,7909547356,7909547356,1229255356,45370308,44142107,8755603,8245603,7909547356,080 GRANTS REVENUE FUND,24 OFFICE OF SUPPORTIVE HOUSING
2018,1,2,02 PURCHASE OF SERVICES,299,OTHER EXPENSES (NOT OTHRWSE CLSSFD) 0299,80,24,510000,7910057356,7910057356,1229765356,45880308,44652107,8755603,8755603,7910057356,080 GRANTS REVENUE FUND,24 OFFICE OF SUPPORTIVE HOUSING
2018,1,3,03 MATERIALS AND SUPPLIES,399,OTHER MATERIALS AND SUPPLIES (NOC)  0399,80,24,100000,7910157356,7910157356,1229865356,45980308,100000,1000000,100000,7910157356,080 GRANTS REVENUE FUND,24 OFFICE OF SUPPORTIVE HOUSING
2018,1,3,03 MATERIALS AND SUPPLIES,399,OTHER MATERIALS AND SUPPLIES (NOC)  0399,80,24,900000,7911057356,7911057356,1230765356,46880308,1000000,1000000,1000000,7911057356,080 GRANTS REVENUE FUND,24 OFFICE OF SUPPORTIVE HOUSING
2018,1,9,09 ADVANCES & OTHER MISC PAYMENTS,999,STANDBY AUTHORIZATIONS              0999,80,35,200001455,8111058811,8111058811,1430766811,200001455,200001455,200001455,200001455,8111058811,080 GRANTS REVENUE FUND,35 DIRECTOR OF FINANCE
2018,1,2,02 PURCHASE OF SERVICES,250,PROFESSIONAL CONSULT/SPEC SERVICES  0250,80,36,23775000,8134833811,8134833811,1454541811,23775000,23775000,26425000,23775000,8134833811,080 GRANTS REVENUE FUND,36 REVENUE
2018,1,2,02 PURCHASE OF SERVICES,250,PROFESSIONAL CONSULT/SPEC SERVICES  0250,80,36,2500000,8137333811,8137333811,1457041811,26275000,26275000,26425000,26275000,8137333811,080 GRANTS REVENUE FUND,36 REVENUE
2018,1,2,02 PURCHASE OF SERVICES,250,PROFESSIONAL CONSULT/SPEC SERVICES  0250,80,36,150000,8137483811,8137483811,1457191811,26425000,26425000,26425000,26425000,8137483811,080 GRANTS REVENUE FUND,36 REVENUE
2018,1,2,02 PURCHASE OF SERVICES,299,OTHER EXPENSES (NOT OTHRWSE CLSSFD) 0299,80,42,150000,8137633811,8137633811,1457341811,150000,150000,10150000,150000,8137633811,080 GRANTS REVENUE FUND,42 COMMERCE
2018,1,2,02 PURCHASE OF SERVICES,299,OTHER EXPENSES (NOT OTHRWSE CLSSFD) 0299,80,42,10000000,8147633811,8147633811,1467341811,10150000,10150000,10150000,10150000,8147633811,080 GRANTS REVENUE FUND,42 COMMERCE
2018,1,1,01 PERSONAL SERVICES,101,PERM FULL TIME-CIVILIAN             0101,80,49,50000,8147683811,8147683811,1467391811,50000,50000,50000,50000,8147683811,080 GRANTS REVENUE FUND,49 MAYOR-OFFICE OF SUSTAINABILITY
2018,1,1,01 PERSONAL SERVICES,101,PERM FULL TIME-CIVILIAN             0101,80,52,710843,8148394654,8148394654,1468102654,710843,710843,979580,710843,8148394654,080 GRANTS REVENUE FUND,52 FREE LIBRARY
2018,1,1,01 PERSONAL SERVICES,101,PERM FULL TIME-CIVILIAN             0101,80,52,232242,8148626896,8148626896,1468334896,943085,943085,979580,943085,8148626896,080 GRANTS REVENUE FUND,52 FREE LIBRARY
2018,1,1,01 PERSONAL SERVICES,101,PERM FULL TIME-CIVILIAN             0101,80,52,36495,8148663391,8148663391,1468371391,979580,979580,979580,979580,8148663391,080 GRANTS REVENUE FUND,52 FREE LIBRARY
2018,1,1,01 PERSONAL SERVICES,187,WORKER'S COMP-DISABILITY COMP       0187,80,52,8268,8148671659,8148671659,1468379659,987848,987848,8268,8268,8148671659,080 GRANTS REVENUE FUND,52 FREE LIBRARY
2018,1,1,01 PERSONAL SERVICES,189,MEDICARE TAX                        0189,80,52,3122,8148674781,8148674781,1468382781,990970,990970,3122,3122,8148674781,080 GRANTS REVENUE FUND,52 FREE LIBRARY
2018,1,1,01 PERSONAL SERVICES,190,PENSION-OBLIGATION BOND PAYMENTS    0190,80,52,15440,8148690221,8148690221,1468398221,1006410,1006410,15440,15440,8148690221,080 GRANTS REVENUE FUND,52 FREE LIBRARY
2018,1,1,01 PERSONAL SERVICES,191,PENSION-ACTUAL                      0191,80,52,119464,8148809685,8148809685,1468517685,1125874,1125874,119464,119464,8148809685,080 GRANTS REVENUE FUND,52 FREE LIBRARY
2018,1,1,01 PERSONAL SERVICES,192,FICA TAXES                          0192,80,52,10847,8148820532,8148820532,1468528532,1136721,1136721,10847,10847,8148820532,080 GRANTS REVENUE FUND,52 FREE LIBRARY
2018,1,1,01 PERSONAL SERVICES,193,MEDICAL HEALTH & WELFARE CREDIT     0193,80,52,48536,8148869068,8148869068,1468577068,1185257,1185257,48536,48536,8148869068,080 GRANTS REVENUE FUND,52 FREE LIBRARY
2018,1,1,01 PERSONAL SERVICES,194,GROUP LIFE INSURANCE                0194,80,52,1088,8148870156,8148870156,1468578156,1186345,1186345,1088,1088,8148870156,080 GRANTS REVENUE FUND,52 FREE LIBRARY
2018,1,1,01 PERSONAL SERVICES,195,GROUP LEGAL INSURANCE               0195,80,52,541,8148870697,8148870697,1468578697,1186886,1186886,541,541,8148870697,080 GRANTS REVENUE FUND,52 FREE LIBRARY
2018,1,2,02 PURCHASE OF SERVICES,299,OTHER EXPENSES (NOT OTHRWSE CLSSFD) 0299,80,52,3811273,8152681970,8152681970,1472389970,4998159,3811273,4036551,3811273,8152681970,080 GRANTS REVENUE FUND,52 FREE LIBRARY
2018,1,2,02 PURCHASE OF SERVICES,299,OTHER EXPENSES (NOT OTHRWSE CLSSFD) 0299,80,52,225278,8152907248,8152907248,1472615248,5223437,4036551,4036551,4036551,8152907248,080 GRANTS REVENUE FUND,52 FREE LIBRARY
2018,1,3,03 MATERIALS AND SUPPLIES,399,OTHER MATERIALS AND SUPPLIES (NOC)  0399,80,52,1251790,8154159038,8154159038,1473867038,6475227,1251790,3425283,1251790,8154159038,080 GRANTS REVENUE FUND,52 FREE LIBRARY
2018,1,3,03 MATERIALS AND SUPPLIES,399,OTHER MATERIALS AND SUPPLIES (NOC)  0399,80,52,714701,8154873739,8154873739,1474581739,7189928,1966491,3425283,1966491,8154873739,080 GRANTS REVENUE FUND,52 FREE LIBRARY
2018,1,3,03 MATERIALS AND SUPPLIES,399,OTHER MATERIALS AND SUPPLIES (NOC)  0399,80,52,1406276,8156280015,8156280015,1475988015,8596204,3372767,3425283,3372767,8156280015,080 GRANTS REVENUE FUND,52 FREE LIBRARY
2018,1,3,03 MATERIALS AND SUPPLIES,399,OTHER MATERIALS AND SUPPLIES (NOC)  0399,80,52,52516,8156332531,8156332531,1476040531,8648720,3425283,3425283,3425283,8156332531,080 GRANTS REVENUE FUND,52 FREE LIBRARY
2018,1,4,04 EQUIPMENT,499,OTHER EQUIPMENT (NOC)               0499,80,52,176195,8156508726,8156508726,1476216726,8824915,176195,176195,176195,8156508726,080 GRANTS REVENUE FUND,52 FREE LIBRARY
2018,1,2,02 PURCHASE OF SERVICES,250,PROFESSIONAL CONSULT/SPEC SERVICES  0250,80,58,25000,8156533726,8156533726,1476241726,25000,25000,25000,25000,8156533726,080 GRANTS REVENUE FUND,58 OFFICE OF ARTS & CULTURE
2018,1,3,03 MATERIALS AND SUPPLIES,399,OTHER MATERIALS AND SUPPLIES (NOC)  0399,80,61,74999,8156608725,8156608725,1476316725,74999,74999,74999,74999,8156608725,080 GRANTS REVENUE FUND,61 CITY CONTROLLER
2018,1,4,04 EQUIPMENT,499,OTHER EQUIPMENT (NOC)               0499,80,61,175000,8156783725,8156783725,1476491725,249999,175000,175000,175000,8156783725,080 GRANTS REVENUE FUND,61 CITY CONTROLLER
2018,1,3,03 MATERIALS AND SUPPLIES,399,OTHER MATERIALS AND SUPPLIES (NOC)  0399,80,68,200000,8156983725,8156983725,1476691725,200000,200000,200000,200000,8156983725,080 GRANTS REVENUE FUND,68 REGISTER OF WILLS
2018,1,1,01 PERSONAL SERVICES,101,PERM FULL TIME-CIVILIAN             0101,80,69,275000,8157258725,8157258725,1476966725,275000,275000,14591956,275000,8157258725,080 GRANTS REVENUE FUND,69 DISTRICT ATTORNEY
2018,1,1,01 PERSONAL SERVICES,101,PERM FULL TIME-CIVILIAN             0101,80,69,850000,8158108725,8158108725,1477816725,1125000,1125000,14591956,1125000,8158108725,080 GRANTS REVENUE FUND,69 DISTRICT ATTORNEY
2018,1,1,01 PERSONAL SERVICES,101,PERM FULL TIME-CIVILIAN             0101,80,69,205000,8158313725,8158313725,1478021725,1330000,1330000,14591956,1330000,8158313725,080 GRANTS REVENUE FUND,69 DISTRICT ATTORNEY
2018,1,1,01 PERSONAL SERVICES,101,PERM FULL TIME-CIVILIAN             0101,80,69,240000,8158553725,8158553725,1478261725,1570000,1570000,14591956,1570000,8158553725,080 GRANTS REVENUE FUND,69 DISTRICT ATTORNEY
2018,1,1,01 PERSONAL SERVICES,101,PERM FULL TIME-CIVILIAN             0101,80,69,51956,8158605681,8158605681,1478313681,1621956,1621956,14591956,1621956,8158605681,080 GRANTS REVENUE FUND,69 DISTRICT ATTORNEY
2018,1,1,01 PERSONAL SERVICES,101,PERM FULL TIME-CIVILIAN             0101,80,69,2300000,8160905681,8160905681,1480613681,3921956,3921956,14591956,3921956,8160905681,080 GRANTS REVENUE FUND,69 DISTRICT ATTORNEY
2018,1,1,01 PERSONAL SERVICES,101,PERM FULL TIME-CIVILIAN             0101,80,69,1050000,8161955681,8161955681,1481663681,4971956,4971956,14591956,4971956,8161955681,080 GRANTS REVENUE FUND,69 DISTRICT ATTORNEY
2018,1,1,01 PERSONAL SERVICES,101,PERM FULL TIME-CIVILIAN             0101,80,69,320000,8162275681,8162275681,1481983681,5291956,5291956,14591956,5291956,8162275681,080 GRANTS REVENUE FUND,69 DISTRICT ATTORNEY
2018,1,1,01 PERSONAL SERVICES,101,PERM FULL TIME-CIVILIAN             0101,80,69,9250000,8171525681,8171525681,1491233681,14541956,14541956,14591956,14541956,8171525681,080 GRANTS REVENUE FUND,69 DISTRICT ATTORNEY
2018,1,1,01 PERSONAL SERVICES,101,PERM FULL TIME-CIVILIAN             0101,80,69,40000,8171565681,8171565681,1491273681,14581956,14581956,14591956,14581956,8171565681,080 GRANTS REVENUE FUND,69 DISTRICT ATTORNEY
2018,1,1,01 PERSONAL SERVICES,101,PERM FULL TIME-CIVILIAN             0101,80,69,10000,8171575681,8171575681,1491283681,14591956,14591956,14591956,14591956,8171575681,080 GRANTS REVENUE FUND,69 DISTRICT ATTORNEY
2018,1,1,01 PERSONAL SERVICES,187,WORKER'S COMP-DISABILITY COMP       0187,80,69,5400,8171581081,8171581081,1491289081,14597356,14597356,5400,5400,8171581081,080 GRANTS REVENUE FUND,69 DISTRICT ATTORNEY
2018,1,1,01 PERSONAL SERVICES,189,MEDICARE TAX                        0189,80,69,550,8171581631,8171581631,1491289631,14597906,14597906,550,550,8171581631,080 GRANTS REVENUE FUND,69 DISTRICT ATTORNEY
2018,1,1,01 PERSONAL SERVICES,190,PENSION-OBLIGATION BOND PAYMENTS    0190,80,69,545000,8172126631,8172126631,1491834631,15142906,15142906,545000,545000,8172126631,080 GRANTS REVENUE FUND,69 DISTRICT ATTORNEY
2018,1,1,01 PERSONAL SERVICES,191,PENSION-ACTUAL                      0191,80,69,19500,8172146131,8172146131,1491854131,15162406,15162406,19500,19500,8172146131,080 GRANTS REVENUE FUND,69 DISTRICT ATTORNEY
2018,1,1,01 PERSONAL SERVICES,192,FICA TAXES                          0192,80,69,2300,8172148431,8172148431,1491856431,15164706,15164706,2300,2300,8172148431,080 GRANTS REVENUE FUND,69 DISTRICT ATTORNEY
2018,1,1,01 PERSONAL SERVICES,193,MEDICAL HEALTH & WELFARE CREDIT     0193,80,69,48000,8172196431,8172196431,1491904431,15212706,15212706,48000,48000,8172196431,080 GRANTS REVENUE FUND,69 DISTRICT ATTORNEY
2018,1,1,01 PERSONAL SERVICES,194,GROUP LIFE INSURANCE                0194,80,69,240,8172196671,8172196671,1491904671,15212946,15212946,240,240,8172196671,080 GRANTS REVENUE FUND,69 DISTRICT ATTORNEY
2018,1,2,02 PURCHASE OF SERVICES,299,OTHER EXPENSES (NOT OTHRWSE CLSSFD) 0299,80,69,40000,8172236671,8172236671,1491944671,15252946,40000,951473,40000,8172236671,080 GRANTS REVENUE FUND,69 DISTRICT ATTORNEY
2018,1,2,02 PURCHASE OF SERVICES,299,OTHER EXPENSES (NOT OTHRWSE CLSSFD) 0299,80,69,10000,8172246671,8172246671,1491954671,15262946,50000,951473,50000,8172246671,080 GRANTS REVENUE FUND,69 DISTRICT ATTORNEY
2018,1,2,02 PURCHASE OF SERVICES,299,OTHER EXPENSES (NOT OTHRWSE CLSSFD) 0299,80,69,116100,8172362771,8172362771,1492070771,15379046,166100,951473,166100,8172362771,080 GRANTS REVENUE FUND,69 DISTRICT ATTORNEY
2018,1,2,02 PURCHASE OF SERVICES,299,OTHER EXPENSES (NOT OTHRWSE CLSSFD) 0299,80,69,10000,8172372771,8172372771,1492080771,15389046,176100,951473,176100,8172372771,080 GRANTS REVENUE FUND,69 DISTRICT ATTORNEY
2018,1,2,02 PURCHASE OF SERVICES,299,OTHER EXPENSES (NOT OTHRWSE CLSSFD) 0299,80,69,8600,8172381371,8172381371,1492089371,15397646,184700,951473,184700,8172381371,080 GRANTS REVENUE FUND,69 DISTRICT ATTORNEY
2018,1,2,02 PURCHASE OF SERVICES,299,OTHER EXPENSES (NOT OTHRWSE CLSSFD) 0299,80,69,6500,8172387871,8172387871,1492095871,15404146,191200,951473,191200,8172387871,080 GRANTS REVENUE FUND,69 DISTRICT ATTORNEY
2018,1,2,02 PURCHASE OF SERVICES,299,OTHER EXPENSES (NOT OTHRWSE CLSSFD) 0299,80,69,20273,8172408144,8172408144,1492116144,15424419,211473,951473,211473,8172408144,080 GRANTS REVENUE FUND,69 DISTRICT ATTORNEY
2018,1,2,02 PURCHASE OF SERVICES,299,OTHER EXPENSES (NOT OTHRWSE CLSSFD) 0299,80,69,740000,8173148144,8173148144,1492856144,16164419,951473,951473,951473,8173148144,080 GRANTS REVENUE FUND,69 DISTRICT ATTORNEY
2018,1,3,03 MATERIALS AND SUPPLIES,399,OTHER MATERIALS AND SUPPLIES (NOC)  0399,80,69,2500,8173150644,8173150644,1492858644,16166919,2500,44050,2500,8173150644,080 GRANTS REVENUE FUND,69 DISTRICT ATTORNEY
2018,1,3,03 MATERIALS AND SUPPLIES,399,OTHER MATERIALS AND SUPPLIES (NOC)  0399,80,69,10000,8173160644,8173160644,1492868644,16176919,12500,44050,12500,8173160644,080 GRANTS REVENUE FUND,69 DISTRICT ATTORNEY
2018,1,3,03 MATERIALS AND SUPPLIES,399,OTHER MATERIALS AND SUPPLIES (NOC)  0399,80,69,550,8173161194,8173161194,1492869194,16177469,13050,44050,13050,8173161194,080 GRANTS REVENUE FUND,69 DISTRICT ATTORNEY
2018,1,3,03 MATERIALS AND SUPPLIES,399,OTHER MATERIALS AND SUPPLIES (NOC)  0399,80,69,30000,8173191194,8173191194,1492899194,16207469,43050,44050,43050,8173191194,080 GRANTS REVENUE FUND,69 DISTRICT ATTORNEY
2018,1,3,03 MATERIALS AND SUPPLIES,399,OTHER MATERIALS AND SUPPLIES (NOC)  0399,80,69,1000,8173192194,8173192194,1492900194,16208469,44050,44050,44050,8173192194,080 GRANTS REVENUE FUND,69 DISTRICT ATTORNEY
2018,1,4,04 EQUIPMENT,499,OTHER EQUIPMENT (NOC)               0499,80,69,35000,8173227194,8173227194,1492935194,16243469,35000,35000,35000,8173227194,080 GRANTS REVENUE FUND,69 DISTRICT ATTORNEY
2018,1,1,01 PERSONAL SERVICES,101,PERM FULL TIME-CIVILIAN             0101,80,72,90000,8173317194,8173317194,1493025194,90000,90000,90000,90000,8173317194,080 GRANTS REVENUE FUND,72 PLANNING & DEVELOPMENT
2018,1,2,02 PURCHASE OF SERVICES,250,PROFESSIONAL CONSULT/SPEC SERVICES  0250,80,72,30000,8173347194,8173347194,1493055194,120000,30000,88486222,30000,8173347194,080 GRANTS REVENUE FUND,72 PLANNING & DEVELOPMENT
2018,1,2,02 PURCHASE OF SERVICES,250,PROFESSIONAL CONSULT/SPEC SERVICES  0250,80,72,14500000,8187847194,8187847194,1507555194,14620000,14530000,88486222,14530000,8187847194,080 GRANTS REVENUE FUND,72 PLANNING & DEVELOPMENT
2018,1,2,02 PURCHASE OF SERVICES,250,PROFESSIONAL CONSULT/SPEC SERVICES  0250,80,72,8000000,8195847194,8195847194,1515555194,22620000,22530000,88486222,22530000,8195847194,080 GRANTS REVENUE FUND,72 PLANNING & DEVELOPMENT
2018,1,2,02 PURCHASE OF SERVICES,250,PROFESSIONAL CONSULT/SPEC SERVICES  0250,80,72,400000,8196247194,8196247194,1515955194,23020000,22930000,88486222,22930000,8196247194,080 GRANTS REVENUE FUND,72 PLANNING & DEVELOPMENT
2018,1,2,02 PURCHASE OF SERVICES,250,PROFESSIONAL CONSULT/SPEC SERVICES  0250,80,72,5000000,8201247194,8201247194,1520955194,28020000,27930000,88486222,27930000,8201247194,080 GRANTS REVENUE FUND,72 PLANNING & DEVELOPMENT
2018,1,2,02 PURCHASE OF SERVICES,250,PROFESSIONAL CONSULT/SPEC SERVICES  0250,80,72,6000000,8207247194,8207247194,1526955194,34020000,33930000,88486222,33930000,8207247194,080 GRANTS REVENUE FUND,72 PLANNING & DEVELOPMENT
2018,1,2,02 PURCHASE OF SERVICES,250,PROFESSIONAL CONSULT/SPEC SERVICES  0250,80,72,23429000,8230676194,8230676194,1550384194,57449000,57359000,88486222,57359000,8230676194,080 GRANTS REVENUE FUND,72 PLANNING & DEVELOPMENT
2018,1,2,02 PURCHASE OF SERVICES,250,PROFESSIONAL CONSULT/SPEC SERVICES  0250,80,72,20000000,8250676194,8250676194,1570384194,77449000,77359000,88486222,77359000,8250676194,080 GRANTS REVENUE FUND,72 PLANNING & DEVELOPMENT
2018,1,2,02 PURCHASE OF SERVICES,250,PROFESSIONAL CONSULT/SPEC SERVICES  0250,80,72,1826222,8252502416,8252502416,1572210416,79275222,79185222,88486222,79185222,8252502416,080 GRANTS REVENUE FUND,72 PLANNING & DEVELOPMENT
2018,1,2,02 PURCHASE OF SERVICES,250,PROFESSIONAL CONSULT/SPEC SERVICES  0250,80,72,9301000,8261803416,8261803416,1581511416,88576222,88486222,88486222,88486222,8261803416,080 GRANTS REVENUE FUND,72 PLANNING & DEVELOPMENT
2018,1,1,01 PERSONAL SERVICES,101,PERM FULL TIME-CIVILIAN             0101,80,73,100000,8261903416,8261903416,1581611416,100000,100000,100000,100000,8261903416,080 GRANTS REVENUE FUND,73 CITY COMMISSIONERS
2018,1,2,02 PURCHASE OF SERVICES,299,OTHER EXPENSES (NOT OTHRWSE CLSSFD) 0299,80,73,600000,8262503416,8262503416,1582211416,700000,600000,600000,600000,8262503416,080 GRANTS REVENUE FUND,73 CITY COMMISSIONERS
2018,1,3,03 MATERIALS AND SUPPLIES,399,OTHER MATERIALS AND SUPPLIES (NOC)  0399,80,73,100000,8262603416,8262603416,1582311416,800000,100000,100000,100000,8262603416,080 GRANTS REVENUE FUND,73 CITY COMMISSIONERS
2018,1,4,04 EQUIPMENT,499,OTHER EQUIPMENT (NOC)               0499,80,73,100000,8262703416,8262703416,1582411416,900000,100000,100000,100000,8262703416,080 GRANTS REVENUE FUND,73 CITY COMMISSIONERS
2018,1,1,01 PERSONAL SERVICES,101,PERM FULL TIME-CIVILIAN             0101,80,84,302000,8263005416,8263005416,1582713416,302000,302000,26220190,302000,8263005416,080 GRANTS REVENUE FUND,84 1ST JUDICIAL DISTRICT
2018,1,1,01 PERSONAL SERVICES,101,PERM FULL TIME-CIVILIAN             0101,80,84,4388889,8267394305,8267394305,1587102305,4690889,4690889,26220190,4690889,8267394305,080 GRANTS REVENUE FUND,84 1ST JUDICIAL DISTRICT
2018,1,1,01 PERSONAL SERVICES,101,PERM FULL TIME-CIVILIAN             0101,80,84,41282,8267435587,8267435587,1587143587,4732171,4732171,26220190,4732171,8267435587,080 GRANTS REVENUE FUND,84 1ST JUDICIAL DISTRICT
2018,1,1,01 PERSONAL SERVICES,101,PERM FULL TIME-CIVILIAN             0101,80,84,1000000,8268435587,8268435587,1588143587,5732171,5732171,26220190,5732171,8268435587,080 GRANTS REVENUE FUND,84 1ST JUDICIAL DISTRICT
2018,1,1,01 PERSONAL SERVICES,101,PERM FULL TIME-CIVILIAN             0101,80,84,200000,8268635587,8268635587,1588343587,5932171,5932171,26220190,5932171,8268635587,080 GRANTS REVENUE FUND,84 1ST JUDICIAL DISTRICT
2018,1,1,01 PERSONAL SERVICES,101,PERM FULL TIME-CIVILIAN             0101,80,84,2200000,8270835587,8270835587,1590543587,8132171,8132171,26220190,8132171,8270835587,080 GRANTS REVENUE FUND,84 1ST JUDICIAL DISTRICT
2018,1,1,01 PERSONAL SERVICES,101,PERM FULL TIME-CIVILIAN             0101,80,84,141036,8270976623,8270976623,1590684623,8273207,8273207,26220190,8273207,8270976623,080 GRANTS REVENUE FUND,84 1ST JUDICIAL DISTRICT
2018,1,1,01 PERSONAL SERVICES,101,PERM FULL TIME-CIVILIAN             0101,80,84,13321982,8284298605,8284298605,1604006605,21595189,21595189,26220190,21595189,8284298605,080 GRANTS REVENUE FUND,84 1ST JUDICIAL DISTRICT
2018,1,1,01 PERSONAL SERVICES,101,PERM FULL TIME-CIVILIAN             0101,80,84,125001,8284423606,8284423606,1604131606,21720190,21720190,26220190,21720190,8284423606,080 GRANTS REVENUE FUND,84 1ST JUDICIAL DISTRICT
2018,1,1,01 PERSONAL SERVICES,101,PERM FULL TIME-CIVILIAN             0101,80,84,2500000,8286923606,8286923606,1606631606,24220190,24220190,26220190,24220190,8286923606,080 GRANTS REVENUE FUND,84 1ST JUDICIAL DISTRICT
2018,1,1,01 PERSONAL SERVICES,101,PERM FULL TIME-CIVILIAN             0101,80,84,2000000,8288923606,8288923606,1608631606,26220190,26220190,26220190,26220190,8288923606,080 GRANTS REVENUE FUND,84 1ST JUDICIAL DISTRICT
2018,1,1,01 PERSONAL SERVICES,187,WORKER'S COMP-DISABILITY COMP       0187,80,84,607,8288924213,8288924213,1608632213,26220797,26220797,470388,607,8288924213,080 GRANTS REVENUE FUND,84 1ST JUDICIAL DISTRICT
2018,1,1,01 PERSONAL SERVICES,187,WORKER'S COMP-DISABILITY COMP       0187,80,84,113058,8289037271,8289037271,1608745271,26333855,26333855,470388,113665,8289037271,080 GRANTS REVENUE FUND,84 1ST JUDICIAL DISTRICT
2018,1,1,01 PERSONAL SERVICES,187,WORKER'S COMP-DISABILITY COMP       0187,80,84,9549,8289046820,8289046820,1608754820,26343404,26343404,470388,123214,8289046820,080 GRANTS REVENUE FUND,84 1ST JUDICIAL DISTRICT
2018,1,1,01 PERSONAL SERVICES,187,WORKER'S COMP-DISABILITY COMP       0187,80,84,4000,8289050820,8289050820,1608758820,26347404,26347404,470388,127214,8289050820,080 GRANTS REVENUE FUND,84 1ST JUDICIAL DISTRICT
2018,1,1,01 PERSONAL SERVICES,187,WORKER'S COMP-DISABILITY COMP       0187,80,84,343174,8289393994,8289393994,1609101994,26690578,26690578,470388,470388,8289393994,080 GRANTS REVENUE FUND,84 1ST JUDICIAL DISTRICT
2018,1,1,01 PERSONAL SERVICES,189,MEDICARE TAX                        0189,80,84,4436,8289398430,8289398430,1609106430,26695014,26695014,5043,4436,8289398430,080 GRANTS REVENUE FUND,84 1ST JUDICIAL DISTRICT
2018,1,1,01 PERSONAL SERVICES,189,MEDICARE TAX                        0189,80,84,607,8289399037,8289399037,1609107037,26695621,26695621,5043,5043,8289399037,080 GRANTS REVENUE FUND,84 1ST JUDICIAL DISTRICT
2018,1,1,01 PERSONAL SERVICES,190,PENSION-OBLIGATION BOND PAYMENTS    0190,80,84,8000,8289407037,8289407037,1609115037,26703621,26703621,13378,8000,8289407037,080 GRANTS REVENUE FUND,84 1ST JUDICIAL DISTRICT
2018,1,1,01 PERSONAL SERVICES,190,PENSION-OBLIGATION BOND PAYMENTS    0190,80,84,1387,8289408424,8289408424,1609116424,26705008,26705008,13378,9387,8289408424,080 GRANTS REVENUE FUND,84 1ST JUDICIAL DISTRICT
2018,1,1,01 PERSONAL SERVICES,190,PENSION-OBLIGATION BOND PAYMENTS    0190,80,84,3991,8289412415,8289412415,1609120415,26708999,26708999,13378,13378,8289412415,080 GRANTS REVENUE FUND,84 1ST JUDICIAL DISTRICT
2018,1,1,01 PERSONAL SERVICES,191,PENSION-ACTUAL                      0191,80,84,4855,8289417270,8289417270,1609125270,26713854,26713854,6929227,4855,8289417270,080 GRANTS REVENUE FUND,84 1ST JUDICIAL DISTRICT
2018,1,1,01 PERSONAL SERVICES,191,PENSION-ACTUAL                      0191,80,84,1706750,8291124020,8291124020,1610832020,28420604,28420604,6929227,1711605,8291124020,080 GRANTS REVENUE FUND,84 1ST JUDICIAL DISTRICT
2018,1,1,01 PERSONAL SERVICES,191,PENSION-ACTUAL                      0191,80,84,36970,8291160990,8291160990,1610868990,28457574,28457574,6929227,1748575,8291160990,080 GRANTS REVENUE FUND,84 1ST JUDICIAL DISTRICT
2018,1,1,01 PERSONAL SERVICES,191,PENSION-ACTUAL                      0191,80,84,5180652,8296341642,8296341642,1616049642,33638226,33638226,6929227,6929227,8296341642,080 GRANTS REVENUE FUND,84 1ST JUDICIAL DISTRICT
2018,1,1,01 PERSONAL SERVICES,192,FICA TAXES                          0192,80,84,1003945,8297345587,8297345587,1617053587,34642171,34642171,1365975,1003945,8297345587,080 GRANTS REVENUE FUND,84 1ST JUDICIAL DISTRICT
2018,1,1,01 PERSONAL SERVICES,192,FICA TAXES                          0192,80,84,330747,8297676334,8297676334,1617384334,34972918,34972918,1365975,1334692,8297676334,080 GRANTS REVENUE FUND,84 1ST JUDICIAL DISTRICT
2018,1,1,01 PERSONAL SERVICES,192,FICA TAXES                          0192,80,84,2601,8297678935,8297678935,1617386935,34975519,34975519,1365975,1337293,8297678935,080 GRANTS REVENUE FUND,84 1ST JUDICIAL DISTRICT
2018,1,1,01 PERSONAL SERVICES,192,FICA TAXES                          0192,80,84,20682,8297699617,8297699617,1617407617,34996201,34996201,1365975,1357975,8297699617,080 GRANTS REVENUE FUND,84 1ST JUDICIAL DISTRICT
2018,1,1,01 PERSONAL SERVICES,192,FICA TAXES                          0192,80,84,8000,8297707617,8297707617,1617415617,35004201,35004201,1365975,1365975,8297707617,080 GRANTS REVENUE FUND,84 1ST JUDICIAL DISTRICT
2018,1,1,01 PERSONAL SERVICES,193,MEDICAL HEALTH & WELFARE CREDIT     0193,80,84,4036028,8301743645,8301743645,1621451645,39040229,39040229,5465221,4036028,8301743645,080 GRANTS REVENUE FUND,84 1ST JUDICIAL DISTRICT
2018,1,1,01 PERSONAL SERVICES,193,MEDICAL HEALTH & WELFARE CREDIT     0193,80,84,1329658,8303073303,8303073303,1622781303,40369887,40369887,5465221,5365686,8303073303,080 GRANTS REVENUE FUND,84 1ST JUDICIAL DISTRICT
2018,1,1,01 PERSONAL SERVICES,193,MEDICAL HEALTH & WELFARE CREDIT     0193,80,84,67100,8303140403,8303140403,1622848403,40436987,40436987,5465221,5432786,8303140403,080 GRANTS REVENUE FUND,84 1ST JUDICIAL DISTRICT
2018,1,1,01 PERSONAL SERVICES,193,MEDICAL HEALTH & WELFARE CREDIT     0193,80,84,25500,8303165903,8303165903,1622873903,40462487,40462487,5465221,5458286,8303165903,080 GRANTS REVENUE FUND,84 1ST JUDICIAL DISTRICT
2018,1,1,01 PERSONAL SERVICES,193,MEDICAL HEALTH & WELFARE CREDIT     0193,80,84,6935,8303172838,8303172838,1622880838,40469422,40469422,5465221,5465221,8303172838,080 GRANTS REVENUE FUND,84 1ST JUDICIAL DISTRICT
2018,1,1,01 PERSONAL SERVICES,194,GROUP LIFE INSURANCE                0194,80,84,1000,8303173838,8303173838,1622881838,40470422,40470422,126228,1000,8303173838,080 GRANTS REVENUE FUND,84 1ST JUDICIAL DISTRICT
2018,1,1,01 PERSONAL SERVICES,194,GROUP LIFE INSURANCE                0194,80,84,93787,8303267625,8303267625,1622975625,40564209,40564209,126228,94787,8303267625,080 GRANTS REVENUE FUND,84 1ST JUDICIAL DISTRICT
2018,1,1,01 PERSONAL SERVICES,194,GROUP LIFE INSURANCE                0194,80,84,370,8303267995,8303267995,1622975995,40564579,40564579,126228,95157,8303267995,080 GRANTS REVENUE FUND,84 1ST JUDICIAL DISTRICT
2018,1,1,01 PERSONAL SERVICES,194,GROUP LIFE INSURANCE                0194,80,84,173,8303268168,8303268168,1622976168,40564752,40564752,126228,95330,8303268168,080 GRANTS REVENUE FUND,84 1ST JUDICIAL DISTRICT
2018,1,1,01 PERSONAL SERVICES,194,GROUP LIFE INSURANCE                0194,80,84,30898,8303299066,8303299066,1623007066,40595650,40595650,126228,126228,8303299066,080 GRANTS REVENUE FUND,84 1ST JUDICIAL DISTRICT
2018,1,1,01 PERSONAL SERVICES,195,GROUP LEGAL INSURANCE               0195,80,84,173,8303299239,8303299239,1623007239,40595823,40595823,2049,173,8303299239,080 GRANTS REVENUE FUND,84 1ST JUDICIAL DISTRICT
2018,1,1,01 PERSONAL SERVICES,195,GROUP LEGAL INSURANCE               0195,80,84,876,8303300115,8303300115,1623008115,40596699,40596699,2049,1049,8303300115,080 GRANTS REVENUE FUND,84 1ST JUDICIAL DISTRICT
2018,1,1,01 PERSONAL SERVICES,195,GROUP LEGAL INSURANCE               0195,80,84,1000,8303301115,8303301115,1623009115,40597699,40597699,2049,2049,8303301115,080 GRANTS REVENUE FUND,84 1ST JUDICIAL DISTRICT
2018,1,2,02 PURCHASE OF SERVICES,299,OTHER EXPENSES (NOT OTHRWSE CLSSFD) 0299,80,84,2200000,8305501115,8305501115,1625209115,42797699,2200000,6596489,2200000,8305501115,080 GRANTS REVENUE FUND,84 1ST JUDICIAL DISTRICT
2018,1,2,02 PURCHASE OF SERVICES,299,OTHER EXPENSES (NOT OTHRWSE CLSSFD) 0299,80,84,300002,8305801117,8305801117,1625509117,43097701,2500002,6596489,2500002,8305801117,080 GRANTS REVENUE FUND,84 1ST JUDICIAL DISTRICT
2018,1,2,02 PURCHASE OF SERVICES,299,OTHER EXPENSES (NOT OTHRWSE CLSSFD) 0299,80,84,382000,8306183117,8306183117,1625891117,43479701,2882002,6596489,2882002,8306183117,080 GRANTS REVENUE FUND,84 1ST JUDICIAL DISTRICT
2018,1,2,02 PURCHASE OF SERVICES,299,OTHER EXPENSES (NOT OTHRWSE CLSSFD) 0299,80,84,1178380,8307361497,8307361497,1627069497,44658081,4060382,6596489,4060382,8307361497,080 GRANTS REVENUE FUND,84 1ST JUDICIAL DISTRICT
2018,1,2,02 PURCHASE OF SERVICES,299,OTHER EXPENSES (NOT OTHRWSE CLSSFD) 0299,80,84,154771,8307516268,8307516268,1627224268,44812852,4215153,6596489,4215153,8307516268,080 GRANTS REVENUE FUND,84 1ST JUDICIAL DISTRICT
2018,1,2,02 PURCHASE OF SERVICES,299,OTHER EXPENSES (NOT OTHRWSE CLSSFD) 0299,80,84,350000,8307866268,8307866268,1627574268,45162852,4565153,6596489,4565153,8307866268,080 GRANTS REVENUE FUND,84 1ST JUDICIAL DISTRICT
2018,1,2,02 PURCHASE OF SERVICES,299,OTHER EXPENSES (NOT OTHRWSE CLSSFD) 0299,80,84,1000000,8308866268,8308866268,1628574268,46162852,5565153,6596489,5565153,8308866268,080 GRANTS REVENUE FUND,84 1ST JUDICIAL DISTRICT
2018,1,2,02 PURCHASE OF SERVICES,299,OTHER EXPENSES (NOT OTHRWSE CLSSFD) 0299,80,84,1000000,8309866268,8309866268,1629574268,47162852,6565153,6596489,6565153,8309866268,080 GRANTS REVENUE FUND,84 1ST JUDICIAL DISTRICT
2018,1,2,02 PURCHASE OF SERVICES,299,OTHER EXPENSES (NOT OTHRWSE CLSSFD) 0299,80,84,31336,8309897604,8309897604,1629605604,47194188,6596489,6596489,6596489,8309897604,080 GRANTS REVENUE FUND,84 1ST JUDICIAL DISTRICT
2018,1,3,03 MATERIALS AND SUPPLIES,399,OTHER MATERIALS AND SUPPLIES (NOC)  0399,80,84,750000,8310647604,8310647604,1630355604,47944188,750000,1720305,750000,8310647604,080 GRANTS REVENUE FUND,84 1ST JUDICIAL DISTRICT
2018,1,3,03 MATERIALS AND SUPPLIES,399,OTHER MATERIALS AND SUPPLIES (NOC)  0399,80,84,450000,8311097604,8311097604,1630805604,48394188,1200000,1720305,1200000,8311097604,080 GRANTS REVENUE FUND,84 1ST JUDICIAL DISTRICT
2018,1,3,03 MATERIALS AND SUPPLIES,399,OTHER MATERIALS AND SUPPLIES (NOC)  0399,80,84,75000,8311172604,8311172604,1630880604,48469188,1275000,1720305,1275000,8311172604,080 GRANTS REVENUE FUND,84 1ST JUDICIAL DISTRICT
2018,1,3,03 MATERIALS AND SUPPLIES,399,OTHER MATERIALS AND SUPPLIES (NOC)  0399,80,84,394921,8311567525,8311567525,1631275525,48864109,1669921,1720305,1669921,8311567525,080 GRANTS REVENUE FUND,84 1ST JUDICIAL DISTRICT
2018,1,3,03 MATERIALS AND SUPPLIES,399,OTHER MATERIALS AND SUPPLIES (NOC)  0399,80,84,16049,8311583574,8311583574,1631291574,48880158,1685970,1720305,1685970,8311583574,080 GRANTS REVENUE FUND,84 1ST JUDICIAL DISTRICT
2018,1,3,03 MATERIALS AND SUPPLIES,399,OTHER MATERIALS AND SUPPLIES (NOC)  0399,80,84,1000,8311584574,8311584574,1631292574,48881158,1686970,1720305,1686970,8311584574,080 GRANTS REVENUE FUND,84 1ST JUDICIAL DISTRICT
2018,1,3,03 MATERIALS AND SUPPLIES,399,OTHER MATERIALS AND SUPPLIES (NOC)  0399,80,84,33335,8311617909,8311617909,1631325909,48914493,1720305,1720305,1720305,8311617909,080 GRANTS REVENUE FUND,84 1ST JUDICIAL DISTRICT
2018,1,4,04 EQUIPMENT,499,OTHER EQUIPMENT (NOC)               0499,80,84,240921,8311858830,8311858830,1631566830,49155414,240921,1109091,240921,8311858830,080 GRANTS REVENUE FUND,84 1ST JUDICIAL DISTRICT
2018,1,4,04 EQUIPMENT,499,OTHER EQUIPMENT (NOC)               0499,80,84,117170,8311976000,8311976000,1631684000,49272584,358091,1109091,358091,8311976000,080 GRANTS REVENUE FUND,84 1ST JUDICIAL DISTRICT
2018,1,4,04 EQUIPMENT,499,OTHER EQUIPMENT (NOC)               0499,80,84,750000,8312726000,8312726000,1632434000,50022584,1108091,1109091,1108091,8312726000,080 GRANTS REVENUE FUND,84 1ST JUDICIAL DISTRICT
2018,1,4,04 EQUIPMENT,499,OTHER EQUIPMENT (NOC)               0499,80,84,1000,8312727000,8312727000,1632435000,50023584,1109091,1109091,1109091,8312727000,080 GRANTS REVENUE FUND,84 1ST JUDICIAL DISTRICT
2018,1,1,01 PERSONAL SERVICES,100,SALARY CONTROL                      0100,90,4,3500,8312730500,8312730500,3500,3500,3500,3500,3500,8312730500,090 AIRPORT OPERATING FUND,04 MDO-OFFICE OF TECHNOLOGY
2018,1,1,01 PERSONAL SERVICES,101,PERM FULL TIME-CIVILIAN             0101,90,4,970000,8313700500,8313700500,973500,973500,973500,970000,970000,8313700500,090 AIRPORT OPERATING FUND,04 MDO-OFFICE OF TECHNOLOGY
2018,1,1,01 PERSONAL SERVICES,109,PLUS/MINUS GROSS ADJ                0109,90,4,1500,8313702000,8313702000,975000,975000,975000,1500,1500,8313702000,090 AIRPORT OPERATING FUND,04 MDO-OFFICE OF TECHNOLOGY
2018,1,1,01 PERSONAL SERVICES,161,OVERTIME-CIVILIAN                   0161,90,4,5000,8313707000,8313707000,980000,980000,980000,5000,5000,8313707000,090 AIRPORT OPERATING FUND,04 MDO-OFFICE OF TECHNOLOGY
2018,1,2,02 PURCHASE OF SERVICES,209,TELEPHONE                           0209,90,4,922991,8314629991,8314629991,1902991,1902991,922991,922991,922991,8314629991,090 AIRPORT OPERATING FUND,04 MDO-OFFICE OF TECHNOLOGY
2018,1,2,02 PURCHASE OF SERVICES,251,INFORMATION TECHNOLOGY-PROF SERVICE 0251,90,4,24000,8314653991,8314653991,1926991,1926991,946991,180098,24000,8314653991,090 AIRPORT OPERATING FUND,04 MDO-OFFICE OF TECHNOLOGY
2018,1,2,02 PURCHASE OF SERVICES,251,INFORMATION TECHNOLOGY-PROF SERVICE 0251,90,4,156098,8314810089,8314810089,2083089,2083089,1103089,180098,180098,8314810089,090 AIRPORT OPERATING FUND,04 MDO-OFFICE OF TECHNOLOGY
2018,1,1,01 PERSONAL SERVICES,100,SALARY CONTROL                      0100,90,11,130000,8314940089,8314940089,2213089,130000,130000,130000,130000,8314940089,090 AIRPORT OPERATING FUND,11 POLICE
2018,1,1,01 PERSONAL SERVICES,101,PERM FULL TIME-CIVILIAN             0101,90,11,461320,8315401409,8315401409,2674409,591320,591320,461320,461320,8315401409,090 AIRPORT OPERATING FUND,11 POLICE
2018,1,1,01 PERSONAL SERVICES,105,PERM FULL TIME-UNIFORM              0105,90,11,11384750,8326786159,8326786159,14059159,11976070,11976070,11384750,11384750,8326786159,090 AIRPORT OPERATING FUND,11 POLICE
2018,1,1,01 PERSONAL SERVICES,109,PLUS/MINUS GROSS ADJ                0109,90,11,24900,8326811059,8326811059,14084059,12000970,12000970,24900,24900,8326811059,090 AIRPORT OPERATING FUND,11 POLICE
2018,1,1,01 PERSONAL SERVICES,110,UNIFORM STRESS PAY                  0110,90,11,852870,8327663929,8327663929,14936929,12853840,12853840,852870,852870,8327663929,090 AIRPORT OPERATING FUND,11 POLICE
2018,1,1,01 PERSONAL SERVICES,152,UNIFORM IOD PAY (HEART & LUNG)      0152,90,11,146042,8327809971,8327809971,15082971,12999882,12999882,146042,146042,8327809971,090 AIRPORT OPERATING FUND,11 POLICE
2018,1,1,01 PERSONAL SERVICES,161,OVERTIME-CIVILIAN                   0161,90,11,11340,8327821311,8327821311,15094311,13011222,13011222,11340,11340,8327821311,090 AIRPORT OPERATING FUND,11 POLICE
2018,1,1,01 PERSONAL SERVICES,165,OVERTIME/SHIFT-UNIFORM              0165,90,11,2236913,8330058224,8330058224,17331224,15248135,15248135,2236913,2236913,8330058224,090 AIRPORT OPERATING FUND,11 POLICE
2018,1,1,01 PERSONAL SERVICES,171,"HOLIDAY ""G""(2/3 SHIFTS)             0171",90,11,15647,8330073871,8330073871,17346871,15263782,15263782,15647,15647,8330073871,090 AIRPORT OPERATING FUND,11 POLICE
2018,1,1,01 PERSONAL SERVICES,175,HOLIDAY PAY-ANNUAL                  0175,90,11,457888,8330531759,8330531759,17804759,15721670,15721670,457888,457888,8330531759,090 AIRPORT OPERATING FUND,11 POLICE
2018,1,2,02 PURCHASE OF SERVICES,201,CLEANING AND LAUNDERING             0201,90,11,77500,8330609259,8330609259,17882259,15799170,77500,77500,77500,8330609259,090 AIRPORT OPERATING FUND,11 POLICE
2018,1,3,03 MATERIALS AND SUPPLIES,308,DRY GOODS/NOTIONS/WEARING APPAREL   0308,90,11,93000,8330702259,8330702259,17975259,15892170,93000,93000,93000,8330702259,090 AIRPORT OPERATING FUND,11 POLICE
2018,1,1,01 PERSONAL SERVICES,100,SALARY CONTROL                      0100,90,13,282183,8330984442,8330984442,18257442,282183,282183,282183,282183,8330984442,090 AIRPORT OPERATING FUND,13 FIRE
2018,1,1,01 PERSONAL SERVICES,105,PERM FULL TIME-UNIFORM              0105,90,13,5533109,8336517551,8336517551,23790551,5815292,5815292,5533109,5533109,8336517551,090 AIRPORT OPERATING FUND,13 FIRE
2018,1,1,01 PERSONAL SERVICES,106,FIRE OUT OF CLASS-UNIFORM           0106,90,13,22553,8336540104,8336540104,23813104,5837845,5837845,22553,22553,8336540104,090 AIRPORT OPERATING FUND,13 FIRE
2018,1,1,01 PERSONAL SERVICES,107,FIRE OUT OF CLASS PREM(2HR DIF)     0107,90,13,520228,8337060332,8337060332,24333332,6358073,6358073,520228,520228,8337060332,090 AIRPORT OPERATING FUND,13 FIRE
2018,1,1,01 PERSONAL SERVICES,108,VACATION BUY BACK                   0108,90,13,13815,8337074147,8337074147,24347147,6371888,6371888,13815,13815,8337074147,090 AIRPORT OPERATING FUND,13 FIRE
2018,1,1,01 PERSONAL SERVICES,109,PLUS/MINUS GROSS ADJ                0109,90,13,22024,8337096171,8337096171,24369171,6393912,6393912,22024,22024,8337096171,090 AIRPORT OPERATING FUND,13 FIRE
2018,1,1,01 PERSONAL SERVICES,152,UNIFORM IOD PAY (HEART & LUNG)      0152,90,13,158883,8337255054,8337255054,24528054,6552795,6552795,158883,158883,8337255054,090 AIRPORT OPERATING FUND,13 FIRE
2018,1,1,01 PERSONAL SERVICES,165,OVERTIME/SHIFT-UNIFORM              0165,90,13,711765,8337966819,8337966819,25239819,7264560,7264560,711765,711765,8337966819,090 AIRPORT OPERATING FUND,13 FIRE
2018,1,1,01 PERSONAL SERVICES,166,OVERTIME/SHIFT-FIRE OUT OF CLASS    0166,90,13,29693,8337996512,8337996512,25269512,7294253,7294253,29693,29693,8337996512,090 AIRPORT OPERATING FUND,13 FIRE
2018,1,1,01 PERSONAL SERVICES,175,HOLIDAY PAY-ANNUAL                  0175,90,13,301397,8338297909,8338297909,25570909,7595650,7595650,301397,301397,8338297909,090 AIRPORT OPERATING FUND,13 FIRE
2018,1,1,01 PERSONAL SERVICES,181,SHIFT                               0181,90,13,12924,8338310833,8338310833,25583833,7608574,7608574,12924,12924,8338310833,090 AIRPORT OPERATING FUND,13 FIRE
2018,1,2,02 PURCHASE OF SERVICES,250,PROFESSIONAL CONSULT/SPEC SERVICES  0250,90,13,15000,8338325833,8338325833,25598833,7623574,15000,15000,15000,8338325833,090 AIRPORT OPERATING FUND,13 FIRE
2018,1,3,03 MATERIALS AND SUPPLIES,308,DRY GOODS/NOTIONS/WEARING APPAREL   0308,90,13,74900,8338400733,8338400733,25673733,7698474,74900,74900,74900,8338400733,090 AIRPORT OPERATING FUND,13 FIRE
2018,1,3,03 MATERIALS AND SUPPLIES,317,HOSPITAL AND LABORATORY             0317,90,13,14000,8338414733,8338414733,25687733,7712474,88900,14000,14000,8338414733,090 AIRPORT OPERATING FUND,13 FIRE
2018,1,4,04 EQUIPMENT,412,FIRE FIGHTING AND EMERGENCY         0412,90,13,67000,8338481733,8338481733,25754733,7779474,67000,67000,67000,8338481733,090 AIRPORT OPERATING FUND,13 FIRE
2018,1,8,08 PAYMENTS TO OTHER FUNDS,803,PAYMENTS TO WATER FUND              0803,90,13,23000,8338504733,8338504733,25777733,7802474,23000,23000,23000,8338504733,090 AIRPORT OPERATING FUND,13 FIRE
2018,1,2,02 PURCHASE OF SERVICES,220,ELECTRIC CURRENT-STRUCTURES/STREETS 0220,90,20,20000000,8358504733,8358504733,45777733,20000000,20000000,20000000,20000000,8358504733,090 AIRPORT OPERATING FUND,20 PUBLIC PROPERTY
2018,1,2,02 PURCHASE OF SERVICES,221,GAS SERVICES                        0221,90,20,6900000,8365404733,8365404733,52677733,26900000,26900000,6900000,6900000,8365404733,090 AIRPORT OPERATING FUND,20 PUBLIC PROPERTY
2018,1,1,01 PERSONAL SERVICES,101,PERM FULL TIME-CIVILIAN             0101,90,25,972695,8366377428,8366377428,53650428,972695,972695,972695,972695,8366377428,090 AIRPORT OPERATING FUND,25 FLEET MANAGEMENT
2018,1,1,01 PERSONAL SERVICES,109,PLUS/MINUS GROSS ADJ                0109,90,25,11248,8366388676,8366388676,53661676,983943,983943,11248,11248,8366388676,090 AIRPORT OPERATING FUND,25 FLEET MANAGEMENT
2018,1,1,01 PERSONAL SERVICES,161,OVERTIME-CIVILIAN                   0161,90,25,402826,8366791502,8366791502,54064502,1386769,1386769,402826,402826,8366791502,090 AIRPORT OPERATING FUND,25 FLEET MANAGEMENT
2018,1,1,01 PERSONAL SERVICES,171,"HOLIDAY ""G""(2/3 SHIFTS)             0171",90,25,13569,8366805071,8366805071,54078071,1400338,1400338,13569,13569,8366805071,090 AIRPORT OPERATING FUND,25 FLEET MANAGEMENT
2018,1,1,01 PERSONAL SERVICES,181,SHIFT                               0181,90,25,7421,8366812492,8366812492,54085492,1407759,1407759,7421,7421,8366812492,090 AIRPORT OPERATING FUND,25 FLEET MANAGEMENT
2018,1,2,02 PURCHASE OF SERVICES,201,CLEANING AND LAUNDERING             0201,90,25,8000,8366820492,8366820492,54093492,1415759,8000,8000,8000,8366820492,090 AIRPORT OPERATING FUND,25 FLEET MANAGEMENT
2018,1,2,02 PURCHASE OF SERVICES,202,JANITORIAL SERVICES                 0202,90,25,7000,8366827492,8366827492,54100492,1422759,15000,7000,7000,8366827492,090 AIRPORT OPERATING FUND,25 FLEET MANAGEMENT
2018,1,2,02 PURCHASE OF SERVICES,209,TELEPHONE                           0209,90,25,1000,8366828492,8366828492,54101492,1423759,16000,1000,1000,8366828492,090 AIRPORT OPERATING FUND,25 FLEET MANAGEMENT
2018,1,2,02 PURCHASE OF SERVICES,215,LICENSES PERMITS INSPECTION CHARGES 0215,90,25,5000,8366833492,8366833492,54106492,1428759,21000,5000,5000,8366833492,090 AIRPORT OPERATING FUND,25 FLEET MANAGEMENT
2018,1,2,02 PURCHASE OF SERVICES,250,PROFESSIONAL CONSULT/SPEC SERVICES  0250,90,25,5000,8366838492,8366838492,54111492,1433759,26000,5000,5000,8366838492,090 AIRPORT OPERATING FUND,25 FLEET MANAGEMENT
2018,1,2,02 PURCHASE OF SERVICES,260,REPAIR AND MAINTENANCE CHARGES      0260,90,25,549000,8367387492,8367387492,54660492,1982759,575000,549000,549000,8367387492,090 AIRPORT OPERATING FUND,25 FLEET MANAGEMENT
2018,1,2,02 PURCHASE OF SERVICES,280,INSURANCE AND OFFICIAL BONDS        0280,90,25,2000,8367389492,8367389492,54662492,1984759,577000,2000,2000,8367389492,090 AIRPORT OPERATING FUND,25 FLEET MANAGEMENT
2018,1,2,02 PURCHASE OF SERVICES,285,RENTS                               0285,90,25,5000,8367394492,8367394492,54667492,1989759,582000,5000,5000,8367394492,090 AIRPORT OPERATING FUND,25 FLEET MANAGEMENT
2018,1,2,02 PURCHASE OF SERVICES,286,RENTAL OF PARKING SPACES            0286,90,25,6000,8367400492,8367400492,54673492,1995759,588000,6000,6000,8367400492,090 AIRPORT OPERATING FUND,25 FLEET MANAGEMENT
2018,1,3,03 MATERIALS AND SUPPLIES,305,BUILDING AND CONSTRUCTION           0305,90,25,3000,8367403492,8367403492,54676492,1998759,3000,3000,3000,8367403492,090 AIRPORT OPERATING FUND,25 FLEET MANAGEMENT
2018,1,3,03 MATERIALS AND SUPPLIES,307,CHEMICALS AND GASES                 0307,90,25,7500,8367410992,8367410992,54683992,2006259,10500,7500,7500,8367410992,090 AIRPORT OPERATING FUND,25 FLEET MANAGEMENT
2018,1,3,03 MATERIALS AND SUPPLIES,308,DRY GOODS/NOTIONS/WEARING APPAREL   0308,90,25,4500,8367415492,8367415492,54688492,2010759,15000,4500,4500,8367415492,090 AIRPORT OPERATING FUND,25 FLEET MANAGEMENT
2018,1,3,03 MATERIALS AND SUPPLIES,310,ELECTRICAL AND COMMUNICATION        0310,90,25,1000,8367416492,8367416492,54689492,2011759,16000,1000,1000,8367416492,090 AIRPORT OPERATING FUND,25 FLEET MANAGEMENT
2018,1,3,03 MATERIALS AND SUPPLIES,316,GENERAL HARDWARE AND MINOR TOOLS    0316,90,25,4000,8367420492,8367420492,54693492,2015759,20000,4000,4000,8367420492,090 AIRPORT OPERATING FUND,25 FLEET MANAGEMENT
2018,1,3,03 MATERIALS AND SUPPLIES,318,"JANITORIAL, LAUNDRY AND HOUSEHOLD   0318",90,25,2500,8367422992,8367422992,54695992,2018259,22500,2500,2500,8367422992,090 AIRPORT OPERATING FUND,25 FLEET MANAGEMENT
2018,1,3,03 MATERIALS AND SUPPLIES,320,OFFICE MATERIALS AND SUPPLIES       0320,90,25,1000,8367423992,8367423992,54696992,2019259,23500,1000,1000,8367423992,090 AIRPORT OPERATING FUND,25 FLEET MANAGEMENT
2018,1,3,03 MATERIALS AND SUPPLIES,322,SMALL POWER TOOLS AND HAND TOOLS    0322,90,25,20000,8367443992,8367443992,54716992,2039259,43500,20000,20000,8367443992,090 AIRPORT OPERATING FUND,25 FLEET MANAGEMENT
2018,1,3,03 MATERIALS AND SUPPLIES,324,"PRECISION, PHOTOGRAPHIC AND ARTISTS 0324",90,25,2000,8367445992,8367445992,54718992,2041259,45500,2000,2000,8367445992,090 AIRPORT OPERATING FUND,25 FLEET MANAGEMENT
2018,1,3,03 MATERIALS AND SUPPLIES,328,MOTOR VEHICLE PARTS AND ACCESSORIES 0328,90,25,710800,8368156792,8368156792,55429792,2752059,756300,710800,710800,8368156792,090 AIRPORT OPERATING FUND,25 FLEET MANAGEMENT
2018,1,3,03 MATERIALS AND SUPPLIES,335,LUBRICANTS                          0335,90,25,28000,8368184792,8368184792,55457792,2780059,784300,28000,28000,8368184792,090 AIRPORT OPERATING FUND,25 FLEET MANAGEMENT
2018,1,3,03 MATERIALS AND SUPPLIES,340,#2 DIESEL FUEL                      0340,90,25,331200,8368515992,8368515992,55788992,3111259,1115500,331200,331200,8368515992,090 AIRPORT OPERATING FUND,25 FLEET MANAGEMENT
2018,1,3,03 MATERIALS AND SUPPLIES,345,GASOLINE                            0345,90,25,337500,8368853492,8368853492,56126492,3448759,1453000,337500,337500,8368853492,090 AIRPORT OPERATING FUND,25 FLEET MANAGEMENT
2018,1,4,04 EQUIPMENT,411,GENERAL EQUIPMENT AND MACHINERY     0411,90,25,20000,8368873492,8368873492,56146492,3468759,20000,20000,20000,8368873492,090 AIRPORT OPERATING FUND,25 FLEET MANAGEMENT
2018,1,4,04 EQUIPMENT,424,"PRECISION, PHOTOGRAPHIC AND ARTIST  0424",90,25,5000,8368878492,8368878492,56151492,3473759,25000,5000,5000,8368878492,090 AIRPORT OPERATING FUND,25 FLEET MANAGEMENT
2018,1,4,04 EQUIPMENT,427,COMPUTER EQUIPMENT & PERIPHERALS    0427,90,25,7000,8368885492,8368885492,56158492,3480759,32000,7000,7000,8368885492,090 AIRPORT OPERATING FUND,25 FLEET MANAGEMENT
2018,1,4,04 EQUIPMENT,428,VEHICLES -- MOTOR AND MOTORLESS     0428,90,25,4800000,8373685492,8373685492,60958492,8280759,4832000,4800000,4800000,8373685492,090 AIRPORT OPERATING FUND,25 FLEET MANAGEMENT
2018,1,4,04 EQUIPMENT,430,FURNITURE AND FURNISHINGS           0430,90,25,8000,8373693492,8373693492,60966492,8288759,4840000,8000,8000,8373693492,090 AIRPORT OPERATING FUND,25 FLEET MANAGEMENT
2018,1,1,01 PERSONAL SERVICES,186,FLEX CASH                           0186,90,35,24650,8373718142,8373718142,60991142,24650,24650,24650,24650,8373718142,090 AIRPORT OPERATING FUND,35 DIRECTOR OF FINANCE
2018,1,1,01 PERSONAL SERVICES,187,WORKER'S COMP-DISABILITY COMP       0187,90,35,700000,8374418142,8374418142,61691142,724650,724650,700000,700000,8374418142,090 AIRPORT OPERATING FUND,35 DIRECTOR OF FINANCE
2018,1,1,01 PERSONAL SERVICES,188,WORKER'S COMP-MEDICAL               0188,90,35,750000,8375168142,8375168142,62441142,1474650,1474650,750000,750000,8375168142,090 AIRPORT OPERATING FUND,35 DIRECTOR OF FINANCE
2018,1,1,01 PERSONAL SERVICES,189,MEDICARE TAX                        0189,90,35,1108000,8376276142,8376276142,63549142,2582650,2582650,1108000,1108000,8376276142,090 AIRPORT OPERATING FUND,35 DIRECTOR OF FINANCE
2018,1,1,01 PERSONAL SERVICES,190,PENSION-OBLIGATION BOND PAYMENTS    0190,90,35,6430000,8382706142,8382706142,69979142,9012650,9012650,6430000,6430000,8382706142,090 AIRPORT OPERATING FUND,35 DIRECTOR OF FINANCE
2018,1,1,01 PERSONAL SERVICES,191,PENSION-ACTUAL                      0191,90,35,29760300,8412466442,8412466442,99739442,38772950,38772950,29760300,29760300,8412466442,090 AIRPORT OPERATING FUND,35 DIRECTOR OF FINANCE
2018,1,1,01 PERSONAL SERVICES,192,FICA TAXES                          0192,90,35,3200000,8415666442,8415666442,102939442,41972950,41972950,3200000,3200000,8415666442,090 AIRPORT OPERATING FUND,35 DIRECTOR OF FINANCE
2018,1,1,01 PERSONAL SERVICES,193,MEDICAL HEALTH & WELFARE CREDIT     0193,90,35,19604986,8435271428,8435271428,122544428,61577936,61577936,19604986,19604986,8435271428,090 AIRPORT OPERATING FUND,35 DIRECTOR OF FINANCE
2018,1,1,01 PERSONAL SERVICES,194,GROUP LIFE INSURANCE                0194,90,35,125000,8435396428,8435396428,122669428,61702936,61702936,125000,125000,8435396428,090 AIRPORT OPERATING FUND,35 DIRECTOR OF FINANCE
2018,1,1,01 PERSONAL SERVICES,195,GROUP LEGAL INSURANCE               0195,90,35,210000,8435606428,8435606428,122879428,61912936,61912936,210000,210000,8435606428,090 AIRPORT OPERATING FUND,35 DIRECTOR OF FINANCE
2018,1,1,01 PERSONAL SERVICES,196,UNEMPLOYMENT COMP INSURANCE         0196,90,35,190000,8435796428,8435796428,123069428,62102936,62102936,190000,190000,8435796428,090 AIRPORT OPERATING FUND,35 DIRECTOR OF FINANCE
2018,1,1,01 PERSONAL SERVICES,197,AUTO MECHANIC TOOL INSURANCE        0197,90,35,26937,8435823365,8435823365,123096365,62129873,62129873,26937,26937,8435823365,090 AIRPORT OPERATING FUND,35 DIRECTOR OF FINANCE
2018,1,2,02 PURCHASE OF SERVICES,280,INSURANCE AND OFFICIAL BONDS        0280,90,35,4146000,8439969365,8439969365,127242365,66275873,4146000,4146000,4146000,8439969365,090 AIRPORT OPERATING FUND,35 DIRECTOR OF FINANCE
2018,1,5,"05 CONTRIBUTIONS,INDEMNITIES,REFDS,TAXES",513,INDEMNITIES-INTERDEPARTMENTAL TRANS 0513,90,35,2512000,8442481365,8442481365,129754365,68787873,2512000,2512000,2512000,8442481365,090 AIRPORT OPERATING FUND,35 DIRECTOR OF FINANCE
2018,1,7,07 DEBT SERVICE,701,INTEREST ON CITY DEBT -- LONG-TERM  0701,90,37,74361923,8516843288,8516843288,204116288,74361923,74361923,74361923,74361923,8516843288,090 AIRPORT OPERATING FUND,37 SINKING FUND COMMISSION
2018,1,7,07 DEBT SERVICE,702,PRINCIPAL PAYMENTS ON CITY DEBT-L/T 0702,90,37,81240200,8598083488,8598083488,285356488,155602123,155602123,81240200,81240200,8598083488,090 AIRPORT OPERATING FUND,37 SINKING FUND COMMISSION
2018,1,7,07 DEBT SERVICE,705,COMMITMENT FEE EXPENSE              0705,90,37,3724000,8601807488,8601807488,289080488,159326123,159326123,3724000,3724000,8601807488,090 AIRPORT OPERATING FUND,37 SINKING FUND COMMISSION
2018,1,7,07 DEBT SERVICE,706,ARBITRAGE PAYMENTS                  0706,90,37,100000,8601907488,8601907488,289180488,159426123,159426123,100000,100000,8601907488,090 AIRPORT OPERATING FUND,37 SINKING FUND COMMISSION
2018,1,1,01 PERSONAL SERVICES,100,SALARY CONTROL                      0100,90,42,250000,8602157488,8602157488,289430488,250000,250000,250000,250000,8602157488,090 AIRPORT OPERATING FUND,42 COMMERCE
2018,1,1,01 PERSONAL SERVICES,101,PERM FULL TIME-CIVILIAN             0101,90,42,39003612,8641161100,8641161100,328434100,39253612,39253612,39003612,39003612,8641161100,090 AIRPORT OPERATING FUND,42 COMMERCE
2018,1,1,01 PERSONAL SERVICES,121,TEMPORARY/SEASONAL                  0121,90,42,990000,8642151100,8642151100,329424100,40243612,40243612,990000,990000,8642151100,090 AIRPORT OPERATING FUND,42 COMMERCE
2018,1,1,01 PERSONAL SERVICES,161,OVERTIME-CIVILIAN                   0161,90,42,7737171,8649888271,8649888271,337161271,47980783,47980783,7737171,7737171,8649888271,090 AIRPORT OPERATING FUND,42 COMMERCE
2018,1,1,01 PERSONAL SERVICES,171,"HOLIDAY ""G""(2/3 SHIFTS)             0171",90,42,950000,8650838271,8650838271,338111271,48930783,48930783,950000,950000,8650838271,090 AIRPORT OPERATING FUND,42 COMMERCE
2018,1,1,01 PERSONAL SERVICES,181,SHIFT                               0181,90,42,350000,8651188271,8651188271,338461271,49280783,49280783,350000,350000,8651188271,090 AIRPORT OPERATING FUND,42 COMMERCE
2018,1,1,01 PERSONAL SERVICES,199,SICK PAY(B TIME)-CIVILIAN           0199,90,42,275000,8651463271,8651463271,338736271,49555783,49555783,275000,275000,8651463271,090 AIRPORT OPERATING FUND,42 COMMERCE
2018,1,2,02 PURCHASE OF SERVICES,202,JANITORIAL SERVICES                 0202,90,42,125000,8651588271,8651588271,338861271,49680783,125000,125000,125000,8651588271,090 AIRPORT OPERATING FUND,42 COMMERCE
2018,1,2,02 PURCHASE OF SERVICES,205,REFUSE/GARBAGE/SILT/SLUDGE REMOVAL  0205,90,42,474000,8652062271,8652062271,339335271,50154783,599000,474000,474000,8652062271,090 AIRPORT OPERATING FUND,42 COMMERCE
2018,1,2,02 PURCHASE OF SERVICES,209,TELEPHONE                           0209,90,42,130000,8652192271,8652192271,339465271,50284783,729000,130000,130000,8652192271,090 AIRPORT OPERATING FUND,42 COMMERCE
2018,1,2,02 PURCHASE OF SERVICES,210,POSTAGE                             0210,90,42,10000,8652202271,8652202271,339475271,50294783,739000,10000,10000,8652202271,090 AIRPORT OPERATING FUND,42 COMMERCE
2018,1,2,02 PURCHASE OF SERVICES,211,TRANSPORTATION                      0211,90,42,125000,8652327271,8652327271,339600271,50419783,864000,125000,125000,8652327271,090 AIRPORT OPERATING FUND,42 COMMERCE
2018,1,2,02 PURCHASE OF SERVICES,215,LICENSES PERMITS INSPECTION CHARGES 0215,90,42,52000,8652379271,8652379271,339652271,50471783,916000,52000,52000,8652379271,090 AIRPORT OPERATING FUND,42 COMMERCE
2018,1,2,02 PURCHASE OF SERVICES,216,COMMERCIAL OFF-SHELF COMP SOFTWARE  0216,90,42,150000,8652529271,8652529271,339802271,50621783,1066000,150000,150000,8652529271,090 AIRPORT OPERATING FUND,42 COMMERCE
2018,1,2,02 PURCHASE OF SERVICES,230,MEALS-NON-TRAVEL & OFFICL ENTERTAIN 0230,90,42,100000,8652629271,8652629271,339902271,50721783,1166000,100000,100000,8652629271,090 AIRPORT OPERATING FUND,42 COMMERCE
2018,1,2,02 PURCHASE OF SERVICES,240,ADVERTISING/PROMOTIONAL ACTIVITIES  0240,90,42,860000,8653489271,8653489271,340762271,51581783,2026000,860000,860000,8653489271,090 AIRPORT OPERATING FUND,42 COMMERCE
2018,1,2,02 PURCHASE OF SERVICES,250,PROFESSIONAL CONSULT/SPEC SERVICES  0250,90,42,43338196,8696827467,8696827467,384100467,94919979,45364196,43338196,43338196,8696827467,090 AIRPORT OPERATING FUND,42 COMMERCE
2018,1,2,02 PURCHASE OF SERVICES,251,INFORMATION TECHNOLOGY-PROF SERVICE 0251,90,42,750000,8697577467,8697577467,384850467,95669979,46114196,750000,750000,8697577467,090 AIRPORT OPERATING FUND,42 COMMERCE
2018,1,2,02 PURCHASE OF SERVICES,252,ACCOUNTING AND AUDITING SERVICES    0252,90,42,1500000,8699077467,8699077467,386350467,97169979,47614196,1500000,1500000,8699077467,090 AIRPORT OPERATING FUND,42 COMMERCE
2018,1,2,02 PURCHASE OF SERVICES,253,LEGAL SERVICES                      0253,90,42,950000,8700027467,8700027467,387300467,98119979,48564196,950000,950000,8700027467,090 AIRPORT OPERATING FUND,42 COMMERCE
2018,1,2,02 PURCHASE OF SERVICES,255,DUES                                0255,90,42,300000,8700327467,8700327467,387600467,98419979,48864196,300000,300000,8700327467,090 AIRPORT OPERATING FUND,42 COMMERCE
2018,1,2,02 PURCHASE OF SERVICES,256,SEMINAR AND TRAINING SESSIONS       0256,90,42,150000,8700477467,8700477467,387750467,98569979,49014196,150000,150000,8700477467,090 AIRPORT OPERATING FUND,42 COMMERCE
2018,1,2,02 PURCHASE OF SERVICES,257,ARCHITECTURAL & ENGINEERING SRVCS   0257,90,42,9000000,8709477467,8709477467,396750467,107569979,58014196,9000000,9000000,8709477467,090 AIRPORT OPERATING FUND,42 COMMERCE
2018,1,2,02 PURCHASE OF SERVICES,258,COURT REPORTERS                     0258,90,42,2000,8709479467,8709479467,396752467,107571979,58016196,2000,2000,8709479467,090 AIRPORT OPERATING FUND,42 COMMERCE
2018,1,2,02 PURCHASE OF SERVICES,260,REPAIR AND MAINTENANCE CHARGES      0260,90,42,24170000,8733649467,8733649467,420922467,131741979,82186196,24170000,24170000,8733649467,090 AIRPORT OPERATING FUND,42 COMMERCE
2018,1,2,02 PURCHASE OF SERVICES,261,REPAVING REPAIRING & RESURF STREETS 0261,90,42,1000000,8734649467,8734649467,421922467,132741979,83186196,1000000,1000000,8734649467,090 AIRPORT OPERATING FUND,42 COMMERCE
2018,1,2,02 PURCHASE OF SERVICES,266,MAINT/SUPPORT-COMPUTR HARDWARE/SOFT 0266,90,42,660000,8735309467,8735309467,422582467,133401979,83846196,660000,660000,8735309467,090 AIRPORT OPERATING FUND,42 COMMERCE
2018,1,2,02 PURCHASE OF SERVICES,284,GROUND AND BUILDING RENTAL          0284,90,42,800000,8736109467,8736109467,423382467,134201979,84646196,800000,800000,8736109467,090 AIRPORT OPERATING FUND,42 COMMERCE
2018,1,2,02 PURCHASE OF SERVICES,285,RENTS                               0285,90,42,24650000,8760759467,8760759467,448032467,158851979,109296196,24650000,24650000,8760759467,090 AIRPORT OPERATING FUND,42 COMMERCE
2018,1,3,03 MATERIALS AND SUPPLIES,304,BOOKS AND OTHER PUBLICATIONS        0304,90,42,120000,8760879467,8760879467,448152467,158971979,120000,120000,120000,8760879467,090 AIRPORT OPERATING FUND,42 COMMERCE
2018,1,3,03 MATERIALS AND SUPPLIES,305,BUILDING AND CONSTRUCTION           0305,90,42,679000,8761558467,8761558467,448831467,159650979,799000,679000,679000,8761558467,090 AIRPORT OPERATING FUND,42 COMMERCE
2018,1,3,03 MATERIALS AND SUPPLIES,307,CHEMICALS AND GASES                 0307,90,42,1440000,8762998467,8762998467,450271467,161090979,2239000,1440000,1440000,8762998467,090 AIRPORT OPERATING FUND,42 COMMERCE
2018,1,3,03 MATERIALS AND SUPPLIES,308,DRY GOODS/NOTIONS/WEARING APPAREL   0308,90,42,432000,8763430467,8763430467,450703467,161522979,2671000,432000,432000,8763430467,090 AIRPORT OPERATING FUND,42 COMMERCE
2018,1,3,03 MATERIALS AND SUPPLIES,310,ELECTRICAL AND COMMUNICATION        0310,90,42,1235000,8764665467,8764665467,451938467,162757979,3906000,1235000,1235000,8764665467,090 AIRPORT OPERATING FUND,42 COMMERCE
2018,1,3,03 MATERIALS AND SUPPLIES,311,GENERAL EQUIPMENT AND MACHINERY     0311,90,42,240000,8764905467,8764905467,452178467,162997979,4146000,240000,240000,8764905467,090 AIRPORT OPERATING FUND,42 COMMERCE
2018,1,3,03 MATERIALS AND SUPPLIES,312,FIRE FIGHTING AND SAFETY            0312,90,42,270000,8765175467,8765175467,452448467,163267979,4416000,270000,270000,8765175467,090 AIRPORT OPERATING FUND,42 COMMERCE
2018,1,3,03 MATERIALS AND SUPPLIES,314,FUEL -- HEATING AND LIGHTING        0314,90,42,400000,8765575467,8765575467,452848467,163667979,4816000,400000,400000,8765575467,090 AIRPORT OPERATING FUND,42 COMMERCE
2018,1,3,03 MATERIALS AND SUPPLIES,316,GENERAL HARDWARE AND MINOR TOOLS    0316,90,42,684000,8766259467,8766259467,453532467,164351979,5500000,684000,684000,8766259467,090 AIRPORT OPERATING FUND,42 COMMERCE
2018,1,3,03 MATERIALS AND SUPPLIES,318,"JANITORIAL, LAUNDRY AND HOUSEHOLD   0318",90,42,1750000,8768009467,8768009467,455282467,166101979,7250000,1750000,1750000,8768009467,090 AIRPORT OPERATING FUND,42 COMMERCE
2018,1,3,03 MATERIALS AND SUPPLIES,320,OFFICE MATERIALS AND SUPPLIES       0320,90,42,189557,8768199024,8768199024,455472024,166291536,7439557,189557,189557,8768199024,090 AIRPORT OPERATING FUND,42 COMMERCE
2018,1,3,03 MATERIALS AND SUPPLIES,322,SMALL POWER TOOLS AND HAND TOOLS    0322,90,42,100000,8768299024,8768299024,455572024,166391536,7539557,100000,100000,8768299024,090 AIRPORT OPERATING FUND,42 COMMERCE
2018,1,3,03 MATERIALS AND SUPPLIES,323,PLUMBING/AIR CONDITIONING/SPACE HTG 0323,90,42,805000,8769104024,8769104024,456377024,167196536,8344557,805000,805000,8769104024,090 AIRPORT OPERATING FUND,42 COMMERCE
2018,1,3,03 MATERIALS AND SUPPLIES,324,"PRECISION, PHOTOGRAPHIC AND ARTISTS 0324",90,42,40000,8769144024,8769144024,456417024,167236536,8384557,40000,40000,8769144024,090 AIRPORT OPERATING FUND,42 COMMERCE
2018,1,3,03 MATERIALS AND SUPPLIES,325,PRINTING                            0325,90,42,65000,8769209024,8769209024,456482024,167301536,8449557,65000,65000,8769209024,090 AIRPORT OPERATING FUND,42 COMMERCE
2018,1,4,04 EQUIPMENT,410,ELECTRICAL LIGHTING COMMUNICATION   0410,90,42,430000,8769639024,8769639024,456912024,167731536,430000,430000,430000,8769639024,090 AIRPORT OPERATING FUND,42 COMMERCE
2018,1,4,04 EQUIPMENT,411,GENERAL EQUIPMENT AND MACHINERY     0411,90,42,150000,8769789024,8769789024,457062024,167881536,580000,150000,150000,8769789024,090 AIRPORT OPERATING FUND,42 COMMERCE
2018,1,4,04 EQUIPMENT,412,FIRE FIGHTING AND EMERGENCY         0412,90,42,30000,8769819024,8769819024,457092024,167911536,610000,30000,30000,8769819024,090 AIRPORT OPERATING FUND,42 COMMERCE
2018,1,4,04 EQUIPMENT,420,OFFICE EQUIPMENT                    0420,90,42,1109800,8770928824,8770928824,458201824,169021336,1719800,1109800,1109800,8770928824,090 AIRPORT OPERATING FUND,42 COMMERCE
2018,1,4,04 EQUIPMENT,427,COMPUTER EQUIPMENT & PERIPHERALS    0427,90,42,2000000,8772928824,8772928824,460201824,171021336,3719800,2000000,2000000,8772928824,090 AIRPORT OPERATING FUND,42 COMMERCE
2018,1,4,04 EQUIPMENT,430,FURNITURE AND FURNISHINGS           0430,90,42,360000,8773288824,8773288824,460561824,171381336,4079800,360000,360000,8773288824,090 AIRPORT OPERATING FUND,42 COMMERCE
2018,1,5,"05 CONTRIBUTIONS,INDEMNITIES,REFDS,TAXES",504,MERITORIOUS AWARDS                  0504,90,42,2500,8773291324,8773291324,460564324,171383836,2500,2500,2500,8773291324,090 AIRPORT OPERATING FUND,42 COMMERCE
2018,1,5,"05 CONTRIBUTIONS,INDEMNITIES,REFDS,TAXES",515,TAXES                               0515,90,42,4000000,8777291324,8777291324,464564324,175383836,4002500,4000000,4000000,8777291324,090 AIRPORT OPERATING FUND,42 COMMERCE
2018,1,5,"05 CONTRIBUTIONS,INDEMNITIES,REFDS,TAXES",589,OTHER MISCELLANEOUS CLAIMS          0589,90,42,2000000,8779291324,8779291324,466564324,177383836,6002500,2000000,2000000,8779291324,090 AIRPORT OPERATING FUND,42 COMMERCE
2018,1,8,08 PAYMENTS TO OTHER FUNDS,801,PAYMENTS TO GENERAL FUND            0801,90,42,4100000,8783391324,8783391324,470664324,181483836,4100000,4100000,4100000,8783391324,090 AIRPORT OPERATING FUND,42 COMMERCE
2018,1,8,08 PAYMENTS TO OTHER FUNDS,803,PAYMENTS TO WATER FUND              0803,90,42,5000000,8788391324,8788391324,475664324,186483836,9100000,5000000,5000000,8788391324,090 AIRPORT OPERATING FUND,42 COMMERCE
2018,1,8,08 PAYMENTS TO OTHER FUNDS,804,PAYMENTS TO CAPITAL PROJECTS FUND   0804,90,42,5000000,8793391324,8793391324,480664324,191483836,14100000,5000000,5000000,8793391324,090 AIRPORT OPERATING FUND,42 COMMERCE
2018,1,8,08 PAYMENTS TO OTHER FUNDS,807,PAYMENTS TO OTHER FUNDS             0807,90,42,525000,8793916324,8793916324,481189324,192008836,14625000,525000,525000,8793916324,090 AIRPORT OPERATING FUND,42 COMMERCE
2018,1,1,01 PERSONAL SERVICES,100,SALARY CONTROL                      0100,90,44,12000,8793928324,8793928324,481201324,12000,12000,12000,12000,8793928324,090 AIRPORT OPERATING FUND,44 LAW
2018,1,1,01 PERSONAL SERVICES,101,PERM FULL TIME-CIVILIAN             0101,90,44,1462899,8795391223,8795391223,482664223,1474899,1474899,1462899,1462899,8795391223,090 AIRPORT OPERATING FUND,44 LAW
2018,1,1,01 PERSONAL SERVICES,109,PLUS/MINUS GROSS ADJ                0109,90,44,5000,8795396223,8795396223,482669223,1479899,1479899,5000,5000,8795396223,090 AIRPORT OPERATING FUND,44 LAW
2018,1,1,01 PERSONAL SERVICES,121,TEMPORARY/SEASONAL                  0121,90,44,83404,8795479627,8795479627,482752627,1563303,1563303,83404,83404,8795479627,090 AIRPORT OPERATING FUND,44 LAW
2018,1,1,01 PERSONAL SERVICES,161,OVERTIME-CIVILIAN                   0161,90,44,500,8795480127,8795480127,482753127,1563803,1563803,500,500,8795480127,090 AIRPORT OPERATING FUND,44 LAW
2018,1,1,01 PERSONAL SERVICES,101,PERM FULL TIME-CIVILIAN             0101,90,49,63873,8795544000,8795544000,482817000,63873,63873,63873,63873,8795544000,090 AIRPORT OPERATING FUND,49 MAYOR-OFFICE OF SUSTAINABILITY
2018,1,2,02 PURCHASE OF SERVICES,220,ELECTRIC CURRENT-STRUCTURES/STREETS 0220,90,49,30000,8795574000,8795574000,482847000,93873,30000,30000,30000,8795574000,090 AIRPORT OPERATING FUND,49 MAYOR-OFFICE OF SUSTAINABILITY
2018,1,1,01 PERSONAL SERVICES,101,PERM FULL TIME-CIVILIAN             0101,100,26,514818,8796088818,8796088818,514818,514818,514818,514818,514818,8796088818,100 COMMUNITY DEVELOPMENT FUND,26 LICENSES & INSPECTIONS
2018,1,1,01 PERSONAL SERVICES,186,FLEX CASH                           0186,100,35,7071,8796095889,8796095889,521889,7071,7071,7071,7071,8796095889,100 COMMUNITY DEVELOPMENT FUND,35 DIRECTOR OF FINANCE
2018,1,1,01 PERSONAL SERVICES,187,WORKER'S COMP-DISABILITY COMP       0187,100,35,104354,8796200243,8796200243,626243,111425,111425,104354,104354,8796200243,100 COMMUNITY DEVELOPMENT FUND,35 DIRECTOR OF FINANCE
2018,1,1,01 PERSONAL SERVICES,189,MEDICARE TAX                        0189,100,35,89968,8796290211,8796290211,716211,201393,201393,89968,89968,8796290211,100 COMMUNITY DEVELOPMENT FUND,35 DIRECTOR OF FINANCE
2018,1,1,01 PERSONAL SERVICES,190,PENSION-OBLIGATION BOND PAYMENTS    0190,100,35,336794,8796627005,8796627005,1053005,538187,538187,336794,336794,8796627005,100 COMMUNITY DEVELOPMENT FUND,35 DIRECTOR OF FINANCE
2018,1,1,01 PERSONAL SERVICES,191,PENSION-ACTUAL                      0191,100,35,1991149,8798618154,8798618154,3044154,2529336,2529336,1991149,1991149,8798618154,100 COMMUNITY DEVELOPMENT FUND,35 DIRECTOR OF FINANCE
2018,1,1,01 PERSONAL SERVICES,192,FICA TAXES                          0192,100,35,383270,8799001424,8799001424,3427424,2912606,2912606,383270,383270,8799001424,100 COMMUNITY DEVELOPMENT FUND,35 DIRECTOR OF FINANCE
2018,1,1,01 PERSONAL SERVICES,193,MEDICAL HEALTH & WELFARE CREDIT     0193,100,35,1316071,8800317495,8800317495,4743495,4228677,4228677,1316071,1316071,8800317495,100 COMMUNITY DEVELOPMENT FUND,35 DIRECTOR OF FINANCE
2018,1,1,01 PERSONAL SERVICES,194,GROUP LIFE INSURANCE                0194,100,35,29015,8800346510,8800346510,4772510,4257692,4257692,29015,29015,8800346510,100 COMMUNITY DEVELOPMENT FUND,35 DIRECTOR OF FINANCE
2018,1,1,01 PERSONAL SERVICES,195,GROUP LEGAL INSURANCE               0195,100,35,6105,8800352615,8800352615,4778615,4263797,4263797,6105,6105,8800352615,100 COMMUNITY DEVELOPMENT FUND,35 DIRECTOR OF FINANCE
2018,1,1,01 PERSONAL SERVICES,196,UNEMPLOYMENT COMP INSURANCE         0196,100,35,11243,8800363858,8800363858,4789858,4275040,4275040,11243,11243,8800363858,100 COMMUNITY DEVELOPMENT FUND,35 DIRECTOR OF FINANCE
2018,1,9,09 ADVANCES & OTHER MISC PAYMENTS,999,STANDBY AUTHORIZATIONS              0999,100,35,20000000,8820363858,8820363858,24789858,24275040,20000000,20000000,20000000,8820363858,100 COMMUNITY DEVELOPMENT FUND,35 DIRECTOR OF FINANCE
2018,1,1,01 PERSONAL SERVICES,100,SALARY CONTROL                      0100,100,42,200868,8820564726,8820564726,24990726,200868,200868,200868,200868,8820564726,100 COMMUNITY DEVELOPMENT FUND,42 COMMERCE
2018,1,1,01 PERSONAL SERVICES,101,PERM FULL TIME-CIVILIAN             0101,100,42,939444,8821504170,8821504170,25930170,1140312,1140312,939444,939444,8821504170,100 COMMUNITY DEVELOPMENT FUND,42 COMMERCE
2018,1,2,02 PURCHASE OF SERVICES,250,PROFESSIONAL CONSULT/SPEC SERVICES  0250,100,42,7945000,8829449170,8829449170,33875170,9085312,7945000,7945000,7945000,8829449170,100 COMMUNITY DEVELOPMENT FUND,42 COMMERCE
2018,1,3,03 MATERIALS AND SUPPLIES,320,OFFICE MATERIALS AND SUPPLIES       0320,100,42,3000,8829452170,8829452170,33878170,9088312,3000,3000,3000,8829452170,100 COMMUNITY DEVELOPMENT FUND,42 COMMERCE
2018,1,1,01 PERSONAL SERVICES,101,PERM FULL TIME-CIVILIAN             0101,100,44,195573,8829647743,8829647743,34073743,195573,195573,195573,195573,8829647743,100 COMMUNITY DEVELOPMENT FUND,44 LAW
2018,1,1,01 PERSONAL SERVICES,100,SALARY CONTROL                      0100,100,72,1000000,8830647743,8830647743,35073743,1000000,1000000,1000000,1000000,8830647743,100 COMMUNITY DEVELOPMENT FUND,72 PLANNING & DEVELOPMENT
2018,1,1,01 PERSONAL SERVICES,101,PERM FULL TIME-CIVILIAN             0101,100,72,149312,8830797055,8830797055,35223055,1149312,1149312,3666282,149312,8830797055,100 COMMUNITY DEVELOPMENT FUND,72 PLANNING & DEVELOPMENT
2018,1,1,01 PERSONAL SERVICES,101,PERM FULL TIME-CIVILIAN             0101,100,72,322569,8831119624,8831119624,35545624,1471881,1471881,3666282,471881,8831119624,100 COMMUNITY DEVELOPMENT FUND,72 PLANNING & DEVELOPMENT
2018,1,1,01 PERSONAL SERVICES,101,PERM FULL TIME-CIVILIAN             0101,100,72,67718,8831187342,8831187342,35613342,1539599,1539599,3666282,539599,8831187342,100 COMMUNITY DEVELOPMENT FUND,72 PLANNING & DEVELOPMENT
2018,1,1,01 PERSONAL SERVICES,101,PERM FULL TIME-CIVILIAN             0101,100,72,138460,8831325802,8831325802,35751802,1678059,1678059,3666282,678059,8831325802,100 COMMUNITY DEVELOPMENT FUND,72 PLANNING & DEVELOPMENT
2018,1,1,01 PERSONAL SERVICES,101,PERM FULL TIME-CIVILIAN             0101,100,72,50000,8831375802,8831375802,35801802,1728059,1728059,3666282,728059,8831375802,100 COMMUNITY DEVELOPMENT FUND,72 PLANNING & DEVELOPMENT
2018,1,1,01 PERSONAL SERVICES,101,PERM FULL TIME-CIVILIAN             0101,100,72,2938223,8834314025,8834314025,38740025,4666282,4666282,3666282,3666282,8834314025,100 COMMUNITY DEVELOPMENT FUND,72 PLANNING & DEVELOPMENT
2018,1,1,01 PERSONAL SERVICES,121,TEMPORARY/SEASONAL                  0121,100,72,36000,8834350025,8834350025,38776025,4702282,4702282,36000,36000,8834350025,100 COMMUNITY DEVELOPMENT FUND,72 PLANNING & DEVELOPMENT
2018,1,1,01 PERSONAL SERVICES,161,OVERTIME-CIVILIAN                   0161,100,72,22800,8834372825,8834372825,38798825,4725082,4725082,22800,22800,8834372825,100 COMMUNITY DEVELOPMENT FUND,72 PLANNING & DEVELOPMENT
2018,1,1,01 PERSONAL SERVICES,171,"HOLIDAY ""G""(2/3 SHIFTS)             0171",100,72,1200,8834374025,8834374025,38800025,4726282,4726282,1200,1200,8834374025,100 COMMUNITY DEVELOPMENT FUND,72 PLANNING & DEVELOPMENT
2018,1,2,02 PURCHASE OF SERVICES,209,TELEPHONE                           0209,100,72,16500,8834390525,8834390525,38816525,4742782,16500,16500,16500,8834390525,100 COMMUNITY DEVELOPMENT FUND,72 PLANNING & DEVELOPMENT
2018,1,2,02 PURCHASE OF SERVICES,210,POSTAGE                             0210,100,72,40000,8834430525,8834430525,38856525,4782782,56500,40000,40000,8834430525,100 COMMUNITY DEVELOPMENT FUND,72 PLANNING & DEVELOPMENT
2018,1,2,02 PURCHASE OF SERVICES,211,TRANSPORTATION                      0211,100,72,1500,8834432025,8834432025,38858025,4784282,58000,1500,1500,8834432025,100 COMMUNITY DEVELOPMENT FUND,72 PLANNING & DEVELOPMENT
2018,1,2,02 PURCHASE OF SERVICES,216,COMMERCIAL OFF-SHELF COMP SOFTWARE  0216,100,72,60000,8834492025,8834492025,38918025,4844282,118000,60000,60000,8834492025,100 COMMUNITY DEVELOPMENT FUND,72 PLANNING & DEVELOPMENT
2018,1,2,02 PURCHASE OF SERVICES,230,MEALS-NON-TRAVEL & OFFICL ENTERTAIN 0230,100,72,1000,8834493025,8834493025,38919025,4845282,119000,1000,1000,8834493025,100 COMMUNITY DEVELOPMENT FUND,72 PLANNING & DEVELOPMENT
2018,1,2,02 PURCHASE OF SERVICES,240,ADVERTISING/PROMOTIONAL ACTIVITIES  0240,100,72,45000,8834538025,8834538025,38964025,4890282,164000,45000,45000,8834538025,100 COMMUNITY DEVELOPMENT FUND,72 PLANNING & DEVELOPMENT
2018,1,2,02 PURCHASE OF SERVICES,250,PROFESSIONAL CONSULT/SPEC SERVICES  0250,100,72,125000,8834663025,8834663025,39089025,5015282,289000,52314475,125000,8834663025,100 COMMUNITY DEVELOPMENT FUND,72 PLANNING & DEVELOPMENT
2018,1,2,02 PURCHASE OF SERVICES,250,PROFESSIONAL CONSULT/SPEC SERVICES  0250,100,72,1440000,8836103025,8836103025,40529025,6455282,1729000,52314475,1565000,8836103025,100 COMMUNITY DEVELOPMENT FUND,72 PLANNING & DEVELOPMENT
2018,1,2,02 PURCHASE OF SERVICES,250,PROFESSIONAL CONSULT/SPEC SERVICES  0250,100,72,16749000,8852852025,8852852025,57278025,23204282,18478000,52314475,18314000,8852852025,100 COMMUNITY DEVELOPMENT FUND,72 PLANNING & DEVELOPMENT
2018,1,2,02 PURCHASE OF SERVICES,250,PROFESSIONAL CONSULT/SPEC SERVICES  0250,100,72,5345000,8858197025,8858197025,62623025,28549282,23823000,52314475,23659000,8858197025,100 COMMUNITY DEVELOPMENT FUND,72 PLANNING & DEVELOPMENT
2018,1,2,02 PURCHASE OF SERVICES,250,PROFESSIONAL CONSULT/SPEC SERVICES  0250,100,72,21561475,8879758500,8879758500,84184500,50110757,45384475,52314475,45220475,8879758500,100 COMMUNITY DEVELOPMENT FUND,72 PLANNING & DEVELOPMENT
2018,1,2,02 PURCHASE OF SERVICES,250,PROFESSIONAL CONSULT/SPEC SERVICES  0250,100,72,7094000,8886852500,8886852500,91278500,57204757,52478475,52314475,52314475,8886852500,100 COMMUNITY DEVELOPMENT FUND,72 PLANNING & DEVELOPMENT
2018,1,2,02 PURCHASE OF SERVICES,251,INFORMATION TECHNOLOGY-PROF SERVICE 0251,100,72,6500,8886859000,8886859000,91285000,57211257,52484975,6500,6500,8886859000,100 COMMUNITY DEVELOPMENT FUND,72 PLANNING & DEVELOPMENT
2018,1,2,02 PURCHASE OF SERVICES,253,LEGAL SERVICES                      0253,100,72,40000,8886899000,8886899000,91325000,57251257,52524975,40000,40000,8886899000,100 COMMUNITY DEVELOPMENT FUND,72 PLANNING & DEVELOPMENT
2018,1,2,02 PURCHASE OF SERVICES,255,DUES                                0255,100,72,3000,8886902000,8886902000,91328000,57254257,52527975,3000,3000,8886902000,100 COMMUNITY DEVELOPMENT FUND,72 PLANNING & DEVELOPMENT
2018,1,2,02 PURCHASE OF SERVICES,256,SEMINAR AND TRAINING SESSIONS       0256,100,72,15000,8886917000,8886917000,91343000,57269257,52542975,15000,15000,8886917000,100 COMMUNITY DEVELOPMENT FUND,72 PLANNING & DEVELOPMENT
2018,1,2,02 PURCHASE OF SERVICES,260,REPAIR AND MAINTENANCE CHARGES      0260,100,72,25000,8886942000,8886942000,91368000,57294257,52567975,25000,25000,8886942000,100 COMMUNITY DEVELOPMENT FUND,72 PLANNING & DEVELOPMENT
2018,1,2,02 PURCHASE OF SERVICES,266,MAINT/SUPPORT-COMPUTR HARDWARE/SOFT 0266,100,72,10000,8886952000,8886952000,91378000,57304257,52577975,10000,10000,8886952000,100 COMMUNITY DEVELOPMENT FUND,72 PLANNING & DEVELOPMENT
2018,1,2,02 PURCHASE OF SERVICES,284,GROUND AND BUILDING RENTAL          0284,100,72,390000,8887342000,8887342000,91768000,57694257,52967975,390000,390000,8887342000,100 COMMUNITY DEVELOPMENT FUND,72 PLANNING & DEVELOPMENT
2018,1,2,02 PURCHASE OF SERVICES,285,RENTS                               0285,100,72,25000,8887367000,8887367000,91793000,57719257,52992975,25000,25000,8887367000,100 COMMUNITY DEVELOPMENT FUND,72 PLANNING & DEVELOPMENT
2018,1,2,02 PURCHASE OF SERVICES,299,OTHER EXPENSES (NOT OTHRWSE CLSSFD) 0299,100,72,100000,8887467000,8887467000,91893000,57819257,53092975,100000,100000,8887467000,100 COMMUNITY DEVELOPMENT FUND,72 PLANNING & DEVELOPMENT
2018,1,3,03 MATERIALS AND SUPPLIES,304,BOOKS AND OTHER PUBLICATIONS        0304,100,72,2500,8887469500,8887469500,91895500,57821757,2500,2500,2500,8887469500,100 COMMUNITY DEVELOPMENT FUND,72 PLANNING & DEVELOPMENT
2018,1,3,03 MATERIALS AND SUPPLIES,320,OFFICE MATERIALS AND SUPPLIES       0320,100,72,45000,8887514500,8887514500,91940500,57866757,47500,45000,45000,8887514500,100 COMMUNITY DEVELOPMENT FUND,72 PLANNING & DEVELOPMENT
2018,1,3,03 MATERIALS AND SUPPLIES,325,PRINTING                            0325,100,72,55000,8887569500,8887569500,91995500,57921757,102500,55000,55000,8887569500,100 COMMUNITY DEVELOPMENT FUND,72 PLANNING & DEVELOPMENT
2018,1,3,03 MATERIALS AND SUPPLIES,345,GASOLINE                            0345,100,72,3500,8887573000,8887573000,91999000,57925257,106000,3500,3500,8887573000,100 COMMUNITY DEVELOPMENT FUND,72 PLANNING & DEVELOPMENT
2018,1,3,03 MATERIALS AND SUPPLIES,399,OTHER MATERIALS AND SUPPLIES (NOC)  0399,100,72,100000,8887673000,8887673000,92099000,58025257,206000,100000,100000,8887673000,100 COMMUNITY DEVELOPMENT FUND,72 PLANNING & DEVELOPMENT
2018,1,4,04 EQUIPMENT,420,OFFICE EQUIPMENT                    0420,100,72,5000,8887678000,8887678000,92104000,58030257,5000,5000,5000,8887678000,100 COMMUNITY DEVELOPMENT FUND,72 PLANNING & DEVELOPMENT
2018,1,4,04 EQUIPMENT,427,COMPUTER EQUIPMENT & PERIPHERALS    0427,100,72,25000,8887703000,8887703000,92129000,58055257,30000,25000,25000,8887703000,100 COMMUNITY DEVELOPMENT FUND,72 PLANNING & DEVELOPMENT
2018,1,4,04 EQUIPMENT,499,OTHER EQUIPMENT (NOC)               0499,100,72,25000,8887728000,8887728000,92154000,58080257,55000,25000,25000,8887728000,100 COMMUNITY DEVELOPMENT FUND,72 PLANNING & DEVELOPMENT
2018,1,8,08 PAYMENTS TO OTHER FUNDS,801,PAYMENTS TO GENERAL FUND            0801,100,72,25000,8887753000,8887753000,92179000,58105257,25000,25000,25000,8887753000,100 COMMUNITY DEVELOPMENT FUND,72 PLANNING & DEVELOPMENT
2018,1,2,02 PURCHASE OF SERVICES,285,RENTS                               0285,110,37,7000000,8894753000,8894753000,7000000,7000000,7000000,7000000,7000000,8894753000,110 CAR RENTAL TAX FUND,37 SINKING FUND COMMISSION
2018,1,1,01 PERSONAL SERVICES,101,PERM FULL TIME-CIVILIAN             0101,120,72,1250000,8896003000,8896003000,1250000,1250000,1250000,1250000,1250000,8896003000,120 HOUSING TRUST FUND,72 PLANNING & DEVELOPMENT
2018,1,2,02 PURCHASE OF SERVICES,250,PROFESSIONAL CONSULT/SPEC SERVICES  0250,120,72,26250000,8922253000,8922253000,27500000,27500000,26250000,26250000,26250000,8922253000,120 HOUSING TRUST FUND,72 PLANNING & DEVELOPMENT
2018,1,1,01 PERSONAL SERVICES,101,PERM FULL TIME-CIVILIAN             0101,140,14,65563,8922318563,8922318563,65563,65563,65563,2389411,65563,8922318563,140 ACUTE CARE HOSPITAL ASSESSMENT FD,14 HEALTH
2018,1,1,01 PERSONAL SERVICES,101,PERM FULL TIME-CIVILIAN             0101,140,14,2323848,8924642411,8924642411,2389411,2389411,2389411,2389411,2389411,8924642411,140 ACUTE CARE HOSPITAL ASSESSMENT FD,14 HEALTH
2018,1,1,01 PERSONAL SERVICES,111,PERM PART TIME                      0111,140,14,2011558,8926653969,8926653969,4400969,4400969,4400969,2011558,2011558,8926653969,140 ACUTE CARE HOSPITAL ASSESSMENT FD,14 HEALTH
2018,1,2,02 PURCHASE OF SERVICES,209,TELEPHONE                           0209,140,14,10000,8926663969,8926663969,4410969,4410969,10000,10000,10000,8926663969,140 ACUTE CARE HOSPITAL ASSESSMENT FD,14 HEALTH
2018,1,2,02 PURCHASE OF SERVICES,216,COMMERCIAL OFF-SHELF COMP SOFTWARE  0216,140,14,20000,8926683969,8926683969,4430969,4430969,30000,20000,20000,8926683969,140 ACUTE CARE HOSPITAL ASSESSMENT FD,14 HEALTH
2018,1,2,02 PURCHASE OF SERVICES,250,PROFESSIONAL CONSULT/SPEC SERVICES  0250,140,14,149000000,9075683969,9075683969,153430969,153430969,149030000,155625795,149000000,9075683969,140 ACUTE CARE HOSPITAL ASSESSMENT FD,14 HEALTH
2018,1,2,02 PURCHASE OF SERVICES,250,PROFESSIONAL CONSULT/SPEC SERVICES  0250,140,14,4150000,9079833969,9079833969,157580969,157580969,153180000,155625795,153150000,9079833969,140 ACUTE CARE HOSPITAL ASSESSMENT FD,14 HEALTH
2018,1,2,02 PURCHASE OF SERVICES,250,PROFESSIONAL CONSULT/SPEC SERVICES  0250,140,14,2475795,9082309764,9082309764,160056764,160056764,155655795,155625795,155625795,9082309764,140 ACUTE CARE HOSPITAL ASSESSMENT FD,14 HEALTH
2018,1,2,02 PURCHASE OF SERVICES,251,INFORMATION TECHNOLOGY-PROF SERVICE 0251,140,14,20000,9082329764,9082329764,160076764,160076764,155675795,20000,20000,9082329764,140 ACUTE CARE HOSPITAL ASSESSMENT FD,14 HEALTH
2018,1,2,02 PURCHASE OF SERVICES,266,MAINT/SUPPORT-COMPUTR HARDWARE/SOFT 0266,140,14,15000,9082344764,9082344764,160091764,160091764,155690795,15000,15000,9082344764,140 ACUTE CARE HOSPITAL ASSESSMENT FD,14 HEALTH
2018,1,3,03 MATERIALS AND SUPPLIES,310,ELECTRICAL AND COMMUNICATION        0310,140,14,3000,9082347764,9082347764,160094764,160094764,3000,3000,3000,9082347764,140 ACUTE CARE HOSPITAL ASSESSMENT FD,14 HEALTH
2018,1,3,03 MATERIALS AND SUPPLIES,320,OFFICE MATERIALS AND SUPPLIES       0320,140,14,10000,9082357764,9082357764,160104764,160104764,13000,10000,10000,9082357764,140 ACUTE CARE HOSPITAL ASSESSMENT FD,14 HEALTH
2018,1,3,03 MATERIALS AND SUPPLIES,324,"PRECISION, PHOTOGRAPHIC AND ARTISTS 0324",140,14,1000,9082358764,9082358764,160105764,160105764,14000,1000,1000,9082358764,140 ACUTE CARE HOSPITAL ASSESSMENT FD,14 HEALTH
2018,1,3,03 MATERIALS AND SUPPLIES,399,OTHER MATERIALS AND SUPPLIES (NOC)  0399,140,14,8000,9082366764,9082366764,160113764,160113764,22000,8000,8000,9082366764,140 ACUTE CARE HOSPITAL ASSESSMENT FD,14 HEALTH
2018,1,4,04 EQUIPMENT,410,ELECTRICAL LIGHTING COMMUNICATION   0410,140,14,15000,9082381764,9082381764,160128764,160128764,15000,15000,15000,9082381764,140 ACUTE CARE HOSPITAL ASSESSMENT FD,14 HEALTH
2018,1,4,04 EQUIPMENT,417,HOSPITAL AND LABORATORY             0417,140,14,10000,9082391764,9082391764,160138764,160138764,25000,10000,10000,9082391764,140 ACUTE CARE HOSPITAL ASSESSMENT FD,14 HEALTH
2018,1,4,04 EQUIPMENT,427,COMPUTER EQUIPMENT & PERIPHERALS    0427,140,14,500000,9082891764,9082891764,160638764,160638764,525000,500000,500000,9082891764,140 ACUTE CARE HOSPITAL ASSESSMENT FD,14 HEALTH
2018,1,8,08 PAYMENTS TO OTHER FUNDS,804,PAYMENTS TO CAPITAL PROJECTS FUND   0804,140,14,500000,9083391764,9083391764,161138764,161138764,500000,500000,500000,9083391764,140 ACUTE CARE HOSPITAL ASSESSMENT FD,14 HEALTH
2018,1,1,01 PERSONAL SERVICES,101,PERM FULL TIME-CIVILIAN             0101,140,35,75000,9083466764,9083466764,161213764,75000,75000,75000,75000,9083466764,140 ACUTE CARE HOSPITAL ASSESSMENT FD,35 DIRECTOR OF FINANCE
2018,1,1,01 PERSONAL SERVICES,187,WORKER'S COMP-DISABILITY COMP       0187,140,35,16923,9083483687,9083483687,161230687,91923,91923,16923,16923,9083483687,140 ACUTE CARE HOSPITAL ASSESSMENT FD,35 DIRECTOR OF FINANCE
2018,1,1,01 PERSONAL SERVICES,189,MEDICARE TAX                        0189,140,35,8900,9083492587,9083492587,161239587,100823,100823,8900,8900,9083492587,140 ACUTE CARE HOSPITAL ASSESSMENT FD,35 DIRECTOR OF FINANCE
2018,1,1,01 PERSONAL SERVICES,190,PENSION-OBLIGATION BOND PAYMENTS    0190,140,35,12472,9083505059,9083505059,161252059,113295,113295,12472,12472,9083505059,140 ACUTE CARE HOSPITAL ASSESSMENT FD,35 DIRECTOR OF FINANCE
2018,1,1,01 PERSONAL SERVICES,191,PENSION-ACTUAL                      0191,140,35,29625,9083534684,9083534684,161281684,142920,142920,29625,29625,9083534684,140 ACUTE CARE HOSPITAL ASSESSMENT FD,35 DIRECTOR OF FINANCE
2018,1,1,01 PERSONAL SERVICES,192,FICA TAXES                          0192,140,35,37785,9083572469,9083572469,161319469,180705,180705,37785,37785,9083572469,140 ACUTE CARE HOSPITAL ASSESSMENT FD,35 DIRECTOR OF FINANCE
2018,1,1,01 PERSONAL SERVICES,193,MEDICAL HEALTH & WELFARE CREDIT     0193,140,35,160433,9083732902,9083732902,161479902,341138,341138,160433,160433,9083732902,140 ACUTE CARE HOSPITAL ASSESSMENT FD,35 DIRECTOR OF FINANCE
2018,1,1,01 PERSONAL SERVICES,194,GROUP LIFE INSURANCE                0194,140,35,500,9083733402,9083733402,161480402,341638,341638,500,500,9083733402,140 ACUTE CARE HOSPITAL ASSESSMENT FD,35 DIRECTOR OF FINANCE
2018,1,1,01 PERSONAL SERVICES,195,GROUP LEGAL INSURANCE               0195,140,35,1598,9083735000,9083735000,161482000,343236,343236,1598,1598,9083735000,140 ACUTE CARE HOSPITAL ASSESSMENT FD,35 DIRECTOR OF FINANCE
2018,1,1,01 PERSONAL SERVICES,101,PERM FULL TIME-CIVILIAN             0101,140,36,30000,9083765000,9083765000,161512000,30000,30000,30000,30000,9083765000,140 ACUTE CARE HOSPITAL ASSESSMENT FD,36 REVENUE
2018,1,3,03 MATERIALS AND SUPPLIES,320,OFFICE MATERIALS AND SUPPLIES       0320,140,36,5000,9083770000,9083770000,161517000,35000,5000,5000,5000,9083770000,140 ACUTE CARE HOSPITAL ASSESSMENT FD,36 REVENUE
2018,1,4,04 EQUIPMENT,420,OFFICE EQUIPMENT                    0420,140,36,10000,9083780000,9083780000,161527000,45000,10000,10000,10000,9083780000,140 ACUTE CARE HOSPITAL ASSESSMENT FD,36 REVENUE
2018,1,1,01 PERSONAL SERVICES,100,SALARY CONTROL                      0100,390,53,20000,9083800000,9083800000,20000,20000,20000,25000,20000,9083800000,390 UNDISTRIBUTED PENSION FUNDS,53 BOARD OF PENSIONS
2018,1,1,01 PERSONAL SERVICES,100,SALARY CONTROL                      0100,390,53,1000,9083801000,9083801000,21000,21000,21000,25000,21000,9083801000,390 UNDISTRIBUTED PENSION FUNDS,53 BOARD OF PENSIONS
2018,1,1,01 PERSONAL SERVICES,100,SALARY CONTROL                      0100,390,53,4000,9083805000,9083805000,25000,25000,25000,25000,25000,9083805000,390 UNDISTRIBUTED PENSION FUNDS,53 BOARD OF PENSIONS
2018,1,1,01 PERSONAL SERVICES,101,PERM FULL TIME-CIVILIAN             0101,390,53,1318463,9085123463,9085123463,1343463,1343463,1343463,3880885,1318463,9085123463,390 UNDISTRIBUTED PENSION FUNDS,53 BOARD OF PENSIONS
2018,1,1,01 PERSONAL SERVICES,101,PERM FULL TIME-CIVILIAN             0101,390,53,877912,9086001375,9086001375,2221375,2221375,2221375,3880885,2196375,9086001375,390 UNDISTRIBUTED PENSION FUNDS,53 BOARD OF PENSIONS
2018,1,1,01 PERSONAL SERVICES,101,PERM FULL TIME-CIVILIAN             0101,390,53,1684510,9087685885,9087685885,3905885,3905885,3905885,3880885,3880885,9087685885,390 UNDISTRIBUTED PENSION FUNDS,53 BOARD OF PENSIONS
2018,1,1,01 PERSONAL SERVICES,109,PLUS/MINUS GROSS ADJ                0109,390,53,15537,9087701422,9087701422,3921422,3921422,3921422,21115,15537,9087701422,390 UNDISTRIBUTED PENSION FUNDS,53 BOARD OF PENSIONS
2018,1,1,01 PERSONAL SERVICES,109,PLUS/MINUS GROSS ADJ                0109,390,53,3490,9087704912,9087704912,3924912,3924912,3924912,21115,19027,9087704912,390 UNDISTRIBUTED PENSION FUNDS,53 BOARD OF PENSIONS
2018,1,1,01 PERSONAL SERVICES,109,PLUS/MINUS GROSS ADJ                0109,390,53,2088,9087707000,9087707000,3927000,3927000,3927000,21115,21115,9087707000,390 UNDISTRIBUTED PENSION FUNDS,53 BOARD OF PENSIONS
2018,1,1,01 PERSONAL SERVICES,121,TEMPORARY/SEASONAL                  0121,390,53,2000,9087709000,9087709000,3929000,3929000,3929000,2000,2000,9087709000,390 UNDISTRIBUTED PENSION FUNDS,53 BOARD OF PENSIONS
2018,1,1,01 PERSONAL SERVICES,161,OVERTIME-CIVILIAN                   0161,390,53,2000,9087711000,9087711000,3931000,3931000,3931000,2000,2000,9087711000,390 UNDISTRIBUTED PENSION FUNDS,53 BOARD OF PENSIONS
2018,1,1,01 PERSONAL SERVICES,187,WORKER'S COMP-DISABILITY COMP       0187,390,53,120000,9087831000,9087831000,4051000,4051000,4051000,120000,120000,9087831000,390 UNDISTRIBUTED PENSION FUNDS,53 BOARD OF PENSIONS
2018,1,1,01 PERSONAL SERVICES,189,MEDICARE TAX                        0189,390,53,60000,9087891000,9087891000,4111000,4111000,4111000,60000,60000,9087891000,390 UNDISTRIBUTED PENSION FUNDS,53 BOARD OF PENSIONS
2018,1,1,01 PERSONAL SERVICES,190,PENSION-OBLIGATION BOND PAYMENTS    0190,390,53,400000,9088291000,9088291000,4511000,4511000,4511000,400000,400000,9088291000,390 UNDISTRIBUTED PENSION FUNDS,53 BOARD OF PENSIONS
2018,1,1,01 PERSONAL SERVICES,191,PENSION-ACTUAL                      0191,390,53,1650000,9089941000,9089941000,6161000,6161000,6161000,1650000,1650000,9089941000,390 UNDISTRIBUTED PENSION FUNDS,53 BOARD OF PENSIONS
2018,1,1,01 PERSONAL SERVICES,192,FICA TAXES                          0192,390,53,240000,9090181000,9090181000,6401000,6401000,6401000,240000,240000,9090181000,390 UNDISTRIBUTED PENSION FUNDS,53 BOARD OF PENSIONS
2018,1,1,01 PERSONAL SERVICES,193,MEDICAL HEALTH & WELFARE CREDIT     0193,390,53,1200000,9091381000,9091381000,7601000,7601000,7601000,1200000,1200000,9091381000,390 UNDISTRIBUTED PENSION FUNDS,53 BOARD OF PENSIONS
2018,1,1,01 PERSONAL SERVICES,194,GROUP LIFE INSURANCE                0194,390,53,25000,9091406000,9091406000,7626000,7626000,7626000,25000,25000,9091406000,390 UNDISTRIBUTED PENSION FUNDS,53 BOARD OF PENSIONS
2018,1,1,01 PERSONAL SERVICES,195,GROUP LEGAL INSURANCE               0195,390,53,18000,9091424000,9091424000,7644000,7644000,7644000,18000,18000,9091424000,390 UNDISTRIBUTED PENSION FUNDS,53 BOARD OF PENSIONS
2018,1,2,02 PURCHASE OF SERVICES,205,REFUSE/GARBAGE/SILT/SLUDGE REMOVAL  0205,390,53,1000,9091425000,9091425000,7645000,7645000,1000,3000,1000,9091425000,390 UNDISTRIBUTED PENSION FUNDS,53 BOARD OF PENSIONS
2018,1,2,02 PURCHASE OF SERVICES,205,REFUSE/GARBAGE/SILT/SLUDGE REMOVAL  0205,390,53,1000,9091426000,9091426000,7646000,7646000,2000,3000,2000,9091426000,390 UNDISTRIBUTED PENSION FUNDS,53 BOARD OF PENSIONS
2018,1,2,02 PURCHASE OF SERVICES,205,REFUSE/GARBAGE/SILT/SLUDGE REMOVAL  0205,390,53,1000,9091427000,9091427000,7647000,7647000,3000,3000,3000,9091427000,390 UNDISTRIBUTED PENSION FUNDS,53 BOARD OF PENSIONS
2018,1,2,02 PURCHASE OF SERVICES,209,TELEPHONE                           0209,390,53,2000,9091429000,9091429000,7649000,7649000,5000,4000,2000,9091429000,390 UNDISTRIBUTED PENSION FUNDS,53 BOARD OF PENSIONS
2018,1,2,02 PURCHASE OF SERVICES,209,TELEPHONE                           0209,390,53,1000,9091430000,9091430000,7650000,7650000,6000,4000,3000,9091430000,390 UNDISTRIBUTED PENSION FUNDS,53 BOARD OF PENSIONS
2018,1,2,02 PURCHASE OF SERVICES,209,TELEPHONE                           0209,390,53,1000,9091431000,9091431000,7651000,7651000,7000,4000,4000,9091431000,390 UNDISTRIBUTED PENSION FUNDS,53 BOARD OF PENSIONS
2018,1,2,02 PURCHASE OF SERVICES,210,POSTAGE                             0210,390,53,43000,9091474000,9091474000,7694000,7694000,50000,89000,43000,9091474000,390 UNDISTRIBUTED PENSION FUNDS,53 BOARD OF PENSIONS
2018,1,2,02 PURCHASE OF SERVICES,210,POSTAGE                             0210,390,53,12000,9091486000,9091486000,7706000,7706000,62000,89000,55000,9091486000,390 UNDISTRIBUTED PENSION FUNDS,53 BOARD OF PENSIONS
2018,1,2,02 PURCHASE OF SERVICES,210,POSTAGE                             0210,390,53,34000,9091520000,9091520000,7740000,7740000,96000,89000,89000,9091520000,390 UNDISTRIBUTED PENSION FUNDS,53 BOARD OF PENSIONS
2018,1,2,02 PURCHASE OF SERVICES,211,TRANSPORTATION                      0211,390,53,5000,9091525000,9091525000,7745000,7745000,101000,10000,5000,9091525000,390 UNDISTRIBUTED PENSION FUNDS,53 BOARD OF PENSIONS
2018,1,2,02 PURCHASE OF SERVICES,211,TRANSPORTATION                      0211,390,53,5000,9091530000,9091530000,7750000,7750000,106000,10000,10000,9091530000,390 UNDISTRIBUTED PENSION FUNDS,53 BOARD OF PENSIONS
2018,1,2,02 PURCHASE OF SERVICES,216,COMMERCIAL OFF-SHELF COMP SOFTWARE  0216,390,53,10000,9091540000,9091540000,7760000,7760000,116000,10000,10000,9091540000,390 UNDISTRIBUTED PENSION FUNDS,53 BOARD OF PENSIONS
2018,1,2,02 PURCHASE OF SERVICES,250,PROFESSIONAL CONSULT/SPEC SERVICES  0250,390,53,485000,9092025000,9092025000,8245000,8245000,601000,485000,485000,9092025000,390 UNDISTRIBUTED PENSION FUNDS,53 BOARD OF PENSIONS
2018,1,2,02 PURCHASE OF SERVICES,251,INFORMATION TECHNOLOGY-PROF SERVICE 0251,390,53,372000,9092397000,9092397000,8617000,8617000,973000,597000,372000,9092397000,390 UNDISTRIBUTED PENSION FUNDS,53 BOARD OF PENSIONS
2018,1,2,02 PURCHASE OF SERVICES,251,INFORMATION TECHNOLOGY-PROF SERVICE 0251,390,53,225000,9092622000,9092622000,8842000,8842000,1198000,597000,597000,9092622000,390 UNDISTRIBUTED PENSION FUNDS,53 BOARD OF PENSIONS
2018,1,2,02 PURCHASE OF SERVICES,252,ACCOUNTING AND AUDITING SERVICES    0252,390,53,88000,9092710000,9092710000,8930000,8930000,1286000,88000,88000,9092710000,390 UNDISTRIBUTED PENSION FUNDS,53 BOARD OF PENSIONS
2018,1,2,02 PURCHASE OF SERVICES,253,LEGAL SERVICES                      0253,390,53,158000,9092868000,9092868000,9088000,9088000,1444000,158000,158000,9092868000,390 UNDISTRIBUTED PENSION FUNDS,53 BOARD OF PENSIONS
2018,1,2,02 PURCHASE OF SERVICES,255,DUES                                0255,390,53,1000,9092869000,9092869000,9089000,9089000,1445000,1000,1000,9092869000,390 UNDISTRIBUTED PENSION FUNDS,53 BOARD OF PENSIONS
2018,1,2,02 PURCHASE OF SERVICES,258,COURT REPORTERS                     0258,390,53,10000,9092879000,9092879000,9099000,9099000,1455000,10000,10000,9092879000,390 UNDISTRIBUTED PENSION FUNDS,53 BOARD OF PENSIONS
2018,1,2,02 PURCHASE OF SERVICES,260,REPAIR AND MAINTENANCE CHARGES      0260,390,53,5000,9092884000,9092884000,9104000,9104000,1460000,10000,5000,9092884000,390 UNDISTRIBUTED PENSION FUNDS,53 BOARD OF PENSIONS
2018,1,2,02 PURCHASE OF SERVICES,260,REPAIR AND MAINTENANCE CHARGES      0260,390,53,1000,9092885000,9092885000,9105000,9105000,1461000,10000,6000,9092885000,390 UNDISTRIBUTED PENSION FUNDS,53 BOARD OF PENSIONS
2018,1,2,02 PURCHASE OF SERVICES,260,REPAIR AND MAINTENANCE CHARGES      0260,390,53,4000,9092889000,9092889000,9109000,9109000,1465000,10000,10000,9092889000,390 UNDISTRIBUTED PENSION FUNDS,53 BOARD OF PENSIONS
2018,1,2,02 PURCHASE OF SERVICES,266,MAINT/SUPPORT-COMPUTR HARDWARE/SOFT 0266,390,53,1000,9092890000,9092890000,9110000,9110000,1466000,3000,1000,9092890000,390 UNDISTRIBUTED PENSION FUNDS,53 BOARD OF PENSIONS
2018,1,2,02 PURCHASE OF SERVICES,266,MAINT/SUPPORT-COMPUTR HARDWARE/SOFT 0266,390,53,1000,9092891000,9092891000,9111000,9111000,1467000,3000,2000,9092891000,390 UNDISTRIBUTED PENSION FUNDS,53 BOARD OF PENSIONS
2018,1,2,02 PURCHASE OF SERVICES,266,MAINT/SUPPORT-COMPUTR HARDWARE/SOFT 0266,390,53,1000,9092892000,9092892000,9112000,9112000,1468000,3000,3000,9092892000,390 UNDISTRIBUTED PENSION FUNDS,53 BOARD OF PENSIONS
2018,1,2,02 PURCHASE OF SERVICES,281,LEASE PAYMENTS-PHILA MUNICIPAL AUTH 0281,390,53,383000,9093275000,9093275000,9495000,9495000,1851000,798000,383000,9093275000,390 UNDISTRIBUTED PENSION FUNDS,53 BOARD OF PENSIONS
2018,1,2,02 PURCHASE OF SERVICES,281,LEASE PAYMENTS-PHILA MUNICIPAL AUTH 0281,390,53,295000,9093570000,9093570000,9790000,9790000,2146000,798000,678000,9093570000,390 UNDISTRIBUTED PENSION FUNDS,53 BOARD OF PENSIONS
2018,1,2,02 PURCHASE OF SERVICES,281,LEASE PAYMENTS-PHILA MUNICIPAL AUTH 0281,390,53,120000,9093690000,9093690000,9910000,9910000,2266000,798000,798000,9093690000,390 UNDISTRIBUTED PENSION FUNDS,53 BOARD OF PENSIONS
2018,1,2,02 PURCHASE OF SERVICES,285,RENTS                               0285,390,53,1000,9093691000,9093691000,9911000,9911000,2267000,1000,1000,9093691000,390 UNDISTRIBUTED PENSION FUNDS,53 BOARD OF PENSIONS
2018,1,3,03 MATERIALS AND SUPPLIES,304,BOOKS AND OTHER PUBLICATIONS        0304,390,53,2000,9093693000,9093693000,9913000,9913000,2000,3000,2000,9093693000,390 UNDISTRIBUTED PENSION FUNDS,53 BOARD OF PENSIONS
2018,1,3,03 MATERIALS AND SUPPLIES,304,BOOKS AND OTHER PUBLICATIONS        0304,390,53,1000,9093694000,9093694000,9914000,9914000,3000,3000,3000,9093694000,390 UNDISTRIBUTED PENSION FUNDS,53 BOARD OF PENSIONS
2018,1,3,03 MATERIALS AND SUPPLIES,313,FOOD                                0313,390,53,6000,9093700000,9093700000,9920000,9920000,9000,6000,6000,9093700000,390 UNDISTRIBUTED PENSION FUNDS,53 BOARD OF PENSIONS
2018,1,3,03 MATERIALS AND SUPPLIES,316,GENERAL HARDWARE AND MINOR TOOLS    0316,390,53,1000,9093701000,9093701000,9921000,9921000,10000,1000,1000,9093701000,390 UNDISTRIBUTED PENSION FUNDS,53 BOARD OF PENSIONS
2018,1,3,03 MATERIALS AND SUPPLIES,320,OFFICE MATERIALS AND SUPPLIES       0320,390,53,15000,9093716000,9093716000,9936000,9936000,25000,30000,15000,9093716000,390 UNDISTRIBUTED PENSION FUNDS,53 BOARD OF PENSIONS
2018,1,3,03 MATERIALS AND SUPPLIES,320,OFFICE MATERIALS AND SUPPLIES       0320,390,53,4000,9093720000,9093720000,9940000,9940000,29000,30000,19000,9093720000,390 UNDISTRIBUTED PENSION FUNDS,53 BOARD OF PENSIONS
2018,1,3,03 MATERIALS AND SUPPLIES,320,OFFICE MATERIALS AND SUPPLIES       0320,390,53,11000,9093731000,9093731000,9951000,9951000,40000,30000,30000,9093731000,390 UNDISTRIBUTED PENSION FUNDS,53 BOARD OF PENSIONS
2018,1,3,03 MATERIALS AND SUPPLIES,324,"PRECISION, PHOTOGRAPHIC AND ARTISTS 0324",390,53,10000,9093741000,9093741000,9961000,9961000,50000,10000,10000,9093741000,390 UNDISTRIBUTED PENSION FUNDS,53 BOARD OF PENSIONS
2018,1,3,03 MATERIALS AND SUPPLIES,325,PRINTING                            0325,390,53,75000,9093816000,9093816000,10036000,10036000,125000,75000,75000,9093816000,390 UNDISTRIBUTED PENSION FUNDS,53 BOARD OF PENSIONS
2018,1,4,04 EQUIPMENT,420,OFFICE EQUIPMENT                    0420,390,53,2000,9093818000,9093818000,10038000,10038000,2000,6000,2000,9093818000,390 UNDISTRIBUTED PENSION FUNDS,53 BOARD OF PENSIONS
2018,1,4,04 EQUIPMENT,420,OFFICE EQUIPMENT                    0420,390,53,2000,9093820000,9093820000,10040000,10040000,4000,6000,4000,9093820000,390 UNDISTRIBUTED PENSION FUNDS,53 BOARD OF PENSIONS
2018,1,4,04 EQUIPMENT,420,OFFICE EQUIPMENT                    0420,390,53,2000,9093822000,9093822000,10042000,10042000,6000,6000,6000,9093822000,390 UNDISTRIBUTED PENSION FUNDS,53 BOARD OF PENSIONS
2018,1,4,04 EQUIPMENT,427,COMPUTER EQUIPMENT & PERIPHERALS    0427,390,53,2000,9093824000,9093824000,10044000,10044000,8000,5000,2000,9093824000,390 UNDISTRIBUTED PENSION FUNDS,53 BOARD OF PENSIONS
2018,1,4,04 EQUIPMENT,427,COMPUTER EQUIPMENT & PERIPHERALS    0427,390,53,1000,9093825000,9093825000,10045000,10045000,9000,5000,3000,9093825000,390 UNDISTRIBUTED PENSION FUNDS,53 BOARD OF PENSIONS
2018,1,4,04 EQUIPMENT,427,COMPUTER EQUIPMENT & PERIPHERALS    0427,390,53,2000,9093827000,9093827000,10047000,10047000,11000,5000,5000,9093827000,390 UNDISTRIBUTED PENSION FUNDS,53 BOARD OF PENSIONS
2018,1,4,04 EQUIPMENT,430,FURNITURE AND FURNISHINGS           0430,390,53,1000,9093828000,9093828000,10048000,10048000,12000,2000,1000,9093828000,390 UNDISTRIBUTED PENSION FUNDS,53 BOARD OF PENSIONS
2018,1,4,04 EQUIPMENT,430,FURNITURE AND FURNISHINGS           0430,390,53,1000,9093829000,9093829000,10049000,10049000,13000,2000,2000,9093829000,390 UNDISTRIBUTED PENSION FUNDS,53 BOARD OF PENSIONS
2018,1,8,08 PAYMENTS TO OTHER FUNDS,801,PAYMENTS TO GENERAL FUND            0801,390,53,125000,9093954000,9093954000,10174000,10174000,125000,125000,125000,9093954000,390 UNDISTRIBUTED PENSION FUNDS,53 BOARD OF PENSIONS
2018,1,8,08 PAYMENTS TO OTHER FUNDS,801,PAYMENTS TO GENERAL FUND            0801,690,28,4000000,9097954000,9097954000,4000000,4000000,4000000,4000000,4000000,9097954000,690 WATER RESIDUAL FUND,28 WATER
2018,1,8,08 PAYMENTS TO OTHER FUNDS,804,PAYMENTS TO CAPITAL PROJECTS FUND   0804,690,28,33000000,9130954000,9130954000,37000000,37000000,37000000,33000000,33000000,9130954000,690 WATER RESIDUAL FUND,28 WATER
